store_domain,product_id,product_name,product_type,vendor,variant_id,size,sku,price,available,availability_status,exact_quantity_left,product_url
https://cavaathleisure.com,10482425561404,Plum Cotton Flared Leggings,Flare Pants,CAVA Athleisure Pvt Ltd,54354879447356,XS,WFP6221PUXS,1599.00,True,Available,44,https://cavaathleisure.com/products/plum-cotton-flared-leggings
https://cavaathleisure.com,10482425561404,Plum Cotton Flared Leggings,Flare Pants,CAVA Athleisure Pvt Ltd,54354879480124,S,WFP6221PUS,1599.00,True,Available,93,https://cavaathleisure.com/products/plum-cotton-flared-leggings
https://cavaathleisure.com,10482425561404,Plum Cotton Flared Leggings,Flare Pants,CAVA Athleisure Pvt Ltd,54354879512892,M,WFP6221PUM,1599.00,True,Available,82,https://cavaathleisure.com/products/plum-cotton-flared-leggings
https://cavaathleisure.com,10482425561404,Plum Cotton Flared Leggings,Flare Pants,CAVA Athleisure Pvt Ltd,54354879545660,L,WFP6221PUL,1599.00,True,Available,98,https://cavaathleisure.com/products/plum-cotton-flared-leggings
https://cavaathleisure.com,10482425561404,Plum Cotton Flared Leggings,Flare Pants,CAVA Athleisure Pvt Ltd,54354879578428,XL,WFP6221PUXL,1599.00,True,Available,58,https://cavaathleisure.com/products/plum-cotton-flared-leggings
https://cavaathleisure.com,10482425561404,Plum Cotton Flared Leggings,Flare Pants,CAVA Athleisure Pvt Ltd,54354879611196,XXL,WFP6221PUXXL,1599.00,True,Available,29,https://cavaathleisure.com/products/plum-cotton-flared-leggings
https://cavaathleisure.com,10482193367356,Ivory Everywear Leisure Tee,Men's T-shirts,CAVA Athleisure Pvt Ltd,54353915445564,S,MTS1422WHS,699.00,True,Available,101,https://cavaathleisure.com/products/ivory-everywear-leisure-tee
https://cavaathleisure.com,10482193367356,Ivory Everywear Leisure Tee,Men's T-shirts,CAVA Athleisure Pvt Ltd,54353915478332,M,MTS1422WHM,699.00,True,Available,150,https://cavaathleisure.com/products/ivory-everywear-leisure-tee
https://cavaathleisure.com,10482193367356,Ivory Everywear Leisure Tee,Men's T-shirts,CAVA Athleisure Pvt Ltd,54353915511100,L,MTS1422WHL,699.00,True,Available,115,https://cavaathleisure.com/products/ivory-everywear-leisure-tee
https://cavaathleisure.com,10482193367356,Ivory Everywear Leisure Tee,Men's T-shirts,CAVA Athleisure Pvt Ltd,54353915543868,XL,MTS1422WHXL,699.00,True,Available,51,https://cavaathleisure.com/products/ivory-everywear-leisure-tee
https://cavaathleisure.com,10482193367356,Ivory Everywear Leisure Tee,Men's T-shirts,CAVA Athleisure Pvt Ltd,54353915576636,XXL,MTS1422WHXXL,699.00,True,Available,27,https://cavaathleisure.com/products/ivory-everywear-leisure-tee
https://cavaathleisure.com,10482244813116,Ivory Cotton Leisure Shorts,Men's T-shirts,CAVA Athleisure Pvt Ltd,54354194334012,S,MSH1622WHS,799.00,True,Available,52,https://cavaathleisure.com/products/ivory-cotton-leisure-shorts
https://cavaathleisure.com,10482244813116,Ivory Cotton Leisure Shorts,Men's T-shirts,CAVA Athleisure Pvt Ltd,54354194366780,M,MSH1622WHM,799.00,True,Available,167,https://cavaathleisure.com/products/ivory-cotton-leisure-shorts
https://cavaathleisure.com,10482244813116,Ivory Cotton Leisure Shorts,Men's T-shirts,CAVA Athleisure Pvt Ltd,54354194399548,L,MSH1622WHL,799.00,True,Available,89,https://cavaathleisure.com/products/ivory-cotton-leisure-shorts
https://cavaathleisure.com,10482244813116,Ivory Cotton Leisure Shorts,Men's T-shirts,CAVA Athleisure Pvt Ltd,54354194432316,XL,MSH1622WHXL,799.00,True,Available,64,https://cavaathleisure.com/products/ivory-cotton-leisure-shorts
https://cavaathleisure.com,10482244813116,Ivory Cotton Leisure Shorts,Men's T-shirts,CAVA Athleisure Pvt Ltd,54354194465084,XXL,MSH1622WHXXL,799.00,True,Available,43,https://cavaathleisure.com/products/ivory-cotton-leisure-shorts
https://cavaathleisure.com,10482237702460,Grey Melange Cotton Leisure Shorts,Men's T-shirts,CAVA Athleisure Pvt Ltd,54354168709436,S,MSH1622GMLS,799.00,True,Available,63,https://cavaathleisure.com/products/grey-melange-cotton-leisure-shorts
https://cavaathleisure.com,10482237702460,Grey Melange Cotton Leisure Shorts,Men's T-shirts,CAVA Athleisure Pvt Ltd,54354168742204,M,MSH1622GMLM,799.00,True,Available,189,https://cavaathleisure.com/products/grey-melange-cotton-leisure-shorts
https://cavaathleisure.com,10482237702460,Grey Melange Cotton Leisure Shorts,Men's T-shirts,CAVA Athleisure Pvt Ltd,54354168774972,L,MSH1622GMLL,799.00,True,Available,105,https://cavaathleisure.com/products/grey-melange-cotton-leisure-shorts
https://cavaathleisure.com,10482237702460,Grey Melange Cotton Leisure Shorts,Men's T-shirts,CAVA Athleisure Pvt Ltd,54354168807740,XL,MSH1622GMLXL,799.00,True,Available,74,https://cavaathleisure.com/products/grey-melange-cotton-leisure-shorts
https://cavaathleisure.com,10482237702460,Grey Melange Cotton Leisure Shorts,Men's T-shirts,CAVA Athleisure Pvt Ltd,54354168840508,XXL,MSH1622GMLXXL,799.00,True,Available,59,https://cavaathleisure.com/products/grey-melange-cotton-leisure-shorts
https://cavaathleisure.com,10482425364796,Navy Cotton Flared Leggings,Flare Pants,CAVA Athleisure Pvt Ltd,54354878300476,XS,WFP6221NYXS,1599.00,True,Available,44,https://cavaathleisure.com/products/navy-cotton-flared-leggings
https://cavaathleisure.com,10482425364796,Navy Cotton Flared Leggings,Flare Pants,CAVA Athleisure Pvt Ltd,54354878333244,S,WFP6221NYS,1599.00,True,Available,107,https://cavaathleisure.com/products/navy-cotton-flared-leggings
https://cavaathleisure.com,10482425364796,Navy Cotton Flared Leggings,Flare Pants,CAVA Athleisure Pvt Ltd,54354878366012,M,WFP6221NYM,1599.00,True,Available,131,https://cavaathleisure.com/products/navy-cotton-flared-leggings
https://cavaathleisure.com,10482425364796,Navy Cotton Flared Leggings,Flare Pants,CAVA Athleisure Pvt Ltd,54354878398780,L,WFP6221NYL,1599.00,True,Available,105,https://cavaathleisure.com/products/navy-cotton-flared-leggings
https://cavaathleisure.com,10482425364796,Navy Cotton Flared Leggings,Flare Pants,CAVA Athleisure Pvt Ltd,54354878431548,XL,WFP6221NYXL,1599.00,True,Available,62,https://cavaathleisure.com/products/navy-cotton-flared-leggings
https://cavaathleisure.com,10482425364796,Navy Cotton Flared Leggings,Flare Pants,CAVA Athleisure Pvt Ltd,54354878464316,XXL,WFP6221NYXXL,1599.00,True,Available,30,https://cavaathleisure.com/products/navy-cotton-flared-leggings
https://cavaathleisure.com,10481023320380,Purple Contour Flared Leggings,Flare Pants,CAVA Athleisure Pvt Ltd,54348276793660,XS,WFP3720PUXS,1399.00,True,Available,72,https://cavaathleisure.com/products/purple-contour-flared-leggings
https://cavaathleisure.com,10481023320380,Purple Contour Flared Leggings,Flare Pants,CAVA Athleisure Pvt Ltd,54348276826428,S,WFP3720PUS,1399.00,True,Available,96,https://cavaathleisure.com/products/purple-contour-flared-leggings
https://cavaathleisure.com,10481023320380,Purple Contour Flared Leggings,Flare Pants,CAVA Athleisure Pvt Ltd,54348276859196,M,WFP3720PUM,1399.00,True,Available,171,https://cavaathleisure.com/products/purple-contour-flared-leggings
https://cavaathleisure.com,10481023320380,Purple Contour Flared Leggings,Flare Pants,CAVA Athleisure Pvt Ltd,54348276891964,L,WFP3720PUL,1399.00,True,Available,122,https://cavaathleisure.com/products/purple-contour-flared-leggings
https://cavaathleisure.com,10481023320380,Purple Contour Flared Leggings,Flare Pants,CAVA Athleisure Pvt Ltd,54348276924732,XL,WFP3720PUXL,1399.00,True,Available,52,https://cavaathleisure.com/products/purple-contour-flared-leggings
https://cavaathleisure.com,10481023320380,Purple Contour Flared Leggings,Flare Pants,CAVA Athleisure Pvt Ltd,54348276957500,XXL,WFP3720PUXXL,1399.00,True,Available,37,https://cavaathleisure.com/products/purple-contour-flared-leggings
https://cavaathleisure.com,10481041932604,Teal Contour Flared Leggings,Flare Pants,CAVA Athleisure Pvt Ltd,54348358877500,XS,WFP3720GRXS,1399.00,True,Available,60,https://cavaathleisure.com/products/teal-contour-flared-leggings
https://cavaathleisure.com,10481041932604,Teal Contour Flared Leggings,Flare Pants,CAVA Athleisure Pvt Ltd,54348358910268,S,WFP3720GRS,1399.00,True,Available,105,https://cavaathleisure.com/products/teal-contour-flared-leggings
https://cavaathleisure.com,10481041932604,Teal Contour Flared Leggings,Flare Pants,CAVA Athleisure Pvt Ltd,54348358943036,M,WFP3720GRM,1399.00,True,Available,166,https://cavaathleisure.com/products/teal-contour-flared-leggings
https://cavaathleisure.com,10481041932604,Teal Contour Flared Leggings,Flare Pants,CAVA Athleisure Pvt Ltd,54348358975804,L,WFP3720GRL,1399.00,True,Available,116,https://cavaathleisure.com/products/teal-contour-flared-leggings
https://cavaathleisure.com,10481041932604,Teal Contour Flared Leggings,Flare Pants,CAVA Athleisure Pvt Ltd,54348359008572,XL,WFP3720GRXL,1399.00,True,Available,53,https://cavaathleisure.com/products/teal-contour-flared-leggings
https://cavaathleisure.com,10481041932604,Teal Contour Flared Leggings,Flare Pants,CAVA Athleisure Pvt Ltd,54348359041340,XXL,WFP3720GRXXL,1399.00,True,Available,35,https://cavaathleisure.com/products/teal-contour-flared-leggings
https://cavaathleisure.com,10468450074940,Pink Studio Gym Bag,Accessories,CAVA Athleisure Pvt Ltd,54021287706940,One size,WAC10923PNFREE,1699.00,True,Available,451,https://cavaathleisure.com/products/pink-studio-gym-bag
https://cavaathleisure.com,10468449648956,Ivory Studio Gym Bag,Accessories,CAVA Athleisure Pvt Ltd,54021285249340,One size,WAC10923WHFREE,1699.00,True,Available,403,https://cavaathleisure.com/products/ivory-studio-gym-bag
https://cavaathleisure.com,10468428939580,Black Studio Gym Bag,Accessories,CAVA Athleisure Pvt Ltd,54021253136700,One size,WAC10923BKFREE,1699.00,True,Available,451,https://cavaathleisure.com/products/black-studio-gym-bag
https://cavaathleisure.com,10468449354044,Blue Studio Gym Bag,Accessories,CAVA Athleisure Pvt Ltd,54021284233532,One size,WAC10923BLFREE,1699.00,True,Available,456,https://cavaathleisure.com/products/blue-studio-gym-bag
https://cavaathleisure.com,10468986749244,Black Polka Ruched Capri,Women Bottomwear,CAVA Athleisure Pvt Ltd,54023305003324,XS,WLG13417BKXS,1899.00,False,Sold Out,0,https://cavaathleisure.com/products/black-polka-ruched-capri
https://cavaathleisure.com,10468986749244,Black Polka Ruched Capri,Women Bottomwear,CAVA Athleisure Pvt Ltd,54023305036092,S,WLG13417BKS,1899.00,False,Sold Out,0,https://cavaathleisure.com/products/black-polka-ruched-capri
https://cavaathleisure.com,10468986749244,Black Polka Ruched Capri,Women Bottomwear,CAVA Athleisure Pvt Ltd,54023305068860,M,WLG13417BKM,1899.00,False,Sold Out,0,https://cavaathleisure.com/products/black-polka-ruched-capri
https://cavaathleisure.com,10468986749244,Black Polka Ruched Capri,Women Bottomwear,CAVA Athleisure Pvt Ltd,54023305101628,L,WLG13417BKL,1899.00,False,Sold Out,0,https://cavaathleisure.com/products/black-polka-ruched-capri
https://cavaathleisure.com,10468986749244,Black Polka Ruched Capri,Women Bottomwear,CAVA Athleisure Pvt Ltd,54023305134396,XL,WLG13417BKXL,1899.00,False,Sold Out,0,https://cavaathleisure.com/products/black-polka-ruched-capri
https://cavaathleisure.com,10468986749244,Black Polka Ruched Capri,Women Bottomwear,CAVA Athleisure Pvt Ltd,54023305167164,XXL,WLG13417BKXXL,1899.00,False,Sold Out,0,https://cavaathleisure.com/products/black-polka-ruched-capri
https://cavaathleisure.com,10468984848700,Berry Ruched Capri,Women Bottomwear,CAVA Athleisure Pvt Ltd,54023302152508,XS,WLG13417RDXS,1899.00,False,Sold Out,0,https://cavaathleisure.com/products/berry-ruched-capri
https://cavaathleisure.com,10468984848700,Berry Ruched Capri,Women Bottomwear,CAVA Athleisure Pvt Ltd,54023302185276,S,WLG13417RDS,1899.00,False,Sold Out,0,https://cavaathleisure.com/products/berry-ruched-capri
https://cavaathleisure.com,10468984848700,Berry Ruched Capri,Women Bottomwear,CAVA Athleisure Pvt Ltd,54023302218044,M,WLG13417RDM,1899.00,False,Sold Out,0,https://cavaathleisure.com/products/berry-ruched-capri
https://cavaathleisure.com,10468984848700,Berry Ruched Capri,Women Bottomwear,CAVA Athleisure Pvt Ltd,54023302250812,L,WLG13417RDL,1899.00,False,Sold Out,0,https://cavaathleisure.com/products/berry-ruched-capri
https://cavaathleisure.com,10468984848700,Berry Ruched Capri,Women Bottomwear,CAVA Athleisure Pvt Ltd,54023302283580,XL,WLG13417RDXL,1899.00,True,Available,2,https://cavaathleisure.com/products/berry-ruched-capri
https://cavaathleisure.com,10468984848700,Berry Ruched Capri,Women Bottomwear,CAVA Athleisure Pvt Ltd,54023302316348,XXL,WLG13417RDXXL,1899.00,True,Available,3,https://cavaathleisure.com/products/berry-ruched-capri
https://cavaathleisure.com,10468425924924,Blush Lace Off-Shoulder Top,Women Topwear,CAVA Athleisure Pvt Ltd,54021238784316,XS,WTP16517PNXS,1799.00,False,Sold Out,0,https://cavaathleisure.com/products/blush-lace-off-shoulder-top
https://cavaathleisure.com,10468425924924,Blush Lace Off-Shoulder Top,Women Topwear,CAVA Athleisure Pvt Ltd,54021238817084,S,WTP16517PNS,1799.00,True,Available,10,https://cavaathleisure.com/products/blush-lace-off-shoulder-top
https://cavaathleisure.com,10468425924924,Blush Lace Off-Shoulder Top,Women Topwear,CAVA Athleisure Pvt Ltd,54021238849852,M,WTP16517PNM,1799.00,True,Available,24,https://cavaathleisure.com/products/blush-lace-off-shoulder-top
https://cavaathleisure.com,10468425924924,Blush Lace Off-Shoulder Top,Women Topwear,CAVA Athleisure Pvt Ltd,54021238882620,L,WTP16517PNL,1799.00,True,Available,14,https://cavaathleisure.com/products/blush-lace-off-shoulder-top
https://cavaathleisure.com,10468425924924,Blush Lace Off-Shoulder Top,Women Topwear,CAVA Athleisure Pvt Ltd,54021238915388,XL,WTP16517PNXL,1799.00,True,Available,8,https://cavaathleisure.com/products/blush-lace-off-shoulder-top
https://cavaathleisure.com,10468425924924,Blush Lace Off-Shoulder Top,Women Topwear,CAVA Athleisure Pvt Ltd,54021238948156,XXL,WTP16517PNXXL,1799.00,True,Available,1,https://cavaathleisure.com/products/blush-lace-off-shoulder-top
https://cavaathleisure.com,10468426121532,Ivory Lace Off-Shoulder Top,Women Topwear,CAVA Athleisure Pvt Ltd,54021239767356,XS,WTP16517WHXS,1799.00,False,Sold Out,0,https://cavaathleisure.com/products/ivory-lace-off-shoulder-top
https://cavaathleisure.com,10468426121532,Ivory Lace Off-Shoulder Top,Women Topwear,CAVA Athleisure Pvt Ltd,54021239800124,S,WTP16517WHS,1799.00,False,Sold Out,0,https://cavaathleisure.com/products/ivory-lace-off-shoulder-top
https://cavaathleisure.com,10468426121532,Ivory Lace Off-Shoulder Top,Women Topwear,CAVA Athleisure Pvt Ltd,54021239832892,M,WTP16517WHM,1799.00,False,Sold Out,0,https://cavaathleisure.com/products/ivory-lace-off-shoulder-top
https://cavaathleisure.com,10468426121532,Ivory Lace Off-Shoulder Top,Women Topwear,CAVA Athleisure Pvt Ltd,54021239865660,L,WTP16517WHL,1799.00,False,Sold Out,0,https://cavaathleisure.com/products/ivory-lace-off-shoulder-top
https://cavaathleisure.com,10468426121532,Ivory Lace Off-Shoulder Top,Women Topwear,CAVA Athleisure Pvt Ltd,54021239898428,XL,WTP16517WHXL,1799.00,True,Available,7,https://cavaathleisure.com/products/ivory-lace-off-shoulder-top
https://cavaathleisure.com,10468426121532,Ivory Lace Off-Shoulder Top,Women Topwear,CAVA Athleisure Pvt Ltd,54021239931196,XXL,WTP16517WHXXL,1799.00,False,Sold Out,0,https://cavaathleisure.com/products/ivory-lace-off-shoulder-top
https://cavaathleisure.com,10468425728316,Blue  Lace Off-Shoulder Top,Women Topwear,CAVA Athleisure Pvt Ltd,54021238391100,XS,WTP16517BLXS,1799.00,False,Sold Out,0,https://cavaathleisure.com/products/blue-lace-off-shoulder-top
https://cavaathleisure.com,10468425728316,Blue  Lace Off-Shoulder Top,Women Topwear,CAVA Athleisure Pvt Ltd,54021238423868,S,WTP16517BLS,1799.00,True,Available,14,https://cavaathleisure.com/products/blue-lace-off-shoulder-top
https://cavaathleisure.com,10468425728316,Blue  Lace Off-Shoulder Top,Women Topwear,CAVA Athleisure Pvt Ltd,54021238456636,M,WTP16517BLM,1799.00,True,Available,40,https://cavaathleisure.com/products/blue-lace-off-shoulder-top
https://cavaathleisure.com,10468425728316,Blue  Lace Off-Shoulder Top,Women Topwear,CAVA Athleisure Pvt Ltd,54021238489404,L,WTP16517BLL,1799.00,True,Available,14,https://cavaathleisure.com/products/blue-lace-off-shoulder-top
https://cavaathleisure.com,10468425728316,Blue  Lace Off-Shoulder Top,Women Topwear,CAVA Athleisure Pvt Ltd,54021238522172,XL,WTP16517BLXL,1799.00,True,Available,10,https://cavaathleisure.com/products/blue-lace-off-shoulder-top
https://cavaathleisure.com,10468425728316,Blue  Lace Off-Shoulder Top,Women Topwear,CAVA Athleisure Pvt Ltd,54021238554940,XXL,WTP16517BLXXL,1799.00,True,Available,1,https://cavaathleisure.com/products/blue-lace-off-shoulder-top
https://cavaathleisure.com,10468425335100,Berry Lace Off-Shoulder Top,Women Topwear,CAVA Athleisure Pvt Ltd,54021237768508,XS,WTP16517RDXS,1799.00,True,Available,3,https://cavaathleisure.com/products/berry-lace-off-shoulder-top
https://cavaathleisure.com,10468425335100,Berry Lace Off-Shoulder Top,Women Topwear,CAVA Athleisure Pvt Ltd,54021237801276,S,WTP16517RDS,1799.00,True,Available,30,https://cavaathleisure.com/products/berry-lace-off-shoulder-top
https://cavaathleisure.com,10468425335100,Berry Lace Off-Shoulder Top,Women Topwear,CAVA Athleisure Pvt Ltd,54021237834044,M,WTP16517RDM,1799.00,True,Available,30,https://cavaathleisure.com/products/berry-lace-off-shoulder-top
https://cavaathleisure.com,10468425335100,Berry Lace Off-Shoulder Top,Women Topwear,CAVA Athleisure Pvt Ltd,54021237866812,L,WTP16517RDL,1799.00,True,Available,19,https://cavaathleisure.com/products/berry-lace-off-shoulder-top
https://cavaathleisure.com,10468425335100,Berry Lace Off-Shoulder Top,Women Topwear,CAVA Athleisure Pvt Ltd,54021237899580,XL,WTP16517RDXL,1799.00,True,Available,16,https://cavaathleisure.com/products/berry-lace-off-shoulder-top
https://cavaathleisure.com,10468425335100,Berry Lace Off-Shoulder Top,Women Topwear,CAVA Athleisure Pvt Ltd,54021237932348,XXL,WTP16517RDXXL,1799.00,True,Available,14,https://cavaathleisure.com/products/berry-lace-off-shoulder-top
https://cavaathleisure.com,10468408000828,Berry Ruched Snug Leggings,Women Topwear,CAVA Athleisure Pvt Ltd,54021186519356,XS,WLG9917RDXS,1999.00,False,Sold Out,0,https://cavaathleisure.com/products/berry-ruched-snug-leggings
https://cavaathleisure.com,10468408000828,Berry Ruched Snug Leggings,Women Topwear,CAVA Athleisure Pvt Ltd,54021186552124,S,WLG9917RDS,1999.00,True,Available,99,https://cavaathleisure.com/products/berry-ruched-snug-leggings
https://cavaathleisure.com,10468408000828,Berry Ruched Snug Leggings,Women Topwear,CAVA Athleisure Pvt Ltd,54021186584892,M,WLG9917RDM,1999.00,True,Available,234,https://cavaathleisure.com/products/berry-ruched-snug-leggings
https://cavaathleisure.com,10468408000828,Berry Ruched Snug Leggings,Women Topwear,CAVA Athleisure Pvt Ltd,54021186617660,L,WLG9917RDL,1999.00,True,Available,154,https://cavaathleisure.com/products/berry-ruched-snug-leggings
https://cavaathleisure.com,10468408000828,Berry Ruched Snug Leggings,Women Topwear,CAVA Athleisure Pvt Ltd,54021186650428,XL,WLG9917RDXL,1999.00,True,Available,75,https://cavaathleisure.com/products/berry-ruched-snug-leggings
https://cavaathleisure.com,10468408000828,Berry Ruched Snug Leggings,Women Topwear,CAVA Athleisure Pvt Ltd,54021186683196,XXL,WLG9917RDXXL,1999.00,True,Available,31,https://cavaathleisure.com/products/berry-ruched-snug-leggings
https://cavaathleisure.com,10468412686652,Black Polka Lace Off-Shoulder Top,Women Topwear,CAVA Athleisure Pvt Ltd,54021203231036,XS,WTP16517BKXS,1899.00,False,Sold Out,0,https://cavaathleisure.com/products/black-polka-lace-off-shoulder-top
https://cavaathleisure.com,10468412686652,Black Polka Lace Off-Shoulder Top,Women Topwear,CAVA Athleisure Pvt Ltd,54021203263804,S,WTP16517BKS,1899.00,False,Sold Out,0,https://cavaathleisure.com/products/black-polka-lace-off-shoulder-top
https://cavaathleisure.com,10468412686652,Black Polka Lace Off-Shoulder Top,Women Topwear,CAVA Athleisure Pvt Ltd,54021203296572,M,WTP16517BKM,1899.00,False,Sold Out,0,https://cavaathleisure.com/products/black-polka-lace-off-shoulder-top
https://cavaathleisure.com,10468412686652,Black Polka Lace Off-Shoulder Top,Women Topwear,CAVA Athleisure Pvt Ltd,54021203329340,L,WTP16517BKL,1899.00,True,Available,4,https://cavaathleisure.com/products/black-polka-lace-off-shoulder-top
https://cavaathleisure.com,10468412686652,Black Polka Lace Off-Shoulder Top,Women Topwear,CAVA Athleisure Pvt Ltd,54021203362108,XL,WTP16517BKXL,1899.00,False,Sold Out,0,https://cavaathleisure.com/products/black-polka-lace-off-shoulder-top
https://cavaathleisure.com,10468412686652,Black Polka Lace Off-Shoulder Top,Women Topwear,CAVA Athleisure Pvt Ltd,54021203394876,XXL,WTP16517BKXXL,1899.00,False,Sold Out,0,https://cavaathleisure.com/products/black-polka-lace-off-shoulder-top
https://cavaathleisure.com,10468408099132,Blush Ruched Snug Leggings,Women Bottomwear,CAVA Athleisure Pvt Ltd,54021186814268,XS,WLG9917PNXS,1999.00,True,Available,46,https://cavaathleisure.com/products/blush-ruched-snug-leggings
https://cavaathleisure.com,10468408099132,Blush Ruched Snug Leggings,Women Bottomwear,CAVA Athleisure Pvt Ltd,54021186847036,S,WLG9917PNS,1999.00,True,Available,178,https://cavaathleisure.com/products/blush-ruched-snug-leggings
https://cavaathleisure.com,10468408099132,Blush Ruched Snug Leggings,Women Bottomwear,CAVA Athleisure Pvt Ltd,54021186879804,M,WLG9917PNM,1999.00,True,Available,231,https://cavaathleisure.com/products/blush-ruched-snug-leggings
https://cavaathleisure.com,10468408099132,Blush Ruched Snug Leggings,Women Bottomwear,CAVA Athleisure Pvt Ltd,54021186912572,L,WLG9917PNL,1999.00,True,Available,147,https://cavaathleisure.com/products/blush-ruched-snug-leggings
https://cavaathleisure.com,10468408099132,Blush Ruched Snug Leggings,Women Bottomwear,CAVA Athleisure Pvt Ltd,54021186945340,XL,WLG9917PNXL,1999.00,True,Available,81,https://cavaathleisure.com/products/blush-ruched-snug-leggings
https://cavaathleisure.com,10468408099132,Blush Ruched Snug Leggings,Women Bottomwear,CAVA Athleisure Pvt Ltd,54021186978108,XXL,WLG9917PNXXL,1999.00,True,Available,56,https://cavaathleisure.com/products/blush-ruched-snug-leggings
https://cavaathleisure.com,10468404527420,Black Polka Ruched Snug Leggings,Women Bottomwear,CAVA Athleisure Pvt Ltd,54021163909436,XS,WLG9917PBKXS,2099.00,True,Available,20,https://cavaathleisure.com/products/black-polka-ruched-snug-leggings
https://cavaathleisure.com,10468404527420,Black Polka Ruched Snug Leggings,Women Bottomwear,CAVA Athleisure Pvt Ltd,54021164007740,S,WLG9917PBKS,2099.00,True,Available,20,https://cavaathleisure.com/products/black-polka-ruched-snug-leggings
https://cavaathleisure.com,10468404527420,Black Polka Ruched Snug Leggings,Women Bottomwear,CAVA Athleisure Pvt Ltd,54021164106044,M,WLG9917PBKM,2099.00,True,Available,11,https://cavaathleisure.com/products/black-polka-ruched-snug-leggings
https://cavaathleisure.com,10468404527420,Black Polka Ruched Snug Leggings,Women Bottomwear,CAVA Athleisure Pvt Ltd,54021164204348,L,WLG9917PBKL,2099.00,True,Available,1,https://cavaathleisure.com/products/black-polka-ruched-snug-leggings
https://cavaathleisure.com,10468404527420,Black Polka Ruched Snug Leggings,Women Bottomwear,CAVA Athleisure Pvt Ltd,54021164302652,XL,WLG9917PBKXL,2099.00,True,Available,1,https://cavaathleisure.com/products/black-polka-ruched-snug-leggings
https://cavaathleisure.com,10468404527420,Black Polka Ruched Snug Leggings,Women Bottomwear,CAVA Athleisure Pvt Ltd,54021164400956,XXL,WLG9917PBKXXL,2099.00,False,Sold Out,0,https://cavaathleisure.com/products/black-polka-ruched-snug-leggings
https://cavaathleisure.com,10468399219004,Blush Ruched Flared Leggings,Women Bottomwear,CAVA Athleisure Pvt Ltd,54021129404732,XS,WFP98P17PNXS,2299.00,True,Available,20,https://cavaathleisure.com/products/blush-ruched-flared-leggings
https://cavaathleisure.com,10468399219004,Blush Ruched Flared Leggings,Women Bottomwear,CAVA Athleisure Pvt Ltd,54021133074748,XS,WFP98T17PNXS,2299.00,True,Available,1,https://cavaathleisure.com/products/blush-ruched-flared-leggings
https://cavaathleisure.com,10468399219004,Blush Ruched Flared Leggings,Women Bottomwear,CAVA Athleisure Pvt Ltd,54021133107516,XS,WFP98EXT17PNXS,2299.00,True,Available,1,https://cavaathleisure.com/products/blush-ruched-flared-leggings
https://cavaathleisure.com,10468399219004,Blush Ruched Flared Leggings,Women Bottomwear,CAVA Athleisure Pvt Ltd,54021129437500,S,WFP98P17PNS,2299.00,True,Available,1,https://cavaathleisure.com/products/blush-ruched-flared-leggings
https://cavaathleisure.com,10468399219004,Blush Ruched Flared Leggings,Women Bottomwear,CAVA Athleisure Pvt Ltd,54021133140284,S,WFP98T17PNS,2299.00,True,Available,1,https://cavaathleisure.com/products/blush-ruched-flared-leggings
https://cavaathleisure.com,10468399219004,Blush Ruched Flared Leggings,Women Bottomwear,CAVA Athleisure Pvt Ltd,54021133173052,S,WFP98EXT17PNS,2299.00,True,Available,1,https://cavaathleisure.com/products/blush-ruched-flared-leggings
https://cavaathleisure.com,10468399219004,Blush Ruched Flared Leggings,Women Bottomwear,CAVA Athleisure Pvt Ltd,54021129470268,M,WFP98P17PNM,2299.00,True,Available,1,https://cavaathleisure.com/products/blush-ruched-flared-leggings
https://cavaathleisure.com,10468399219004,Blush Ruched Flared Leggings,Women Bottomwear,CAVA Athleisure Pvt Ltd,54021133205820,M,WFP98T17PNM,2299.00,True,Available,1,https://cavaathleisure.com/products/blush-ruched-flared-leggings
https://cavaathleisure.com,10468399219004,Blush Ruched Flared Leggings,Women Bottomwear,CAVA Athleisure Pvt Ltd,54021133238588,M,WFP98EXT17PNM,2299.00,True,Available,1,https://cavaathleisure.com/products/blush-ruched-flared-leggings
https://cavaathleisure.com,10468399219004,Blush Ruched Flared Leggings,Women Bottomwear,CAVA Athleisure Pvt Ltd,54021129503036,L,WFP98P17PNL,2299.00,True,Available,1,https://cavaathleisure.com/products/blush-ruched-flared-leggings
https://cavaathleisure.com,10468399219004,Blush Ruched Flared Leggings,Women Bottomwear,CAVA Athleisure Pvt Ltd,54021133271356,L,WFP98T17PNL,2299.00,True,Available,1,https://cavaathleisure.com/products/blush-ruched-flared-leggings
https://cavaathleisure.com,10468399219004,Blush Ruched Flared Leggings,Women Bottomwear,CAVA Athleisure Pvt Ltd,54021133304124,L,WFP98EXT17PNL,2299.00,True,Available,1,https://cavaathleisure.com/products/blush-ruched-flared-leggings
https://cavaathleisure.com,10468399219004,Blush Ruched Flared Leggings,Women Bottomwear,CAVA Athleisure Pvt Ltd,54021129535804,XL,WFP98P17PNXL,2299.00,True,Available,1,https://cavaathleisure.com/products/blush-ruched-flared-leggings
https://cavaathleisure.com,10468399219004,Blush Ruched Flared Leggings,Women Bottomwear,CAVA Athleisure Pvt Ltd,54021133336892,XL,WFP98T17PNXL,2299.00,True,Available,1,https://cavaathleisure.com/products/blush-ruched-flared-leggings
https://cavaathleisure.com,10468399219004,Blush Ruched Flared Leggings,Women Bottomwear,CAVA Athleisure Pvt Ltd,54021133369660,XL,WFP98EXT17PNXL,2299.00,True,Available,1,https://cavaathleisure.com/products/blush-ruched-flared-leggings
https://cavaathleisure.com,10468399219004,Blush Ruched Flared Leggings,Women Bottomwear,CAVA Athleisure Pvt Ltd,54021129568572,XXL,WFP98P17PNXXL,2299.00,True,Available,1,https://cavaathleisure.com/products/blush-ruched-flared-leggings
https://cavaathleisure.com,10468399219004,Blush Ruched Flared Leggings,Women Bottomwear,CAVA Athleisure Pvt Ltd,54021133402428,XXL,WFP98T17PNXXL,2299.00,True,Available,1,https://cavaathleisure.com/products/blush-ruched-flared-leggings
https://cavaathleisure.com,10468399219004,Blush Ruched Flared Leggings,Women Bottomwear,CAVA Athleisure Pvt Ltd,54021133435196,XXL,WFP98EXT17PNXXL,2299.00,True,Available,1,https://cavaathleisure.com/products/blush-ruched-flared-leggings
https://cavaathleisure.com,10468394860860,Blue Ruched Flared Leggings,Women Bottomwear,CAVA Athleisure Pvt Ltd,54021116756284,XS,WFP98P17BLXS,2299.00,True,Available,20,https://cavaathleisure.com/products/blue-ruched-flared-leggings
https://cavaathleisure.com,10468394860860,Blue Ruched Flared Leggings,Women Bottomwear,CAVA Athleisure Pvt Ltd,54021134582076,XS,WFP98T17BLXS,2299.00,True,Available,1,https://cavaathleisure.com/products/blue-ruched-flared-leggings
https://cavaathleisure.com,10468394860860,Blue Ruched Flared Leggings,Women Bottomwear,CAVA Athleisure Pvt Ltd,54021134614844,XS,WFP98EXT17BLXS,2299.00,True,Available,1,https://cavaathleisure.com/products/blue-ruched-flared-leggings
https://cavaathleisure.com,10468394860860,Blue Ruched Flared Leggings,Women Bottomwear,CAVA Athleisure Pvt Ltd,54021116789052,S,WFP98P17BLS,2299.00,True,Available,1,https://cavaathleisure.com/products/blue-ruched-flared-leggings
https://cavaathleisure.com,10468394860860,Blue Ruched Flared Leggings,Women Bottomwear,CAVA Athleisure Pvt Ltd,54021134647612,S,WFP98T17BLS,2299.00,True,Available,1,https://cavaathleisure.com/products/blue-ruched-flared-leggings
https://cavaathleisure.com,10468394860860,Blue Ruched Flared Leggings,Women Bottomwear,CAVA Athleisure Pvt Ltd,54021134680380,S,WFP98EXT17BLS,2299.00,True,Available,1,https://cavaathleisure.com/products/blue-ruched-flared-leggings
https://cavaathleisure.com,10468394860860,Blue Ruched Flared Leggings,Women Bottomwear,CAVA Athleisure Pvt Ltd,54021116821820,M,WFP98P17BLM,2299.00,True,Available,1,https://cavaathleisure.com/products/blue-ruched-flared-leggings
https://cavaathleisure.com,10468394860860,Blue Ruched Flared Leggings,Women Bottomwear,CAVA Athleisure Pvt Ltd,54021134713148,M,WFP98T17BLM,2299.00,True,Available,1,https://cavaathleisure.com/products/blue-ruched-flared-leggings
https://cavaathleisure.com,10468394860860,Blue Ruched Flared Leggings,Women Bottomwear,CAVA Athleisure Pvt Ltd,54021134745916,M,WFP98EXT17BLM,2299.00,True,Available,1,https://cavaathleisure.com/products/blue-ruched-flared-leggings
https://cavaathleisure.com,10468394860860,Blue Ruched Flared Leggings,Women Bottomwear,CAVA Athleisure Pvt Ltd,54021116854588,L,WFP98P17BLL,2299.00,True,Available,1,https://cavaathleisure.com/products/blue-ruched-flared-leggings
https://cavaathleisure.com,10468394860860,Blue Ruched Flared Leggings,Women Bottomwear,CAVA Athleisure Pvt Ltd,54021134778684,L,WFP98T17BLL,2299.00,True,Available,1,https://cavaathleisure.com/products/blue-ruched-flared-leggings
https://cavaathleisure.com,10468394860860,Blue Ruched Flared Leggings,Women Bottomwear,CAVA Athleisure Pvt Ltd,54021134811452,L,WFP98EXT17BLL,2299.00,True,Available,1,https://cavaathleisure.com/products/blue-ruched-flared-leggings
https://cavaathleisure.com,10468394860860,Blue Ruched Flared Leggings,Women Bottomwear,CAVA Athleisure Pvt Ltd,54021116887356,XL,WFP98P17BLXL,2299.00,True,Available,1,https://cavaathleisure.com/products/blue-ruched-flared-leggings
https://cavaathleisure.com,10468394860860,Blue Ruched Flared Leggings,Women Bottomwear,CAVA Athleisure Pvt Ltd,54021134844220,XL,WFP98T17BLXL,2299.00,True,Available,1,https://cavaathleisure.com/products/blue-ruched-flared-leggings
https://cavaathleisure.com,10468394860860,Blue Ruched Flared Leggings,Women Bottomwear,CAVA Athleisure Pvt Ltd,54021134876988,XL,WFP98EXT17BLXL,2299.00,True,Available,1,https://cavaathleisure.com/products/blue-ruched-flared-leggings
https://cavaathleisure.com,10468394860860,Blue Ruched Flared Leggings,Women Bottomwear,CAVA Athleisure Pvt Ltd,54021116920124,XXL,WFP98P17BLXXL,2299.00,True,Available,1,https://cavaathleisure.com/products/blue-ruched-flared-leggings
https://cavaathleisure.com,10468394860860,Blue Ruched Flared Leggings,Women Bottomwear,CAVA Athleisure Pvt Ltd,54021134909756,XXL,WFP98T17BLXXL,2299.00,True,Available,1,https://cavaathleisure.com/products/blue-ruched-flared-leggings
https://cavaathleisure.com,10468394860860,Blue Ruched Flared Leggings,Women Bottomwear,CAVA Athleisure Pvt Ltd,54021134942524,XXL,WFP98EXT17BLXXL,2299.00,True,Available,1,https://cavaathleisure.com/products/blue-ruched-flared-leggings
https://cavaathleisure.com,10468397711676,Berry Ruched Flared Leggings,Women Bottomwear,CAVA Athleisure Pvt Ltd,54021127110972,XS,WFP98P17RDXS,2299.00,True,Available,20,https://cavaathleisure.com/products/berry-ruched-flared-leggings
https://cavaathleisure.com,10468397711676,Berry Ruched Flared Leggings,Women Bottomwear,CAVA Athleisure Pvt Ltd,54021134090556,XS,WFP98T17RDXS,2299.00,True,Available,20,https://cavaathleisure.com/products/berry-ruched-flared-leggings
https://cavaathleisure.com,10468397711676,Berry Ruched Flared Leggings,Women Bottomwear,CAVA Athleisure Pvt Ltd,54021134123324,XS,WFP98EXT17RDXS,2299.00,True,Available,1,https://cavaathleisure.com/products/berry-ruched-flared-leggings
https://cavaathleisure.com,10468397711676,Berry Ruched Flared Leggings,Women Bottomwear,CAVA Athleisure Pvt Ltd,54021127143740,S,WFP98P17RDS,2299.00,True,Available,1,https://cavaathleisure.com/products/berry-ruched-flared-leggings
https://cavaathleisure.com,10468397711676,Berry Ruched Flared Leggings,Women Bottomwear,CAVA Athleisure Pvt Ltd,54021134156092,S,WFP98T17RDS,2299.00,True,Available,1,https://cavaathleisure.com/products/berry-ruched-flared-leggings
https://cavaathleisure.com,10468397711676,Berry Ruched Flared Leggings,Women Bottomwear,CAVA Athleisure Pvt Ltd,54021134188860,S,WFP98EXT17RDS,2299.00,True,Available,1,https://cavaathleisure.com/products/berry-ruched-flared-leggings
https://cavaathleisure.com,10468397711676,Berry Ruched Flared Leggings,Women Bottomwear,CAVA Athleisure Pvt Ltd,54021127176508,M,WFP98P17RDM,2299.00,True,Available,1,https://cavaathleisure.com/products/berry-ruched-flared-leggings
https://cavaathleisure.com,10468397711676,Berry Ruched Flared Leggings,Women Bottomwear,CAVA Athleisure Pvt Ltd,54021134221628,M,WFP98T17RDM,2299.00,True,Available,1,https://cavaathleisure.com/products/berry-ruched-flared-leggings
https://cavaathleisure.com,10468397711676,Berry Ruched Flared Leggings,Women Bottomwear,CAVA Athleisure Pvt Ltd,54021134254396,M,WFP98EXT17RDM,2299.00,True,Available,1,https://cavaathleisure.com/products/berry-ruched-flared-leggings
https://cavaathleisure.com,10468397711676,Berry Ruched Flared Leggings,Women Bottomwear,CAVA Athleisure Pvt Ltd,54021127209276,L,WFP98P17RDL,2299.00,True,Available,1,https://cavaathleisure.com/products/berry-ruched-flared-leggings
https://cavaathleisure.com,10468397711676,Berry Ruched Flared Leggings,Women Bottomwear,CAVA Athleisure Pvt Ltd,54021134287164,L,WFP98T17RDL,2299.00,True,Available,1,https://cavaathleisure.com/products/berry-ruched-flared-leggings
https://cavaathleisure.com,10468397711676,Berry Ruched Flared Leggings,Women Bottomwear,CAVA Athleisure Pvt Ltd,54021134319932,L,WFP98EXT17RDL,2299.00,True,Available,1,https://cavaathleisure.com/products/berry-ruched-flared-leggings
https://cavaathleisure.com,10468397711676,Berry Ruched Flared Leggings,Women Bottomwear,CAVA Athleisure Pvt Ltd,54021127242044,XL,WFP98P17RDXL,2299.00,True,Available,1,https://cavaathleisure.com/products/berry-ruched-flared-leggings
https://cavaathleisure.com,10468397711676,Berry Ruched Flared Leggings,Women Bottomwear,CAVA Athleisure Pvt Ltd,54021134352700,XL,WFP98T17RDXL,2299.00,True,Available,1,https://cavaathleisure.com/products/berry-ruched-flared-leggings
https://cavaathleisure.com,10468397711676,Berry Ruched Flared Leggings,Women Bottomwear,CAVA Athleisure Pvt Ltd,54021134385468,XL,WFP98EXT17RDXL,2299.00,True,Available,1,https://cavaathleisure.com/products/berry-ruched-flared-leggings
https://cavaathleisure.com,10468397711676,Berry Ruched Flared Leggings,Women Bottomwear,CAVA Athleisure Pvt Ltd,54021127274812,XXL,WFP98P17RDXXL,2299.00,True,Available,1,https://cavaathleisure.com/products/berry-ruched-flared-leggings
https://cavaathleisure.com,10468397711676,Berry Ruched Flared Leggings,Women Bottomwear,CAVA Athleisure Pvt Ltd,54021134418236,XXL,WFP98T17RDXXL,2299.00,True,Available,1,https://cavaathleisure.com/products/berry-ruched-flared-leggings
https://cavaathleisure.com,10468397711676,Berry Ruched Flared Leggings,Women Bottomwear,CAVA Athleisure Pvt Ltd,54021134451004,XXL,WFP98EXT17RDXXL,2299.00,True,Available,1,https://cavaathleisure.com/products/berry-ruched-flared-leggings
https://cavaathleisure.com,10462162387260,Ivory Lace Scoop Neck Top,Women Topwear,CAVA Athleisure Pvt Ltd,54008113037628,XS,WTP9517WHXS,1699.00,False,Sold Out,0,https://cavaathleisure.com/products/ivory-lace-scoop-neck-top
https://cavaathleisure.com,10462162387260,Ivory Lace Scoop Neck Top,Women Topwear,CAVA Athleisure Pvt Ltd,54008113070396,S,WTP9517WHS,1699.00,True,Available,1,https://cavaathleisure.com/products/ivory-lace-scoop-neck-top
https://cavaathleisure.com,10462162387260,Ivory Lace Scoop Neck Top,Women Topwear,CAVA Athleisure Pvt Ltd,54008113103164,M,WTP9517WHM,1699.00,True,Available,1,https://cavaathleisure.com/products/ivory-lace-scoop-neck-top
https://cavaathleisure.com,10462162387260,Ivory Lace Scoop Neck Top,Women Topwear,CAVA Athleisure Pvt Ltd,54008113135932,L,WTP9517WHL,1699.00,True,Available,1,https://cavaathleisure.com/products/ivory-lace-scoop-neck-top
https://cavaathleisure.com,10462162387260,Ivory Lace Scoop Neck Top,Women Topwear,CAVA Athleisure Pvt Ltd,54008113168700,XL,WTP9517WHXL,1699.00,True,Available,1,https://cavaathleisure.com/products/ivory-lace-scoop-neck-top
https://cavaathleisure.com,10462162387260,Ivory Lace Scoop Neck Top,Women Topwear,CAVA Athleisure Pvt Ltd,54008113201468,XXL,WTP9517WHXXL,1699.00,False,Sold Out,0,https://cavaathleisure.com/products/ivory-lace-scoop-neck-top
https://cavaathleisure.com,10462162878780,Blush Lace Scoop Neck Top,Women Topwear,CAVA Athleisure Pvt Ltd,54008113725756,XS,WTP9517PNXS,1699.00,True,Available,1,https://cavaathleisure.com/products/blush-lace-scoop-neck-top
https://cavaathleisure.com,10462162878780,Blush Lace Scoop Neck Top,Women Topwear,CAVA Athleisure Pvt Ltd,54008113758524,S,WTP9517PNS,1699.00,True,Available,1,https://cavaathleisure.com/products/blush-lace-scoop-neck-top
https://cavaathleisure.com,10462162878780,Blush Lace Scoop Neck Top,Women Topwear,CAVA Athleisure Pvt Ltd,54008113791292,M,WTP9517PNM,1699.00,True,Available,1,https://cavaathleisure.com/products/blush-lace-scoop-neck-top
https://cavaathleisure.com,10462162878780,Blush Lace Scoop Neck Top,Women Topwear,CAVA Athleisure Pvt Ltd,54008113824060,L,WTP9517PNL,1699.00,True,Available,1,https://cavaathleisure.com/products/blush-lace-scoop-neck-top
https://cavaathleisure.com,10462162878780,Blush Lace Scoop Neck Top,Women Topwear,CAVA Athleisure Pvt Ltd,54008113856828,XL,WTP9517PNXL,1699.00,True,Available,1,https://cavaathleisure.com/products/blush-lace-scoop-neck-top
https://cavaathleisure.com,10462162878780,Blush Lace Scoop Neck Top,Women Topwear,CAVA Athleisure Pvt Ltd,54008113889596,XXL,WTP9517PNXXL,1699.00,True,Available,1,https://cavaathleisure.com/products/blush-lace-scoop-neck-top
https://cavaathleisure.com,10462161994044,Berry Lace Scoop Neck Top,Women Topwear,CAVA Athleisure Pvt Ltd,54008112349500,XS,WTP9517RDXS,1699.00,True,Available,1,https://cavaathleisure.com/products/berry-lace-scoop-neck-top
https://cavaathleisure.com,10462161994044,Berry Lace Scoop Neck Top,Women Topwear,CAVA Athleisure Pvt Ltd,54008112382268,S,WTP9517RDS,1699.00,True,Available,1,https://cavaathleisure.com/products/berry-lace-scoop-neck-top
https://cavaathleisure.com,10462161994044,Berry Lace Scoop Neck Top,Women Topwear,CAVA Athleisure Pvt Ltd,54008112415036,M,WTP9517RDM,1699.00,True,Available,1,https://cavaathleisure.com/products/berry-lace-scoop-neck-top
https://cavaathleisure.com,10462161994044,Berry Lace Scoop Neck Top,Women Topwear,CAVA Athleisure Pvt Ltd,54008112447804,L,WTP9517RDL,1699.00,True,Available,1,https://cavaathleisure.com/products/berry-lace-scoop-neck-top
https://cavaathleisure.com,10462161994044,Berry Lace Scoop Neck Top,Women Topwear,CAVA Athleisure Pvt Ltd,54008112480572,XL,WTP9517RDXL,1699.00,True,Available,1,https://cavaathleisure.com/products/berry-lace-scoop-neck-top
https://cavaathleisure.com,10462161994044,Berry Lace Scoop Neck Top,Women Topwear,CAVA Athleisure Pvt Ltd,54008112513340,XXL,WTP9517RDXXL,1699.00,True,Available,1,https://cavaathleisure.com/products/berry-lace-scoop-neck-top
https://cavaathleisure.com,10468237836604,Black Polka Ruched Flared Leggings,Women Bottomwear,CAVA Athleisure Pvt Ltd,54020613144892,XS,WFP98P17PBKXS,2399.00,True,Available,1,https://cavaathleisure.com/products/black-polka-ruched-flared-leggings
https://cavaathleisure.com,10468237836604,Black Polka Ruched Flared Leggings,Women Bottomwear,CAVA Athleisure Pvt Ltd,54021135368508,XS,WFP98T17PBKXS,2399.00,True,Available,1,https://cavaathleisure.com/products/black-polka-ruched-flared-leggings
https://cavaathleisure.com,10468237836604,Black Polka Ruched Flared Leggings,Women Bottomwear,CAVA Athleisure Pvt Ltd,54021135401276,XS,WFP98EXT17PBKXS,2399.00,True,Available,1,https://cavaathleisure.com/products/black-polka-ruched-flared-leggings
https://cavaathleisure.com,10468237836604,Black Polka Ruched Flared Leggings,Women Bottomwear,CAVA Athleisure Pvt Ltd,54020613177660,S,WFP98P17PBKS,2399.00,True,Available,1,https://cavaathleisure.com/products/black-polka-ruched-flared-leggings
https://cavaathleisure.com,10468237836604,Black Polka Ruched Flared Leggings,Women Bottomwear,CAVA Athleisure Pvt Ltd,54021135434044,S,WFP98T17PBKS,2399.00,True,Available,1,https://cavaathleisure.com/products/black-polka-ruched-flared-leggings
https://cavaathleisure.com,10468237836604,Black Polka Ruched Flared Leggings,Women Bottomwear,CAVA Athleisure Pvt Ltd,54021135466812,S,WFP98EXT17PBKS,2399.00,True,Available,1,https://cavaathleisure.com/products/black-polka-ruched-flared-leggings
https://cavaathleisure.com,10468237836604,Black Polka Ruched Flared Leggings,Women Bottomwear,CAVA Athleisure Pvt Ltd,54020613210428,M,WFP98P17PBKM,2399.00,True,Available,1,https://cavaathleisure.com/products/black-polka-ruched-flared-leggings
https://cavaathleisure.com,10468237836604,Black Polka Ruched Flared Leggings,Women Bottomwear,CAVA Athleisure Pvt Ltd,54021135499580,M,WFP98T17PBKM,2399.00,True,Available,1,https://cavaathleisure.com/products/black-polka-ruched-flared-leggings
https://cavaathleisure.com,10468237836604,Black Polka Ruched Flared Leggings,Women Bottomwear,CAVA Athleisure Pvt Ltd,54021135532348,M,WFP98EXT17PBKM,2399.00,True,Available,1,https://cavaathleisure.com/products/black-polka-ruched-flared-leggings
https://cavaathleisure.com,10468237836604,Black Polka Ruched Flared Leggings,Women Bottomwear,CAVA Athleisure Pvt Ltd,54020613243196,L,WFP98P17PBKL,2399.00,True,Available,1,https://cavaathleisure.com/products/black-polka-ruched-flared-leggings
https://cavaathleisure.com,10468237836604,Black Polka Ruched Flared Leggings,Women Bottomwear,CAVA Athleisure Pvt Ltd,54021135565116,L,WFP98T17PBKL,2399.00,True,Available,1,https://cavaathleisure.com/products/black-polka-ruched-flared-leggings
https://cavaathleisure.com,10468237836604,Black Polka Ruched Flared Leggings,Women Bottomwear,CAVA Athleisure Pvt Ltd,54021135597884,L,WFP98EXT17PBKL,2399.00,True,Available,1,https://cavaathleisure.com/products/black-polka-ruched-flared-leggings
https://cavaathleisure.com,10468237836604,Black Polka Ruched Flared Leggings,Women Bottomwear,CAVA Athleisure Pvt Ltd,54020613275964,XL,WFP98P17PBKXL,2399.00,True,Available,1,https://cavaathleisure.com/products/black-polka-ruched-flared-leggings
https://cavaathleisure.com,10468237836604,Black Polka Ruched Flared Leggings,Women Bottomwear,CAVA Athleisure Pvt Ltd,54021135630652,XL,WFP98T17PBKXL,2399.00,True,Available,1,https://cavaathleisure.com/products/black-polka-ruched-flared-leggings
https://cavaathleisure.com,10468237836604,Black Polka Ruched Flared Leggings,Women Bottomwear,CAVA Athleisure Pvt Ltd,54021135663420,XL,WFP98EXT17PBKXL,2399.00,True,Available,1,https://cavaathleisure.com/products/black-polka-ruched-flared-leggings
https://cavaathleisure.com,10468237836604,Black Polka Ruched Flared Leggings,Women Bottomwear,CAVA Athleisure Pvt Ltd,54020613308732,XXL,WFP98P17PBKXXL,2399.00,True,Available,1,https://cavaathleisure.com/products/black-polka-ruched-flared-leggings
https://cavaathleisure.com,10468237836604,Black Polka Ruched Flared Leggings,Women Bottomwear,CAVA Athleisure Pvt Ltd,54021135696188,XXL,WFP98T17PBKXXL,2399.00,True,Available,1,https://cavaathleisure.com/products/black-polka-ruched-flared-leggings
https://cavaathleisure.com,10468237836604,Black Polka Ruched Flared Leggings,Women Bottomwear,CAVA Athleisure Pvt Ltd,54021135728956,XXL,WFP98EXT17PBKXXL,2399.00,True,Available,1,https://cavaathleisure.com/products/black-polka-ruched-flared-leggings
https://cavaathleisure.com,10462161043772,Blue Lace Scoop Neck Top,Women Topwear,CAVA Athleisure Pvt Ltd,54008110514492,XS,WTP9517BLXS,1699.00,True,Available,1,https://cavaathleisure.com/products/blue-lace-scoop-neck-top
https://cavaathleisure.com,10462161043772,Blue Lace Scoop Neck Top,Women Topwear,CAVA Athleisure Pvt Ltd,54008110547260,S,WTP9517BLS,1699.00,True,Available,1,https://cavaathleisure.com/products/blue-lace-scoop-neck-top
https://cavaathleisure.com,10462161043772,Blue Lace Scoop Neck Top,Women Topwear,CAVA Athleisure Pvt Ltd,54008110580028,M,WTP9517BLM,1699.00,True,Available,1,https://cavaathleisure.com/products/blue-lace-scoop-neck-top
https://cavaathleisure.com,10462161043772,Blue Lace Scoop Neck Top,Women Topwear,CAVA Athleisure Pvt Ltd,54008110612796,L,WTP9517BLL,1699.00,True,Available,1,https://cavaathleisure.com/products/blue-lace-scoop-neck-top
https://cavaathleisure.com,10462161043772,Blue Lace Scoop Neck Top,Women Topwear,CAVA Athleisure Pvt Ltd,54008110645564,XL,WTP9517BLXL,1699.00,True,Available,1,https://cavaathleisure.com/products/blue-lace-scoop-neck-top
https://cavaathleisure.com,10462161043772,Blue Lace Scoop Neck Top,Women Topwear,CAVA Athleisure Pvt Ltd,54008110678332,XXL,WTP9517BLXXL,1699.00,True,Available,1,https://cavaathleisure.com/products/blue-lace-scoop-neck-top
https://cavaathleisure.com,10462149771580,Black Polka Lace Scoop Neck Top,Women Topwear,CAVA Athleisure Pvt Ltd,54008094622012,XS,WTP9517PBKXS,1799.00,True,Available,1,https://cavaathleisure.com/products/black-polka-lace-scoop-neck-top
https://cavaathleisure.com,10462149771580,Black Polka Lace Scoop Neck Top,Women Topwear,CAVA Athleisure Pvt Ltd,54008094654780,S,WTP9517PBKS,1799.00,True,Available,1,https://cavaathleisure.com/products/black-polka-lace-scoop-neck-top
https://cavaathleisure.com,10462149771580,Black Polka Lace Scoop Neck Top,Women Topwear,CAVA Athleisure Pvt Ltd,54008094687548,M,WTP9517PBKM,1799.00,True,Available,1,https://cavaathleisure.com/products/black-polka-lace-scoop-neck-top
https://cavaathleisure.com,10462149771580,Black Polka Lace Scoop Neck Top,Women Topwear,CAVA Athleisure Pvt Ltd,54008094720316,L,WTP9517PBKL,1799.00,True,Available,1,https://cavaathleisure.com/products/black-polka-lace-scoop-neck-top
https://cavaathleisure.com,10462149771580,Black Polka Lace Scoop Neck Top,Women Topwear,CAVA Athleisure Pvt Ltd,54008094753084,XL,WTP9517PBKXL,1799.00,True,Available,1,https://cavaathleisure.com/products/black-polka-lace-scoop-neck-top
https://cavaathleisure.com,10462149771580,Black Polka Lace Scoop Neck Top,Women Topwear,CAVA Athleisure Pvt Ltd,54008094785852,XXL,WTP9517PBKXXL,1799.00,True,Available,1,https://cavaathleisure.com/products/black-polka-lace-scoop-neck-top
https://cavaathleisure.com,10462145052988,Berry Polka Soft Knot Skorts,Skorts and Skirts,CAVA Athleisure Pvt Ltd,54008088461628,XS,WSK9617PRDXS,2299.00,True,Available,1,https://cavaathleisure.com/products/berry-polka-soft-knot-skorts
https://cavaathleisure.com,10462145052988,Berry Polka Soft Knot Skorts,Skorts and Skirts,CAVA Athleisure Pvt Ltd,54008088494396,S,WSK9617PRDS,2299.00,True,Available,1,https://cavaathleisure.com/products/berry-polka-soft-knot-skorts
https://cavaathleisure.com,10462145052988,Berry Polka Soft Knot Skorts,Skorts and Skirts,CAVA Athleisure Pvt Ltd,54008088527164,M,WSK9617PRDM,2299.00,True,Available,1,https://cavaathleisure.com/products/berry-polka-soft-knot-skorts
https://cavaathleisure.com,10462145052988,Berry Polka Soft Knot Skorts,Skorts and Skirts,CAVA Athleisure Pvt Ltd,54008088559932,L,WSK9617PRDL,2299.00,True,Available,1,https://cavaathleisure.com/products/berry-polka-soft-knot-skorts
https://cavaathleisure.com,10462145052988,Berry Polka Soft Knot Skorts,Skorts and Skirts,CAVA Athleisure Pvt Ltd,54008088592700,XL,WSK9617PRDXL,2299.00,True,Available,1,https://cavaathleisure.com/products/berry-polka-soft-knot-skorts
https://cavaathleisure.com,10462145052988,Berry Polka Soft Knot Skorts,Skorts and Skirts,CAVA Athleisure Pvt Ltd,54008088625468,XXL,WSK9617PRDXXL,2299.00,True,Available,1,https://cavaathleisure.com/products/berry-polka-soft-knot-skorts
https://cavaathleisure.com,10462147019068,Blush Soft Knot Skorts,Skorts and Skirts,CAVA Athleisure Pvt Ltd,54008091705660,XS,WSK9617PNXS,2199.00,True,Available,1,https://cavaathleisure.com/products/blush-soft-knot-skorts
https://cavaathleisure.com,10462147019068,Blush Soft Knot Skorts,Skorts and Skirts,CAVA Athleisure Pvt Ltd,54008091738428,S,WSK9617PNS,2199.00,True,Available,1,https://cavaathleisure.com/products/blush-soft-knot-skorts
https://cavaathleisure.com,10462147019068,Blush Soft Knot Skorts,Skorts and Skirts,CAVA Athleisure Pvt Ltd,54008091771196,M,WSK9617PNM,2199.00,True,Available,1,https://cavaathleisure.com/products/blush-soft-knot-skorts
https://cavaathleisure.com,10462147019068,Blush Soft Knot Skorts,Skorts and Skirts,CAVA Athleisure Pvt Ltd,54008091803964,L,WSK9617PNL,2199.00,True,Available,1,https://cavaathleisure.com/products/blush-soft-knot-skorts
https://cavaathleisure.com,10462147019068,Blush Soft Knot Skorts,Skorts and Skirts,CAVA Athleisure Pvt Ltd,54008091836732,XL,WSK9617PNXL,2199.00,True,Available,1,https://cavaathleisure.com/products/blush-soft-knot-skorts
https://cavaathleisure.com,10462147019068,Blush Soft Knot Skorts,Skorts and Skirts,CAVA Athleisure Pvt Ltd,54008091869500,XXL,WSK9617PNXXL,2199.00,True,Available,1,https://cavaathleisure.com/products/blush-soft-knot-skorts
https://cavaathleisure.com,10462127325500,Blue Soft Knot Skorts,Skorts and Skirts,CAVA Athleisure Pvt Ltd,54008067064124,XS,WSK9617BLXS,2199.00,True,Available,1,https://cavaathleisure.com/products/blue-soft-knot-skorts
https://cavaathleisure.com,10462127325500,Blue Soft Knot Skorts,Skorts and Skirts,CAVA Athleisure Pvt Ltd,54008067096892,S,WSK9617BLS,2199.00,True,Available,1,https://cavaathleisure.com/products/blue-soft-knot-skorts
https://cavaathleisure.com,10462127325500,Blue Soft Knot Skorts,Skorts and Skirts,CAVA Athleisure Pvt Ltd,54008067129660,M,WSK9617BLM,2199.00,False,Sold Out,0,https://cavaathleisure.com/products/blue-soft-knot-skorts
https://cavaathleisure.com,10462127325500,Blue Soft Knot Skorts,Skorts and Skirts,CAVA Athleisure Pvt Ltd,54008067162428,L,WSK9617BLL,2199.00,True,Available,1,https://cavaathleisure.com/products/blue-soft-knot-skorts
https://cavaathleisure.com,10462127325500,Blue Soft Knot Skorts,Skorts and Skirts,CAVA Athleisure Pvt Ltd,54008067195196,XL,WSK9617BLXL,2199.00,False,Sold Out,0,https://cavaathleisure.com/products/blue-soft-knot-skorts
https://cavaathleisure.com,10462127325500,Blue Soft Knot Skorts,Skorts and Skirts,CAVA Athleisure Pvt Ltd,54008067227964,XXL,WSK9617BLXXL,2199.00,False,Sold Out,0,https://cavaathleisure.com/products/blue-soft-knot-skorts
https://cavaathleisure.com,10462139875644,Mint Soft Knot Skorts,Skorts and Skirts,CAVA Athleisure Pvt Ltd,54008082235708,XS,WSK9617GRXS,2199.00,True,Available,1,https://cavaathleisure.com/products/mint-soft-knot-skorts
https://cavaathleisure.com,10462139875644,Mint Soft Knot Skorts,Skorts and Skirts,CAVA Athleisure Pvt Ltd,54008082268476,S,WSK9617GRS,2199.00,True,Available,1,https://cavaathleisure.com/products/mint-soft-knot-skorts
https://cavaathleisure.com,10462139875644,Mint Soft Knot Skorts,Skorts and Skirts,CAVA Athleisure Pvt Ltd,54008082301244,M,WSK9617GRM,2199.00,True,Available,1,https://cavaathleisure.com/products/mint-soft-knot-skorts
https://cavaathleisure.com,10462139875644,Mint Soft Knot Skorts,Skorts and Skirts,CAVA Athleisure Pvt Ltd,54008082334012,L,WSK9617GRL,2199.00,True,Available,1,https://cavaathleisure.com/products/mint-soft-knot-skorts
https://cavaathleisure.com,10462139875644,Mint Soft Knot Skorts,Skorts and Skirts,CAVA Athleisure Pvt Ltd,54008082366780,XL,WSK9617GRXL,2199.00,True,Available,1,https://cavaathleisure.com/products/mint-soft-knot-skorts
https://cavaathleisure.com,10462139875644,Mint Soft Knot Skorts,Skorts and Skirts,CAVA Athleisure Pvt Ltd,54008082399548,XXL,WSK9617GRXXL,2199.00,True,Available,1,https://cavaathleisure.com/products/mint-soft-knot-skorts
https://cavaathleisure.com,10462119952700,Berry Polka Lace Trim Halter Tank,Women Topwear,CAVA Athleisure Pvt Ltd,54008054841660,XS,WTN9717RDXS,1799.00,False,Sold Out,0,https://cavaathleisure.com/products/berry-polka-lace-trim-halter
https://cavaathleisure.com,10462119952700,Berry Polka Lace Trim Halter Tank,Women Topwear,CAVA Athleisure Pvt Ltd,54008054874428,S,WTN9717RDS,1799.00,False,Sold Out,0,https://cavaathleisure.com/products/berry-polka-lace-trim-halter
https://cavaathleisure.com,10462119952700,Berry Polka Lace Trim Halter Tank,Women Topwear,CAVA Athleisure Pvt Ltd,54008054907196,M,WTN9717RDM,1799.00,False,Sold Out,0,https://cavaathleisure.com/products/berry-polka-lace-trim-halter
https://cavaathleisure.com,10462119952700,Berry Polka Lace Trim Halter Tank,Women Topwear,CAVA Athleisure Pvt Ltd,54008054939964,L,WTN9717RDL,1799.00,True,Available,1,https://cavaathleisure.com/products/berry-polka-lace-trim-halter
https://cavaathleisure.com,10462119952700,Berry Polka Lace Trim Halter Tank,Women Topwear,CAVA Athleisure Pvt Ltd,54008054972732,XL,WTN9717RDXL,1799.00,True,Available,1,https://cavaathleisure.com/products/berry-polka-lace-trim-halter
https://cavaathleisure.com,10462119952700,Berry Polka Lace Trim Halter Tank,Women Topwear,CAVA Athleisure Pvt Ltd,54008055005500,XXL,WTN9717RDXXL,1799.00,True,Available,1,https://cavaathleisure.com/products/berry-polka-lace-trim-halter
https://cavaathleisure.com,10462119952700,Berry Polka Lace Trim Halter Tank,Women Topwear,CAVA Athleisure Pvt Ltd,54008055038268,XXXL,WTN9717RDXXXL,1799.00,False,Sold Out,0,https://cavaathleisure.com/products/berry-polka-lace-trim-halter
https://cavaathleisure.com,10462119887164,Mint Lace Trim Halter Tank,Women Topwear,CAVA Athleisure Pvt Ltd,54008054579516,XS,WTN9717GRXS,1699.00,True,Available,1,https://cavaathleisure.com/products/mint-lace-trim-halter
https://cavaathleisure.com,10462119887164,Mint Lace Trim Halter Tank,Women Topwear,CAVA Athleisure Pvt Ltd,54008054612284,S,WTN9717GRS,1699.00,False,Sold Out,0,https://cavaathleisure.com/products/mint-lace-trim-halter
https://cavaathleisure.com,10462119887164,Mint Lace Trim Halter Tank,Women Topwear,CAVA Athleisure Pvt Ltd,54008054645052,M,WTN9717GRM,1699.00,True,Available,1,https://cavaathleisure.com/products/mint-lace-trim-halter
https://cavaathleisure.com,10462119887164,Mint Lace Trim Halter Tank,Women Topwear,CAVA Athleisure Pvt Ltd,54008054677820,L,WTN9717GRL,1699.00,True,Available,1,https://cavaathleisure.com/products/mint-lace-trim-halter
https://cavaathleisure.com,10462119887164,Mint Lace Trim Halter Tank,Women Topwear,CAVA Athleisure Pvt Ltd,54008054710588,XL,WTN9717GRXL,1699.00,True,Available,1,https://cavaathleisure.com/products/mint-lace-trim-halter
https://cavaathleisure.com,10462119887164,Mint Lace Trim Halter Tank,Women Topwear,CAVA Athleisure Pvt Ltd,54008054743356,XXL,WTN9717GRXXL,1699.00,True,Available,1,https://cavaathleisure.com/products/mint-lace-trim-halter
https://cavaathleisure.com,10462119887164,Mint Lace Trim Halter Tank,Women Topwear,CAVA Athleisure Pvt Ltd,54008054776124,XXXL,WTN9717GRXXXL,1699.00,True,Available,1,https://cavaathleisure.com/products/mint-lace-trim-halter
https://cavaathleisure.com,10460924739900,Blue Lace Trim Halter Tank,Women Topwear,CAVA Athleisure Pvt Ltd,54005813346620,XS,WTN9717BLXS,1699.00,False,Sold Out,0,https://cavaathleisure.com/products/blue-lace-trim-halter
https://cavaathleisure.com,10460924739900,Blue Lace Trim Halter Tank,Women Topwear,CAVA Athleisure Pvt Ltd,54005813379388,S,WTN9717BLS,1699.00,False,Sold Out,0,https://cavaathleisure.com/products/blue-lace-trim-halter
https://cavaathleisure.com,10460924739900,Blue Lace Trim Halter Tank,Women Topwear,CAVA Athleisure Pvt Ltd,54005813412156,M,WTN9717BLM,1699.00,True,Available,1,https://cavaathleisure.com/products/blue-lace-trim-halter
https://cavaathleisure.com,10460924739900,Blue Lace Trim Halter Tank,Women Topwear,CAVA Athleisure Pvt Ltd,54005813444924,L,WTN9717BLL,1699.00,True,Available,1,https://cavaathleisure.com/products/blue-lace-trim-halter
https://cavaathleisure.com,10460924739900,Blue Lace Trim Halter Tank,Women Topwear,CAVA Athleisure Pvt Ltd,54005813477692,XL,WTN9717BLXL,1699.00,True,Available,1,https://cavaathleisure.com/products/blue-lace-trim-halter
https://cavaathleisure.com,10460924739900,Blue Lace Trim Halter Tank,Women Topwear,CAVA Athleisure Pvt Ltd,54005813510460,XXL,WTN9717BLXXL,1699.00,False,Sold Out,0,https://cavaathleisure.com/products/blue-lace-trim-halter
https://cavaathleisure.com,10460924739900,Blue Lace Trim Halter Tank,Women Topwear,CAVA Athleisure Pvt Ltd,54005813543228,XXXL,WTN9717BLXXXL,1699.00,False,Sold Out,0,https://cavaathleisure.com/products/blue-lace-trim-halter
https://cavaathleisure.com,10462119854396,Blush Lace Trim Halter Tank,Women Topwear,CAVA Athleisure Pvt Ltd,54008054350140,XS,WTN9717PNXS,1699.00,True,Available,1,https://cavaathleisure.com/products/blush-lace-trim-halter
https://cavaathleisure.com,10462119854396,Blush Lace Trim Halter Tank,Women Topwear,CAVA Athleisure Pvt Ltd,54008054382908,S,WTN9717PNS,1699.00,False,Sold Out,0,https://cavaathleisure.com/products/blush-lace-trim-halter
https://cavaathleisure.com,10462119854396,Blush Lace Trim Halter Tank,Women Topwear,CAVA Athleisure Pvt Ltd,54008054415676,M,WTN9717PNM,1699.00,True,Available,1,https://cavaathleisure.com/products/blush-lace-trim-halter
https://cavaathleisure.com,10462119854396,Blush Lace Trim Halter Tank,Women Topwear,CAVA Athleisure Pvt Ltd,54008054448444,L,WTN9717PNL,1699.00,True,Available,1,https://cavaathleisure.com/products/blush-lace-trim-halter
https://cavaathleisure.com,10462119854396,Blush Lace Trim Halter Tank,Women Topwear,CAVA Athleisure Pvt Ltd,54008054481212,XL,WTN9717PNXL,1699.00,True,Available,1,https://cavaathleisure.com/products/blush-lace-trim-halter
https://cavaathleisure.com,10462119854396,Blush Lace Trim Halter Tank,Women Topwear,CAVA Athleisure Pvt Ltd,54008054513980,XXL,WTN9717PNXXL,1699.00,True,Available,1,https://cavaathleisure.com/products/blush-lace-trim-halter
https://cavaathleisure.com,10462119854396,Blush Lace Trim Halter Tank,Women Topwear,CAVA Athleisure Pvt Ltd,54008054546748,XXXL,WTN9717PNXXXL,1699.00,False,Sold Out,0,https://cavaathleisure.com/products/blush-lace-trim-halter
https://cavaathleisure.com,10460458352956,Blush Bow Halter Top,Women Topwear,CAVA Athleisure Pvt Ltd,54005278441788,XS,WTN10017PNXS,1599.00,False,Sold Out,0,https://cavaathleisure.com/products/blush-bow-halter-top
https://cavaathleisure.com,10460458352956,Blush Bow Halter Top,Women Topwear,CAVA Athleisure Pvt Ltd,54005278474556,S,WTN10017PNS,1599.00,False,Sold Out,0,https://cavaathleisure.com/products/blush-bow-halter-top
https://cavaathleisure.com,10460458352956,Blush Bow Halter Top,Women Topwear,CAVA Athleisure Pvt Ltd,54005278507324,M,WTN10017PNM,1599.00,False,Sold Out,0,https://cavaathleisure.com/products/blush-bow-halter-top
https://cavaathleisure.com,10460458352956,Blush Bow Halter Top,Women Topwear,CAVA Athleisure Pvt Ltd,54005278540092,L,WTN10017PNL,1599.00,True,Available,1,https://cavaathleisure.com/products/blush-bow-halter-top
https://cavaathleisure.com,10460458352956,Blush Bow Halter Top,Women Topwear,CAVA Athleisure Pvt Ltd,54005278572860,XL,WTN10017PNXL,1599.00,True,Available,1,https://cavaathleisure.com/products/blush-bow-halter-top
https://cavaathleisure.com,10460458352956,Blush Bow Halter Top,Women Topwear,CAVA Athleisure Pvt Ltd,54005278605628,XXL,WTN10017PNXXL,1599.00,True,Available,1,https://cavaathleisure.com/products/blush-bow-halter-top
https://cavaathleisure.com,10460458352956,Blush Bow Halter Top,Women Topwear,CAVA Athleisure Pvt Ltd,54005278638396,XXXL,WTN10017PNXXXL,1599.00,True,Available,1,https://cavaathleisure.com/products/blush-bow-halter-top
https://cavaathleisure.com,10460458287420,Berry Bow Halter Top,Women's Tops,CAVA Athleisure Pvt Ltd,54005278179644,XS,WTN10017RDXS,1599.00,False,Sold Out,0,https://cavaathleisure.com/products/berry-bow-halter-top
https://cavaathleisure.com,10460458287420,Berry Bow Halter Top,Women's Tops,CAVA Athleisure Pvt Ltd,54005278212412,S,WTN10017RDS,1599.00,False,Sold Out,0,https://cavaathleisure.com/products/berry-bow-halter-top
https://cavaathleisure.com,10460458287420,Berry Bow Halter Top,Women's Tops,CAVA Athleisure Pvt Ltd,54005278245180,M,WTN10017RDM,1599.00,False,Sold Out,0,https://cavaathleisure.com/products/berry-bow-halter-top
https://cavaathleisure.com,10460458287420,Berry Bow Halter Top,Women's Tops,CAVA Athleisure Pvt Ltd,54005278277948,L,WTN10017RDL,1599.00,True,Available,1,https://cavaathleisure.com/products/berry-bow-halter-top
https://cavaathleisure.com,10460458287420,Berry Bow Halter Top,Women's Tops,CAVA Athleisure Pvt Ltd,54005278310716,XL,WTN10017RDXL,1599.00,True,Available,1,https://cavaathleisure.com/products/berry-bow-halter-top
https://cavaathleisure.com,10460458287420,Berry Bow Halter Top,Women's Tops,CAVA Athleisure Pvt Ltd,54005278343484,XXL,WTN10017RDXXL,1599.00,True,Available,1,https://cavaathleisure.com/products/berry-bow-halter-top
https://cavaathleisure.com,10460458287420,Berry Bow Halter Top,Women's Tops,CAVA Athleisure Pvt Ltd,54005278376252,XXXL,WTN10017RDXXXL,1599.00,True,Available,1,https://cavaathleisure.com/products/berry-bow-halter-top
https://cavaathleisure.com,10460456386876,Blue Bow Halter Top,Women's Tops,CAVA Athleisure Pvt Ltd,54005277688124,XS,WTN10017BLXS,1599.00,False,Sold Out,0,https://cavaathleisure.com/products/blue-bow-halter-top
https://cavaathleisure.com,10460456386876,Blue Bow Halter Top,Women's Tops,CAVA Athleisure Pvt Ltd,54005277720892,S,WTN10017BLS,1599.00,False,Sold Out,0,https://cavaathleisure.com/products/blue-bow-halter-top
https://cavaathleisure.com,10460456386876,Blue Bow Halter Top,Women's Tops,CAVA Athleisure Pvt Ltd,54005277753660,M,WTN10017BLM,1599.00,True,Available,1,https://cavaathleisure.com/products/blue-bow-halter-top
https://cavaathleisure.com,10460456386876,Blue Bow Halter Top,Women's Tops,CAVA Athleisure Pvt Ltd,54005277786428,L,WTN10017BLL,1599.00,True,Available,1,https://cavaathleisure.com/products/blue-bow-halter-top
https://cavaathleisure.com,10460456386876,Blue Bow Halter Top,Women's Tops,CAVA Athleisure Pvt Ltd,54005277819196,XL,WTN10017BLXL,1599.00,True,Available,1,https://cavaathleisure.com/products/blue-bow-halter-top
https://cavaathleisure.com,10460456386876,Blue Bow Halter Top,Women's Tops,CAVA Athleisure Pvt Ltd,54005277851964,XXL,WTN10017BLXXL,1599.00,True,Available,1,https://cavaathleisure.com/products/blue-bow-halter-top
https://cavaathleisure.com,10460456386876,Blue Bow Halter Top,Women's Tops,CAVA Athleisure Pvt Ltd,54005277884732,XXXL,WTN10017BLXXXL,1599.00,True,Available,1,https://cavaathleisure.com/products/blue-bow-halter-top
https://cavaathleisure.com,10457790546236,Black Polka Bow Halter Top,Women's Tops,CAVA Athleisure Pvt Ltd,54000921149756,XS,WTN10017PBKXS,1699.00,False,Sold Out,0,https://cavaathleisure.com/products/black-polka-bow-halter-top
https://cavaathleisure.com,10457790546236,Black Polka Bow Halter Top,Women's Tops,CAVA Athleisure Pvt Ltd,54000921182524,S,WTN10017PBKS,1699.00,False,Sold Out,0,https://cavaathleisure.com/products/black-polka-bow-halter-top
https://cavaathleisure.com,10457790546236,Black Polka Bow Halter Top,Women's Tops,CAVA Athleisure Pvt Ltd,54000921215292,M,WTN10017PBKM,1699.00,False,Sold Out,0,https://cavaathleisure.com/products/black-polka-bow-halter-top
https://cavaathleisure.com,10457790546236,Black Polka Bow Halter Top,Women's Tops,CAVA Athleisure Pvt Ltd,54000921248060,L,WTN10017PBKL,1699.00,True,Available,1,https://cavaathleisure.com/products/black-polka-bow-halter-top
https://cavaathleisure.com,10457790546236,Black Polka Bow Halter Top,Women's Tops,CAVA Athleisure Pvt Ltd,54000921280828,XL,WTN10017PBKXL,1699.00,True,Available,1,https://cavaathleisure.com/products/black-polka-bow-halter-top
https://cavaathleisure.com,10457790546236,Black Polka Bow Halter Top,Women's Tops,CAVA Athleisure Pvt Ltd,54000921313596,XXL,WTN10017PBKXXL,1699.00,True,Available,1,https://cavaathleisure.com/products/black-polka-bow-halter-top
https://cavaathleisure.com,10457790546236,Black Polka Bow Halter Top,Women's Tops,CAVA Athleisure Pvt Ltd,54000931635516,XXXL,WTN10017PBKXXXL,1699.00,True,Available,1,https://cavaathleisure.com/products/black-polka-bow-halter-top
https://cavaathleisure.com,10412206915900,Cherry Heartline Sports Bra,Sports Bras,CAVA Athleisure Pvt Ltd,53152165462332,XS,WSB3918RDXS,1399.00,False,Sold Out,0,https://cavaathleisure.com/products/cherry-heartline-sports-bra
https://cavaathleisure.com,10412206915900,Cherry Heartline Sports Bra,Sports Bras,CAVA Athleisure Pvt Ltd,53152165495100,S,WSB3918RDS,1399.00,False,Sold Out,0,https://cavaathleisure.com/products/cherry-heartline-sports-bra
https://cavaathleisure.com,10412206915900,Cherry Heartline Sports Bra,Sports Bras,CAVA Athleisure Pvt Ltd,53152165527868,M,WSB3918RDM,1399.00,False,Sold Out,0,https://cavaathleisure.com/products/cherry-heartline-sports-bra
https://cavaathleisure.com,10412206915900,Cherry Heartline Sports Bra,Sports Bras,CAVA Athleisure Pvt Ltd,53152165560636,L,WSB3918RDL,1399.00,False,Sold Out,0,https://cavaathleisure.com/products/cherry-heartline-sports-bra
https://cavaathleisure.com,10412206915900,Cherry Heartline Sports Bra,Sports Bras,CAVA Athleisure Pvt Ltd,53152165593404,XL,WSB3918RDXL,1399.00,False,Sold Out,0,https://cavaathleisure.com/products/cherry-heartline-sports-bra
https://cavaathleisure.com,10412206915900,Cherry Heartline Sports Bra,Sports Bras,CAVA Athleisure Pvt Ltd,53152165626172,XXL,WSB3918RDXXL,1399.00,False,Sold Out,0,https://cavaathleisure.com/products/cherry-heartline-sports-bra
https://cavaathleisure.com,10469803163964,Free Gift Charm,Women Topwear,CAVA Athleisure Pvt Ltd,54026419601724,Pink Pup Bag Charm,Cava-SoftServe-Charm,0.00,True,Available,1,https://cavaathleisure.com/products/free-gift-charm
https://cavaathleisure.com,10469803163964,Free Gift Charm,Women Topwear,CAVA Athleisure Pvt Ltd,54331596112188,Polka Bow Bag Charm,Cava-SoftServe-Charm,0.00,True,Available,1,https://cavaathleisure.com/products/free-gift-charm
https://cavaathleisure.com,10469803163964,Free Gift Charm,Women Topwear,CAVA Athleisure Pvt Ltd,54331596144956,Labrador Bag Charm,Cava-SoftServe-Charm,0.00,True,Available,1,https://cavaathleisure.com/products/free-gift-charm
https://cavaathleisure.com,10469803163964,Free Gift Charm,Women Topwear,CAVA Athleisure Pvt Ltd,54331596177724,Tennis Ball Bag Charm,Cava-SoftServe-Charm,0.00,True,Available,1,https://cavaathleisure.com/products/free-gift-charm
https://cavaathleisure.com,10438087213372,Brown Hourglass Booty Shorts,Women's Shorts,CAVA Athleisure Pvt Ltd,53793412088124,XS,WSH0845BNXS,1099.00,True,Available,1,https://cavaathleisure.com/products/brown-hourglass-booty-shorts
https://cavaathleisure.com,10438087213372,Brown Hourglass Booty Shorts,Women's Shorts,CAVA Athleisure Pvt Ltd,53793412120892,S,WSH0845BNS,1099.00,True,Available,1,https://cavaathleisure.com/products/brown-hourglass-booty-shorts
https://cavaathleisure.com,10438087213372,Brown Hourglass Booty Shorts,Women's Shorts,CAVA Athleisure Pvt Ltd,53793412153660,M,WSH0845BNM,1099.00,True,Available,1,https://cavaathleisure.com/products/brown-hourglass-booty-shorts
https://cavaathleisure.com,10438087213372,Brown Hourglass Booty Shorts,Women's Shorts,CAVA Athleisure Pvt Ltd,53793412186428,L,WSH0845BNL,1099.00,False,Sold Out,0,https://cavaathleisure.com/products/brown-hourglass-booty-shorts
https://cavaathleisure.com,10438087213372,Brown Hourglass Booty Shorts,Women's Shorts,CAVA Athleisure Pvt Ltd,53793412219196,XL,WSH0845BNXL,1099.00,False,Sold Out,0,https://cavaathleisure.com/products/brown-hourglass-booty-shorts
https://cavaathleisure.com,10438087213372,Brown Hourglass Booty Shorts,Women's Shorts,CAVA Athleisure Pvt Ltd,53793412251964,XXL,WSH0845BNXXL,1099.00,False,Sold Out,0,https://cavaathleisure.com/products/brown-hourglass-booty-shorts
https://cavaathleisure.com,10392465506620,Light Grey Trailscape Tracks,Men's Track,CAVA Athleisure Pvt Ltd,53081888948540,30,MJR5410GYS,2049.00,False,Sold Out,0,https://cavaathleisure.com/products/light-grey-trailscape-tracks
https://cavaathleisure.com,10392465506620,Light Grey Trailscape Tracks,Men's Track,CAVA Athleisure Pvt Ltd,53081888981308,32,MJR5410GYM,2049.00,True,Available,1,https://cavaathleisure.com/products/light-grey-trailscape-tracks
https://cavaathleisure.com,10392465506620,Light Grey Trailscape Tracks,Men's Track,CAVA Athleisure Pvt Ltd,53081889014076,34,MJR5410GYL,2049.00,True,Available,1,https://cavaathleisure.com/products/light-grey-trailscape-tracks
https://cavaathleisure.com,10392465506620,Light Grey Trailscape Tracks,Men's Track,CAVA Athleisure Pvt Ltd,53081889046844,36,MJR5410GYXL,2049.00,True,Available,1,https://cavaathleisure.com/products/light-grey-trailscape-tracks
https://cavaathleisure.com,10392465506620,Light Grey Trailscape Tracks,Men's Track,CAVA Athleisure Pvt Ltd,53081889079612,38,MJR5410GYXXL,2049.00,True,Available,1,https://cavaathleisure.com/products/light-grey-trailscape-tracks
https://cavaathleisure.com,10392465867068,Brown Trailscape Tracks,Men's Track,CAVA Athleisure Pvt Ltd,53081889767740,30,MJR5410BNS,2049.00,True,Available,1,https://cavaathleisure.com/products/brown-trailscape-tracks
https://cavaathleisure.com,10392465867068,Brown Trailscape Tracks,Men's Track,CAVA Athleisure Pvt Ltd,53081889800508,32,MJR5410BNM,2049.00,True,Available,1,https://cavaathleisure.com/products/brown-trailscape-tracks
https://cavaathleisure.com,10392465867068,Brown Trailscape Tracks,Men's Track,CAVA Athleisure Pvt Ltd,53081889833276,34,MJR5410BNL,2049.00,True,Available,1,https://cavaathleisure.com/products/brown-trailscape-tracks
https://cavaathleisure.com,10392465867068,Brown Trailscape Tracks,Men's Track,CAVA Athleisure Pvt Ltd,53081889866044,36,MJR5410BNXL,2049.00,True,Available,1,https://cavaathleisure.com/products/brown-trailscape-tracks
https://cavaathleisure.com,10392465867068,Brown Trailscape Tracks,Men's Track,CAVA Athleisure Pvt Ltd,53081889898812,38,MJR5410BNXXL,2049.00,True,Available,1,https://cavaathleisure.com/products/brown-trailscape-tracks
https://cavaathleisure.com,10392005312828,Black Trailscape Tracks,Men's Track,CAVA Athleisure Pvt Ltd,53080356356412,30,MJR5410BKS,2049.00,False,Sold Out,0,https://cavaathleisure.com/products/black-trailscape-tracks
https://cavaathleisure.com,10392005312828,Black Trailscape Tracks,Men's Track,CAVA Athleisure Pvt Ltd,53080356389180,32,MJR5410BKM,2049.00,False,Sold Out,0,https://cavaathleisure.com/products/black-trailscape-tracks
https://cavaathleisure.com,10392005312828,Black Trailscape Tracks,Men's Track,CAVA Athleisure Pvt Ltd,53080356421948,34,MJR5410BKL,2049.00,True,Available,1,https://cavaathleisure.com/products/black-trailscape-tracks
https://cavaathleisure.com,10392005312828,Black Trailscape Tracks,Men's Track,CAVA Athleisure Pvt Ltd,53080356454716,36,MJR5410BKXL,2049.00,True,Available,1,https://cavaathleisure.com/products/black-trailscape-tracks
https://cavaathleisure.com,10392005312828,Black Trailscape Tracks,Men's Track,CAVA Athleisure Pvt Ltd,53080356487484,38,MJR5410BKXXL,2049.00,True,Available,1,https://cavaathleisure.com/products/black-trailscape-tracks
https://cavaathleisure.com,10392465277244,Navy Trailscape Tracks,Men's Track,CAVA Athleisure Pvt Ltd,53081888588092,30,MJR5410NYS,2049.00,True,Available,1,https://cavaathleisure.com/products/navy-trailscape-tracks
https://cavaathleisure.com,10392465277244,Navy Trailscape Tracks,Men's Track,CAVA Athleisure Pvt Ltd,53081888620860,32,MJR5410NYM,2049.00,True,Available,1,https://cavaathleisure.com/products/navy-trailscape-tracks
https://cavaathleisure.com,10392465277244,Navy Trailscape Tracks,Men's Track,CAVA Athleisure Pvt Ltd,53081888653628,34,MJR5410NYL,2049.00,True,Available,1,https://cavaathleisure.com/products/navy-trailscape-tracks
https://cavaathleisure.com,10392465277244,Navy Trailscape Tracks,Men's Track,CAVA Athleisure Pvt Ltd,53081888686396,36,MJR5410NYXL,2049.00,True,Available,1,https://cavaathleisure.com/products/navy-trailscape-tracks
https://cavaathleisure.com,10392465277244,Navy Trailscape Tracks,Men's Track,CAVA Athleisure Pvt Ltd,53081888719164,38,MJR5410NYXXL,2049.00,True,Available,1,https://cavaathleisure.com/products/navy-trailscape-tracks
https://cavaathleisure.com,10417079681340,Mint Sculpt Core Top,Women's Tops,CAVA Athleisure Pvt Ltd,53165442498876,XS,WTP0118GRXS,799.00,False,Sold Out,0,https://cavaathleisure.com/products/mint-sculpt-core-top
https://cavaathleisure.com,10417079681340,Mint Sculpt Core Top,Women's Tops,CAVA Athleisure Pvt Ltd,53165442531644,S,WTP0118GRS,799.00,False,Sold Out,0,https://cavaathleisure.com/products/mint-sculpt-core-top
https://cavaathleisure.com,10417079681340,Mint Sculpt Core Top,Women's Tops,CAVA Athleisure Pvt Ltd,53165442564412,M,WTP0118GRM,799.00,False,Sold Out,0,https://cavaathleisure.com/products/mint-sculpt-core-top
https://cavaathleisure.com,10417079681340,Mint Sculpt Core Top,Women's Tops,CAVA Athleisure Pvt Ltd,53165442597180,L,WTP0118GRL,799.00,False,Sold Out,0,https://cavaathleisure.com/products/mint-sculpt-core-top
https://cavaathleisure.com,10417079681340,Mint Sculpt Core Top,Women's Tops,CAVA Athleisure Pvt Ltd,53165442629948,XL,WTP0118GRXL,799.00,False,Sold Out,0,https://cavaathleisure.com/products/mint-sculpt-core-top
https://cavaathleisure.com,10417079681340,Mint Sculpt Core Top,Women's Tops,CAVA Athleisure Pvt Ltd,53165442662716,XXL,WTP0118GRXXL,799.00,False,Sold Out,0,https://cavaathleisure.com/products/mint-sculpt-core-top
https://cavaathleisure.com,10417081975100,Coral Sculpt Core Top,Women's Tops,CAVA Athleisure Pvt Ltd,53165445120316,XS,WTP0118ORXS,799.00,True,Available,1,https://cavaathleisure.com/products/coral-sculpt-core-top
https://cavaathleisure.com,10417081975100,Coral Sculpt Core Top,Women's Tops,CAVA Athleisure Pvt Ltd,53165445153084,S,WTP0118ORS,799.00,True,Available,1,https://cavaathleisure.com/products/coral-sculpt-core-top
https://cavaathleisure.com,10417081975100,Coral Sculpt Core Top,Women's Tops,CAVA Athleisure Pvt Ltd,53165445185852,M,WTP0118ORM,799.00,False,Sold Out,0,https://cavaathleisure.com/products/coral-sculpt-core-top
https://cavaathleisure.com,10417081975100,Coral Sculpt Core Top,Women's Tops,CAVA Athleisure Pvt Ltd,53165445218620,L,WTP0118ORL,799.00,False,Sold Out,0,https://cavaathleisure.com/products/coral-sculpt-core-top
https://cavaathleisure.com,10417081975100,Coral Sculpt Core Top,Women's Tops,CAVA Athleisure Pvt Ltd,53165445251388,XL,WTP0118ORXL,799.00,False,Sold Out,0,https://cavaathleisure.com/products/coral-sculpt-core-top
https://cavaathleisure.com,10417081975100,Coral Sculpt Core Top,Women's Tops,CAVA Athleisure Pvt Ltd,53165445284156,XXL,WTP0118ORXXL,799.00,False,Sold Out,0,https://cavaathleisure.com/products/coral-sculpt-core-top
https://cavaathleisure.com,10417088921916,Coral Sculpt Crew Top,Women's Tops,CAVA Athleisure Pvt Ltd,53165457113404,XS,WTP0218ORXS,899.00,True,Available,1,https://cavaathleisure.com/products/coral-sculpt-crew-top
https://cavaathleisure.com,10417088921916,Coral Sculpt Crew Top,Women's Tops,CAVA Athleisure Pvt Ltd,53165457146172,S,WTP0218ORS,899.00,True,Available,1,https://cavaathleisure.com/products/coral-sculpt-crew-top
https://cavaathleisure.com,10417088921916,Coral Sculpt Crew Top,Women's Tops,CAVA Athleisure Pvt Ltd,53165457178940,M,WTP0218ORM,899.00,True,Available,1,https://cavaathleisure.com/products/coral-sculpt-crew-top
https://cavaathleisure.com,10417088921916,Coral Sculpt Crew Top,Women's Tops,CAVA Athleisure Pvt Ltd,53165457211708,L,WTP0218ORL,899.00,True,Available,1,https://cavaathleisure.com/products/coral-sculpt-crew-top
https://cavaathleisure.com,10417088921916,Coral Sculpt Crew Top,Women's Tops,CAVA Athleisure Pvt Ltd,53165457244476,XL,WTP0218ORXL,899.00,True,Available,1,https://cavaathleisure.com/products/coral-sculpt-crew-top
https://cavaathleisure.com,10417088921916,Coral Sculpt Crew Top,Women's Tops,CAVA Athleisure Pvt Ltd,53165457277244,XXL,WTP0218ORXXL,899.00,True,Available,1,https://cavaathleisure.com/products/coral-sculpt-crew-top
https://cavaathleisure.com,10417087611196,Mint Sculpt Crew Top,Women's Tops,CAVA Athleisure Pvt Ltd,53165455442236,XS,WTP0218GRXS,899.00,True,Available,1,https://cavaathleisure.com/products/mint-sculpt-crew-top
https://cavaathleisure.com,10417087611196,Mint Sculpt Crew Top,Women's Tops,CAVA Athleisure Pvt Ltd,53165455475004,S,WTP0218GRS,899.00,True,Available,1,https://cavaathleisure.com/products/mint-sculpt-crew-top
https://cavaathleisure.com,10417087611196,Mint Sculpt Crew Top,Women's Tops,CAVA Athleisure Pvt Ltd,53165455507772,M,WTP0218GRM,899.00,True,Available,1,https://cavaathleisure.com/products/mint-sculpt-crew-top
https://cavaathleisure.com,10417087611196,Mint Sculpt Crew Top,Women's Tops,CAVA Athleisure Pvt Ltd,53165455540540,L,WTP0218GRL,899.00,True,Available,1,https://cavaathleisure.com/products/mint-sculpt-crew-top
https://cavaathleisure.com,10417087611196,Mint Sculpt Crew Top,Women's Tops,CAVA Athleisure Pvt Ltd,53165455573308,XL,WTP0218GRXL,899.00,True,Available,1,https://cavaathleisure.com/products/mint-sculpt-crew-top
https://cavaathleisure.com,10417087611196,Mint Sculpt Crew Top,Women's Tops,CAVA Athleisure Pvt Ltd,53165455606076,XXL,WTP0218GRXXL,899.00,False,Sold Out,0,https://cavaathleisure.com/products/mint-sculpt-crew-top
https://cavaathleisure.com,10392429297980,"Navy 5"" Double Layer Rift Shorts",Men's Shorts,CAVA Athleisure Pvt Ltd,53081636012348,30,MSH5310NYS,1849.00,False,Sold Out,0,https://cavaathleisure.com/products/navy-5-double-layer-rift-shorts
https://cavaathleisure.com,10392429297980,"Navy 5"" Double Layer Rift Shorts",Men's Shorts,CAVA Athleisure Pvt Ltd,53081636045116,32,MSH5310NYM,1849.00,False,Sold Out,0,https://cavaathleisure.com/products/navy-5-double-layer-rift-shorts
https://cavaathleisure.com,10392429297980,"Navy 5"" Double Layer Rift Shorts",Men's Shorts,CAVA Athleisure Pvt Ltd,53081636077884,34,MSH5310NYL,1849.00,False,Sold Out,0,https://cavaathleisure.com/products/navy-5-double-layer-rift-shorts
https://cavaathleisure.com,10392429297980,"Navy 5"" Double Layer Rift Shorts",Men's Shorts,CAVA Athleisure Pvt Ltd,53081636110652,36,MSH5310NYXL,1849.00,False,Sold Out,0,https://cavaathleisure.com/products/navy-5-double-layer-rift-shorts
https://cavaathleisure.com,10392429297980,"Navy 5"" Double Layer Rift Shorts",Men's Shorts,CAVA Athleisure Pvt Ltd,53081636143420,38,MSH5310NYXXL,1849.00,True,Available,1,https://cavaathleisure.com/products/navy-5-double-layer-rift-shorts
https://cavaathleisure.com,10416665002300,Mint Sculpt Booty Shorts,Women's Shorts,CAVA Athleisure Pvt Ltd,53164440387900,XS,WSH0418GRXS,999.00,True,Available,1,https://cavaathleisure.com/products/mint-sculpt-booty-shorts
https://cavaathleisure.com,10416665002300,Mint Sculpt Booty Shorts,Women's Shorts,CAVA Athleisure Pvt Ltd,53164440420668,S,WSH0418GRS,999.00,True,Available,1,https://cavaathleisure.com/products/mint-sculpt-booty-shorts
https://cavaathleisure.com,10416665002300,Mint Sculpt Booty Shorts,Women's Shorts,CAVA Athleisure Pvt Ltd,53164440453436,M,WSH0418GRM,999.00,True,Available,1,https://cavaathleisure.com/products/mint-sculpt-booty-shorts
https://cavaathleisure.com,10416665002300,Mint Sculpt Booty Shorts,Women's Shorts,CAVA Athleisure Pvt Ltd,53164440486204,L,WSH0418GRL,999.00,True,Available,1,https://cavaathleisure.com/products/mint-sculpt-booty-shorts
https://cavaathleisure.com,10416665002300,Mint Sculpt Booty Shorts,Women's Shorts,CAVA Athleisure Pvt Ltd,53164440518972,XL,WSH0418GRXL,999.00,True,Available,1,https://cavaathleisure.com/products/mint-sculpt-booty-shorts
https://cavaathleisure.com,10416665002300,Mint Sculpt Booty Shorts,Women's Shorts,CAVA Athleisure Pvt Ltd,53164440551740,XXL,WSH0418GRXXL,999.00,True,Available,1,https://cavaathleisure.com/products/mint-sculpt-booty-shorts
https://cavaathleisure.com,10391957438780,Black Athletic Quarter-Zip,Men's T-shirts,CAVA Athleisure Pvt Ltd,53080196612412,S,MTS5710BKS,1699.00,False,Sold Out,0,https://cavaathleisure.com/products/black-athletic-quarter-zip
https://cavaathleisure.com,10391957438780,Black Athletic Quarter-Zip,Men's T-shirts,CAVA Athleisure Pvt Ltd,53080196645180,M,MTS5710BKM,1699.00,False,Sold Out,0,https://cavaathleisure.com/products/black-athletic-quarter-zip
https://cavaathleisure.com,10391957438780,Black Athletic Quarter-Zip,Men's T-shirts,CAVA Athleisure Pvt Ltd,53080196677948,L,MTS5710BKL,1699.00,False,Sold Out,0,https://cavaathleisure.com/products/black-athletic-quarter-zip
https://cavaathleisure.com,10391957438780,Black Athletic Quarter-Zip,Men's T-shirts,CAVA Athleisure Pvt Ltd,53080196710716,XL,MTS5710BKXL,1699.00,True,Available,1,https://cavaathleisure.com/products/black-athletic-quarter-zip
https://cavaathleisure.com,10391957438780,Black Athletic Quarter-Zip,Men's T-shirts,CAVA Athleisure Pvt Ltd,53080196743484,XXL,MTS5710BKXXL,1699.00,True,Available,1,https://cavaathleisure.com/products/black-athletic-quarter-zip
https://cavaathleisure.com,10417086726460,Pink Sculpt Crew Top,Women's Tops,CAVA Athleisure Pvt Ltd,53165454033212,XS,WTP0218PNXS,899.00,True,Available,1,https://cavaathleisure.com/products/pink-sculpt-crew-top
https://cavaathleisure.com,10417086726460,Pink Sculpt Crew Top,Women's Tops,CAVA Athleisure Pvt Ltd,53165454065980,S,WTP0218PNS,899.00,True,Available,1,https://cavaathleisure.com/products/pink-sculpt-crew-top
https://cavaathleisure.com,10417086726460,Pink Sculpt Crew Top,Women's Tops,CAVA Athleisure Pvt Ltd,53165454098748,M,WTP0218PNM,899.00,True,Available,1,https://cavaathleisure.com/products/pink-sculpt-crew-top
https://cavaathleisure.com,10417086726460,Pink Sculpt Crew Top,Women's Tops,CAVA Athleisure Pvt Ltd,53165454131516,L,WTP0218PNL,899.00,False,Sold Out,0,https://cavaathleisure.com/products/pink-sculpt-crew-top
https://cavaathleisure.com,10417086726460,Pink Sculpt Crew Top,Women's Tops,CAVA Athleisure Pvt Ltd,53165454164284,XL,WTP0218PNXL,899.00,False,Sold Out,0,https://cavaathleisure.com/products/pink-sculpt-crew-top
https://cavaathleisure.com,10417086726460,Pink Sculpt Crew Top,Women's Tops,CAVA Athleisure Pvt Ltd,53165454197052,XXL,WTP0218PNXXL,899.00,False,Sold Out,0,https://cavaathleisure.com/products/pink-sculpt-crew-top
https://cavaathleisure.com,10417073258812,Pink Sculpt Core Top,Women's Tops,CAVA Athleisure Pvt Ltd,53165433979196,XS,WTP0118PNXS,799.00,False,Sold Out,0,https://cavaathleisure.com/products/pink-sculpt-core-top
https://cavaathleisure.com,10417073258812,Pink Sculpt Core Top,Women's Tops,CAVA Athleisure Pvt Ltd,53165434011964,S,WTP0118PNS,799.00,True,Available,1,https://cavaathleisure.com/products/pink-sculpt-core-top
https://cavaathleisure.com,10417073258812,Pink Sculpt Core Top,Women's Tops,CAVA Athleisure Pvt Ltd,53165434044732,M,WTP0118PNM,799.00,False,Sold Out,0,https://cavaathleisure.com/products/pink-sculpt-core-top
https://cavaathleisure.com,10417073258812,Pink Sculpt Core Top,Women's Tops,CAVA Athleisure Pvt Ltd,53165434077500,L,WTP0118PNL,799.00,True,Available,1,https://cavaathleisure.com/products/pink-sculpt-core-top
https://cavaathleisure.com,10417073258812,Pink Sculpt Core Top,Women's Tops,CAVA Athleisure Pvt Ltd,53165434110268,XL,WTP0118PNXL,799.00,False,Sold Out,0,https://cavaathleisure.com/products/pink-sculpt-core-top
https://cavaathleisure.com,10417073258812,Pink Sculpt Core Top,Women's Tops,CAVA Athleisure Pvt Ltd,53165434143036,XXL,WTP0118PNXXL,799.00,False,Sold Out,0,https://cavaathleisure.com/products/pink-sculpt-core-top
https://cavaathleisure.com,10417070801212,Pink Sculpt Booty Shorts,Women's Shorts,CAVA Athleisure Pvt Ltd,53165428244796,XS,WSH0418PNXS,999.00,True,Available,1,https://cavaathleisure.com/products/pink-sculpt-booty-shorts
https://cavaathleisure.com,10417070801212,Pink Sculpt Booty Shorts,Women's Shorts,CAVA Athleisure Pvt Ltd,53165428277564,S,WSH0418PNS,999.00,True,Available,1,https://cavaathleisure.com/products/pink-sculpt-booty-shorts
https://cavaathleisure.com,10417070801212,Pink Sculpt Booty Shorts,Women's Shorts,CAVA Athleisure Pvt Ltd,53165428310332,M,WSH0418PNM,999.00,True,Available,1,https://cavaathleisure.com/products/pink-sculpt-booty-shorts
https://cavaathleisure.com,10417070801212,Pink Sculpt Booty Shorts,Women's Shorts,CAVA Athleisure Pvt Ltd,53165428343100,L,WSH0418PNL,999.00,True,Available,1,https://cavaathleisure.com/products/pink-sculpt-booty-shorts
https://cavaathleisure.com,10417070801212,Pink Sculpt Booty Shorts,Women's Shorts,CAVA Athleisure Pvt Ltd,53165428375868,XL,WSH0418PNXL,999.00,True,Available,1,https://cavaathleisure.com/products/pink-sculpt-booty-shorts
https://cavaathleisure.com,10417070801212,Pink Sculpt Booty Shorts,Women's Shorts,CAVA Athleisure Pvt Ltd,53165428408636,XXL,WSH0418PNXXL,999.00,False,Sold Out,0,https://cavaathleisure.com/products/pink-sculpt-booty-shorts
https://cavaathleisure.com,10416551526716,Mint Sculpt Bootcut Leggings,Flare Pants,CAVA Athleisure Pvt Ltd,53164004737340,XS,WFP0118GRXS,1299.00,True,Available,1,https://cavaathleisure.com/products/mint-sculpt-bootcut-leggings
https://cavaathleisure.com,10416551526716,Mint Sculpt Bootcut Leggings,Flare Pants,CAVA Athleisure Pvt Ltd,53164004770108,XS,WFP01T18GRXS,1299.00,True,Available,1,https://cavaathleisure.com/products/mint-sculpt-bootcut-leggings
https://cavaathleisure.com,10416551526716,Mint Sculpt Bootcut Leggings,Flare Pants,CAVA Athleisure Pvt Ltd,53164004802876,S,WFP0118GRS,1299.00,True,Available,1,https://cavaathleisure.com/products/mint-sculpt-bootcut-leggings
https://cavaathleisure.com,10416551526716,Mint Sculpt Bootcut Leggings,Flare Pants,CAVA Athleisure Pvt Ltd,53164004835644,S,WFP01T18GRS,1299.00,True,Available,1,https://cavaathleisure.com/products/mint-sculpt-bootcut-leggings
https://cavaathleisure.com,10416551526716,Mint Sculpt Bootcut Leggings,Flare Pants,CAVA Athleisure Pvt Ltd,53164004868412,M,WFP0118GRM,1299.00,True,Available,1,https://cavaathleisure.com/products/mint-sculpt-bootcut-leggings
https://cavaathleisure.com,10416551526716,Mint Sculpt Bootcut Leggings,Flare Pants,CAVA Athleisure Pvt Ltd,53164004901180,M,WFP01T18GRM,1299.00,True,Available,1,https://cavaathleisure.com/products/mint-sculpt-bootcut-leggings
https://cavaathleisure.com,10416551526716,Mint Sculpt Bootcut Leggings,Flare Pants,CAVA Athleisure Pvt Ltd,53164004933948,L,WFP0118GRL,1299.00,True,Available,1,https://cavaathleisure.com/products/mint-sculpt-bootcut-leggings
https://cavaathleisure.com,10416551526716,Mint Sculpt Bootcut Leggings,Flare Pants,CAVA Athleisure Pvt Ltd,53164004966716,L,WFP01T18GRL,1299.00,True,Available,1,https://cavaathleisure.com/products/mint-sculpt-bootcut-leggings
https://cavaathleisure.com,10416551526716,Mint Sculpt Bootcut Leggings,Flare Pants,CAVA Athleisure Pvt Ltd,53164004999484,XL,WFP0118GRXL,1299.00,True,Available,1,https://cavaathleisure.com/products/mint-sculpt-bootcut-leggings
https://cavaathleisure.com,10416551526716,Mint Sculpt Bootcut Leggings,Flare Pants,CAVA Athleisure Pvt Ltd,53164005032252,XL,WFP01T18GRXL,1299.00,True,Available,1,https://cavaathleisure.com/products/mint-sculpt-bootcut-leggings
https://cavaathleisure.com,10416551526716,Mint Sculpt Bootcut Leggings,Flare Pants,CAVA Athleisure Pvt Ltd,53164005065020,XXL,WFP0118GRXXL,1299.00,True,Available,1,https://cavaathleisure.com/products/mint-sculpt-bootcut-leggings
https://cavaathleisure.com,10416551526716,Mint Sculpt Bootcut Leggings,Flare Pants,CAVA Athleisure Pvt Ltd,53164005097788,XXL,WFP01T18GRXXL,1299.00,True,Available,1,https://cavaathleisure.com/products/mint-sculpt-bootcut-leggings
https://cavaathleisure.com,10416580329788,Pink Sculpt Core Leggings,Leggings,CAVA Athleisure Pvt Ltd,53164140724540,XS,WLG0218PNXS,1199.00,True,Available,1,https://cavaathleisure.com/products/pink-sculpt-core-leggings
https://cavaathleisure.com,10416580329788,Pink Sculpt Core Leggings,Leggings,CAVA Athleisure Pvt Ltd,53164140757308,S,WLG0218PNS,1199.00,True,Available,1,https://cavaathleisure.com/products/pink-sculpt-core-leggings
https://cavaathleisure.com,10416580329788,Pink Sculpt Core Leggings,Leggings,CAVA Athleisure Pvt Ltd,53164140790076,M,WLG0218PNM,1199.00,True,Available,1,https://cavaathleisure.com/products/pink-sculpt-core-leggings
https://cavaathleisure.com,10416580329788,Pink Sculpt Core Leggings,Leggings,CAVA Athleisure Pvt Ltd,53164140822844,L,WLG0218PNL,1199.00,True,Available,1,https://cavaathleisure.com/products/pink-sculpt-core-leggings
https://cavaathleisure.com,10416580329788,Pink Sculpt Core Leggings,Leggings,CAVA Athleisure Pvt Ltd,53164140855612,XL,WLG0218PNXL,1199.00,True,Available,1,https://cavaathleisure.com/products/pink-sculpt-core-leggings
https://cavaathleisure.com,10416580329788,Pink Sculpt Core Leggings,Leggings,CAVA Athleisure Pvt Ltd,53164140888380,XXL,WLG0218PNXXL,1199.00,True,Available,1,https://cavaathleisure.com/products/pink-sculpt-core-leggings
https://cavaathleisure.com,10418329551164,Cava Next Gen Card,Accessories,CAVA Athleisure Pvt Ltd,53169787699516,Default Title,Cava-Next-Gen-Card,0.00,True,Available,1,https://cavaathleisure.com/products/cava-next-gen-card
https://cavaathleisure.com,10411718377788,Pink Next Gen Swirl Skorts,Skorts and Skirts,CAVA Athleisure Pvt Ltd,53149625876796,10-11Y,GSK11145PN10-11Y,1299.00,False,Sold Out,0,https://cavaathleisure.com/products/pink-next-gen-swirl-skorts
https://cavaathleisure.com,10411718377788,Pink Next Gen Swirl Skorts,Skorts and Skirts,CAVA Athleisure Pvt Ltd,53149625909564,12-13Y,GSK11145PN12-13Y,1299.00,False,Sold Out,0,https://cavaathleisure.com/products/pink-next-gen-swirl-skorts
https://cavaathleisure.com,10411718377788,Pink Next Gen Swirl Skorts,Skorts and Skirts,CAVA Athleisure Pvt Ltd,53149625942332,14+Y,GSK11145PN14-Y,1299.00,True,Available,1,https://cavaathleisure.com/products/pink-next-gen-swirl-skorts
https://cavaathleisure.com,10411718541628,Cherry Next Gen Swirl Skorts,Skorts and Skirts,CAVA Athleisure Pvt Ltd,53149626106172,10-11Y,GSK11145RD10-11Y,1299.00,False,Sold Out,0,https://cavaathleisure.com/products/cherry-next-gen-swirl-skorts
https://cavaathleisure.com,10411718541628,Cherry Next Gen Swirl Skorts,Skorts and Skirts,CAVA Athleisure Pvt Ltd,53149626138940,12-13Y,GSK11145RD12-13Y,1299.00,False,Sold Out,0,https://cavaathleisure.com/products/cherry-next-gen-swirl-skorts
https://cavaathleisure.com,10411718541628,Cherry Next Gen Swirl Skorts,Skorts and Skirts,CAVA Athleisure Pvt Ltd,53149626171708,14+Y,GSK11145RD14-Y,1299.00,True,Available,1,https://cavaathleisure.com/products/cherry-next-gen-swirl-skorts
https://cavaathleisure.com,10416522756412,Pink Sculpt Bootcut Leggings,Flare Pants,CAVA Athleisure Pvt Ltd,53163837456700,XS,WFP0118PNXS,1299.00,False,Sold Out,0,https://cavaathleisure.com/products/pink-sculpt-bootcut-leggings
https://cavaathleisure.com,10416522756412,Pink Sculpt Bootcut Leggings,Flare Pants,CAVA Athleisure Pvt Ltd,53163837489468,XS,WFP01T18PNS,1299.00,True,Available,1,https://cavaathleisure.com/products/pink-sculpt-bootcut-leggings
https://cavaathleisure.com,10416522756412,Pink Sculpt Bootcut Leggings,Flare Pants,CAVA Athleisure Pvt Ltd,53163837522236,S,WFP0118PNS,1299.00,False,Sold Out,0,https://cavaathleisure.com/products/pink-sculpt-bootcut-leggings
https://cavaathleisure.com,10416522756412,Pink Sculpt Bootcut Leggings,Flare Pants,CAVA Athleisure Pvt Ltd,53163837555004,S,WFP01T18PNS,1299.00,True,Available,1,https://cavaathleisure.com/products/pink-sculpt-bootcut-leggings
https://cavaathleisure.com,10416522756412,Pink Sculpt Bootcut Leggings,Flare Pants,CAVA Athleisure Pvt Ltd,53163837587772,M,WFP0118PNM,1299.00,True,Available,1,https://cavaathleisure.com/products/pink-sculpt-bootcut-leggings
https://cavaathleisure.com,10416522756412,Pink Sculpt Bootcut Leggings,Flare Pants,CAVA Athleisure Pvt Ltd,53163837620540,M,WFP01T18PNM,1299.00,False,Sold Out,0,https://cavaathleisure.com/products/pink-sculpt-bootcut-leggings
https://cavaathleisure.com,10416522756412,Pink Sculpt Bootcut Leggings,Flare Pants,CAVA Athleisure Pvt Ltd,53163837653308,L,WFP0118PNL,1299.00,True,Available,1,https://cavaathleisure.com/products/pink-sculpt-bootcut-leggings
https://cavaathleisure.com,10416522756412,Pink Sculpt Bootcut Leggings,Flare Pants,CAVA Athleisure Pvt Ltd,53163837686076,L,WFP01T18PNL,1299.00,True,Available,1,https://cavaathleisure.com/products/pink-sculpt-bootcut-leggings
https://cavaathleisure.com,10416522756412,Pink Sculpt Bootcut Leggings,Flare Pants,CAVA Athleisure Pvt Ltd,53163837718844,XL,WFP0118PNXL,1299.00,True,Available,1,https://cavaathleisure.com/products/pink-sculpt-bootcut-leggings
https://cavaathleisure.com,10416522756412,Pink Sculpt Bootcut Leggings,Flare Pants,CAVA Athleisure Pvt Ltd,53163837751612,XL,WFP01T18PNXL,1299.00,True,Available,1,https://cavaathleisure.com/products/pink-sculpt-bootcut-leggings
https://cavaathleisure.com,10416522756412,Pink Sculpt Bootcut Leggings,Flare Pants,CAVA Athleisure Pvt Ltd,53163837784380,XXL,WFP0118PNXXL,1299.00,True,Available,1,https://cavaathleisure.com/products/pink-sculpt-bootcut-leggings
https://cavaathleisure.com,10416522756412,Pink Sculpt Bootcut Leggings,Flare Pants,CAVA Athleisure Pvt Ltd,53163837817148,XXL,WFP01T18PNXXL,1299.00,True,Available,1,https://cavaathleisure.com/products/pink-sculpt-bootcut-leggings
https://cavaathleisure.com,10014405329212,Wine Hyper Mesh Sports Bra,Sports Bras,CAVA Athleisure Pvt Ltd,51650201223484,XS,WSB102RDXS,1499.00,True,Available,1,https://cavaathleisure.com/products/wine-hyper-mesh-sports-bra
https://cavaathleisure.com,10014405329212,Wine Hyper Mesh Sports Bra,Sports Bras,CAVA Athleisure Pvt Ltd,51650201256252,S,WSB102RDS,1499.00,True,Available,1,https://cavaathleisure.com/products/wine-hyper-mesh-sports-bra
https://cavaathleisure.com,10014405329212,Wine Hyper Mesh Sports Bra,Sports Bras,CAVA Athleisure Pvt Ltd,51650201289020,M,WSB102RDM,1499.00,True,Available,1,https://cavaathleisure.com/products/wine-hyper-mesh-sports-bra
https://cavaathleisure.com,10014405329212,Wine Hyper Mesh Sports Bra,Sports Bras,CAVA Athleisure Pvt Ltd,51650201321788,L,WSB102RDL,1499.00,True,Available,1,https://cavaathleisure.com/products/wine-hyper-mesh-sports-bra
https://cavaathleisure.com,10014405329212,Wine Hyper Mesh Sports Bra,Sports Bras,CAVA Athleisure Pvt Ltd,51650201354556,XL,WSB102RDXL,1499.00,True,Available,1,https://cavaathleisure.com/products/wine-hyper-mesh-sports-bra
https://cavaathleisure.com,10014405329212,Wine Hyper Mesh Sports Bra,Sports Bras,CAVA Athleisure Pvt Ltd,51650201387324,XXL,WSB102RDXXL,1499.00,True,Available,1,https://cavaathleisure.com/products/wine-hyper-mesh-sports-bra
https://cavaathleisure.com,10411718082876,Black Next Gen Swirl Skorts,Skorts and Skirts,CAVA Athleisure Pvt Ltd,53149625319740,10-11Y,GSK11145BK10-11Y,1299.00,False,Sold Out,0,https://cavaathleisure.com/products/black-next-gen-swirl-skorts
https://cavaathleisure.com,10411718082876,Black Next Gen Swirl Skorts,Skorts and Skirts,CAVA Athleisure Pvt Ltd,53149625352508,12-13Y,GSK11145BK12-13Y,1299.00,False,Sold Out,0,https://cavaathleisure.com/products/black-next-gen-swirl-skorts
https://cavaathleisure.com,10411718082876,Black Next Gen Swirl Skorts,Skorts and Skirts,CAVA Athleisure Pvt Ltd,53149625385276,14+Y,GSK11145BK14-Y,1299.00,True,Available,1,https://cavaathleisure.com/products/black-next-gen-swirl-skorts
https://cavaathleisure.com,10411718213948,Steel Blue Next Gen Swirl Skorts,Skorts and Skirts,CAVA Athleisure Pvt Ltd,53149625680188,10-11Y,GSK11145BL10-11Y,1299.00,False,Sold Out,0,https://cavaathleisure.com/products/steel-blue-next-gen-swirl-skorts
https://cavaathleisure.com,10411718213948,Steel Blue Next Gen Swirl Skorts,Skorts and Skirts,CAVA Athleisure Pvt Ltd,53149625712956,12-13Y,GSK11145BL12-13Y,1299.00,True,Available,1,https://cavaathleisure.com/products/steel-blue-next-gen-swirl-skorts
https://cavaathleisure.com,10411718213948,Steel Blue Next Gen Swirl Skorts,Skorts and Skirts,CAVA Athleisure Pvt Ltd,53149625745724,14+Y,GSK11145BL14-Y,1299.00,True,Available,1,https://cavaathleisure.com/products/steel-blue-next-gen-swirl-skorts
https://cavaathleisure.com,10411701043516,Ivory Next Gen Swirl Skorts,Skorts and Skirts,CAVA Athleisure Pvt Ltd,53149619257660,10-11Y,GSK11145WH10-11Y,1299.00,False,Sold Out,0,https://cavaathleisure.com/products/ivory-next-gen-swirl-skorts
https://cavaathleisure.com,10411701043516,Ivory Next Gen Swirl Skorts,Skorts and Skirts,CAVA Athleisure Pvt Ltd,53149619290428,12-13Y,GSK11145WH12-13Y,1299.00,True,Available,1,https://cavaathleisure.com/products/ivory-next-gen-swirl-skorts
https://cavaathleisure.com,10411701043516,Ivory Next Gen Swirl Skorts,Skorts and Skirts,CAVA Athleisure Pvt Ltd,53149619323196,14+Y,GSK11145WH14-Y,1299.00,True,Available,1,https://cavaathleisure.com/products/ivory-next-gen-swirl-skorts
https://cavaathleisure.com,10411619746108,Cherry Next Gen Active Jacket,Girl's Jackets,CAVA Athleisure Pvt Ltd,53149134094652,10-11Y,GJK11245RD10-11Y,1599.00,False,Sold Out,0,https://cavaathleisure.com/products/cherry-next-gen-sculptor-jacket
https://cavaathleisure.com,10411619746108,Cherry Next Gen Active Jacket,Girl's Jackets,CAVA Athleisure Pvt Ltd,53149134127420,12-13Y,GJK11245RD12-13Y,1599.00,True,Available,1,https://cavaathleisure.com/products/cherry-next-gen-sculptor-jacket
https://cavaathleisure.com,10411619746108,Cherry Next Gen Active Jacket,Girl's Jackets,CAVA Athleisure Pvt Ltd,53149134160188,14+Y,GJK11245RD14-Y,1599.00,True,Available,1,https://cavaathleisure.com/products/cherry-next-gen-sculptor-jacket
https://cavaathleisure.com,10411619680572,Pink Next Gen Active Jacket,Girl's Jackets,CAVA Athleisure Pvt Ltd,53149133963580,10-11Y,GJK11245PN10-11Y,1599.00,False,Sold Out,0,https://cavaathleisure.com/products/blush-pink-next-gen-sculptor-jacket
https://cavaathleisure.com,10411619680572,Pink Next Gen Active Jacket,Girl's Jackets,CAVA Athleisure Pvt Ltd,53149133996348,12-13Y,GJK11245PN12-13Y,1599.00,True,Available,1,https://cavaathleisure.com/products/blush-pink-next-gen-sculptor-jacket
https://cavaathleisure.com,10411619680572,Pink Next Gen Active Jacket,Girl's Jackets,CAVA Athleisure Pvt Ltd,53149134029116,14+Y,GJK11245PN14-Y,1599.00,True,Available,1,https://cavaathleisure.com/products/blush-pink-next-gen-sculptor-jacket
https://cavaathleisure.com,10411619647804,Steel Blue Next Gen Active Jacket,Girl's Jackets,CAVA Athleisure Pvt Ltd,53149133865276,10-11Y,GJK11245BL10-11Y,1599.00,True,Available,1,https://cavaathleisure.com/products/steel-blue-next-gen-sculptor-jacket
https://cavaathleisure.com,10411619647804,Steel Blue Next Gen Active Jacket,Girl's Jackets,CAVA Athleisure Pvt Ltd,53149133898044,12-13Y,GJK11245BL12-13Y,1599.00,True,Available,1,https://cavaathleisure.com/products/steel-blue-next-gen-sculptor-jacket
https://cavaathleisure.com,10411619647804,Steel Blue Next Gen Active Jacket,Girl's Jackets,CAVA Athleisure Pvt Ltd,53149133930812,14+Y,GJK11245BL14-Y,1599.00,True,Available,1,https://cavaathleisure.com/products/steel-blue-next-gen-sculptor-jacket
https://cavaathleisure.com,10411619516732,Black Next Gen Active Jacket,Girl's Jackets,CAVA Athleisure Pvt Ltd,53149133668668,10-11Y,GJK11245BK10-11Y,1599.00,True,Available,1,https://cavaathleisure.com/products/black-next-gen-sculptor-jacket
https://cavaathleisure.com,10411619516732,Black Next Gen Active Jacket,Girl's Jackets,CAVA Athleisure Pvt Ltd,53149133701436,12-13Y,GJK11245BK12-13Y,1599.00,True,Available,1,https://cavaathleisure.com/products/black-next-gen-sculptor-jacket
https://cavaathleisure.com,10411619516732,Black Next Gen Active Jacket,Girl's Jackets,CAVA Athleisure Pvt Ltd,53149133734204,14+Y,GJK11245BK14-Y,1599.00,True,Available,1,https://cavaathleisure.com/products/black-next-gen-sculptor-jacket
https://cavaathleisure.com,10411580391740,Ivory Next Gen Active Jacket,Girl's Jackets,CAVA Athleisure Pvt Ltd,53149039264060,10-11Y,GJK11245WH10-11Y,1599.00,True,Available,1,https://cavaathleisure.com/products/ivory-next-gen-sculptor-jacket
https://cavaathleisure.com,10411580391740,Ivory Next Gen Active Jacket,Girl's Jackets,CAVA Athleisure Pvt Ltd,53149039296828,12-13Y,GJK11245WH12-13Y,1599.00,True,Available,1,https://cavaathleisure.com/products/ivory-next-gen-sculptor-jacket
https://cavaathleisure.com,10411580391740,Ivory Next Gen Active Jacket,Girl's Jackets,CAVA Athleisure Pvt Ltd,53149039329596,14+Y,GJK11245WH14-Y,1599.00,True,Available,1,https://cavaathleisure.com/products/ivory-next-gen-sculptor-jacket
https://cavaathleisure.com,10394760544572,Cherry Hourglass Booty Shorts,Women's Shorts,CAVA Athleisure Pvt Ltd,53091441312060,XS,WSH0818RDXS,1099.00,False,Sold Out,0,https://cavaathleisure.com/products/cherry-hourglass-booty-shorts
https://cavaathleisure.com,10394760544572,Cherry Hourglass Booty Shorts,Women's Shorts,CAVA Athleisure Pvt Ltd,53091441344828,S,WSH0818RDS,1099.00,True,Available,1,https://cavaathleisure.com/products/cherry-hourglass-booty-shorts
https://cavaathleisure.com,10394760544572,Cherry Hourglass Booty Shorts,Women's Shorts,CAVA Athleisure Pvt Ltd,53091441377596,M,WSH0818RDM,1099.00,True,Available,1,https://cavaathleisure.com/products/cherry-hourglass-booty-shorts
https://cavaathleisure.com,10394760544572,Cherry Hourglass Booty Shorts,Women's Shorts,CAVA Athleisure Pvt Ltd,53091441410364,L,WSH0818RDL,1099.00,True,Available,1,https://cavaathleisure.com/products/cherry-hourglass-booty-shorts
https://cavaathleisure.com,10394760544572,Cherry Hourglass Booty Shorts,Women's Shorts,CAVA Athleisure Pvt Ltd,53091441443132,XL,WSH0818RDXL,1099.00,False,Sold Out,0,https://cavaathleisure.com/products/cherry-hourglass-booty-shorts
https://cavaathleisure.com,10394760544572,Cherry Hourglass Booty Shorts,Women's Shorts,CAVA Athleisure Pvt Ltd,53091441475900,XXL,WSH0818RDXXL,1099.00,True,Available,1,https://cavaathleisure.com/products/cherry-hourglass-booty-shorts
https://cavaathleisure.com,10403370271036,Cherry Pleated Mini Dress,Women's Dress,CAVA athleisure,53122418803004,XS,WDR4918RDXS,2049.00,True,Available,1,https://cavaathleisure.com/products/cherry-pleated-mini-dress
https://cavaathleisure.com,10403370271036,Cherry Pleated Mini Dress,Women's Dress,CAVA athleisure,53122418835772,S,WDR4918RDS,2049.00,True,Available,1,https://cavaathleisure.com/products/cherry-pleated-mini-dress
https://cavaathleisure.com,10403370271036,Cherry Pleated Mini Dress,Women's Dress,CAVA athleisure,53122418868540,M,WDR4918RDM,2049.00,True,Available,1,https://cavaathleisure.com/products/cherry-pleated-mini-dress
https://cavaathleisure.com,10403370271036,Cherry Pleated Mini Dress,Women's Dress,CAVA athleisure,53122418901308,L,WDR4918RDL,2049.00,True,Available,1,https://cavaathleisure.com/products/cherry-pleated-mini-dress
https://cavaathleisure.com,10403370271036,Cherry Pleated Mini Dress,Women's Dress,CAVA athleisure,53122418934076,XL,WDR4918RDXL,2049.00,True,Available,1,https://cavaathleisure.com/products/cherry-pleated-mini-dress
https://cavaathleisure.com,10403370271036,Cherry Pleated Mini Dress,Women's Dress,CAVA athleisure,53122418966844,XXL,WDR4918RDXXL,2049.00,False,Sold Out,0,https://cavaathleisure.com/products/cherry-pleated-mini-dress
https://cavaathleisure.com,10403369025852,Green Pleated Mini Dress,Women's Dress,CAVA athleisure,53122416935228,XS,WDR4918GRXS,2049.00,True,Available,1,https://cavaathleisure.com/products/green-pleated-mini-dress
https://cavaathleisure.com,10403369025852,Green Pleated Mini Dress,Women's Dress,CAVA athleisure,53122416967996,S,WDR4918GRS,2049.00,True,Available,1,https://cavaathleisure.com/products/green-pleated-mini-dress
https://cavaathleisure.com,10403369025852,Green Pleated Mini Dress,Women's Dress,CAVA athleisure,53122417000764,M,WDR4918GRM,2049.00,True,Available,1,https://cavaathleisure.com/products/green-pleated-mini-dress
https://cavaathleisure.com,10403369025852,Green Pleated Mini Dress,Women's Dress,CAVA athleisure,53122417033532,L,WDR4918GRL,2049.00,True,Available,1,https://cavaathleisure.com/products/green-pleated-mini-dress
https://cavaathleisure.com,10403369025852,Green Pleated Mini Dress,Women's Dress,CAVA athleisure,53122417066300,XL,WDR4918GRXL,2049.00,True,Available,1,https://cavaathleisure.com/products/green-pleated-mini-dress
https://cavaathleisure.com,10403369025852,Green Pleated Mini Dress,Women's Dress,CAVA athleisure,53122417099068,XXL,WDR4918GRXXL,2049.00,True,Available,1,https://cavaathleisure.com/products/green-pleated-mini-dress
https://cavaathleisure.com,10402345058620,Black Pleated Mini Dress,Women's Dress,CAVA athleisure,53119025611068,XS,WDR4918BKXS,2049.00,True,Available,1,https://cavaathleisure.com/products/black-pleated-mini-dress
https://cavaathleisure.com,10402345058620,Black Pleated Mini Dress,Women's Dress,CAVA athleisure,53119025643836,S,WDR4918BKS,2049.00,True,Available,1,https://cavaathleisure.com/products/black-pleated-mini-dress
https://cavaathleisure.com,10402345058620,Black Pleated Mini Dress,Women's Dress,CAVA athleisure,53119025676604,M,WDR4918BKM,2049.00,True,Available,1,https://cavaathleisure.com/products/black-pleated-mini-dress
https://cavaathleisure.com,10402345058620,Black Pleated Mini Dress,Women's Dress,CAVA athleisure,53119025709372,L,WDR4918BKL,2049.00,True,Available,1,https://cavaathleisure.com/products/black-pleated-mini-dress
https://cavaathleisure.com,10402345058620,Black Pleated Mini Dress,Women's Dress,CAVA athleisure,53119025742140,XL,WDR4918BKXL,2049.00,True,Available,1,https://cavaathleisure.com/products/black-pleated-mini-dress
https://cavaathleisure.com,10402345058620,Black Pleated Mini Dress,Women's Dress,CAVA athleisure,53119025774908,XXL,WDR4918BKXXL,2049.00,False,Sold Out,0,https://cavaathleisure.com/products/black-pleated-mini-dress
https://cavaathleisure.com,10402225750332,Black Pintuck Flared Pants,Flare Pants,CAVA Athleisure Pvt Ltd,53118870978876,XS,WFP5218BKXS,1499.00,False,Sold Out,0,https://cavaathleisure.com/products/black-pintuck-flared-pants
https://cavaathleisure.com,10402225750332,Black Pintuck Flared Pants,Flare Pants,CAVA Athleisure Pvt Ltd,53118871011644,S,WFP5218BKS,1499.00,False,Sold Out,0,https://cavaathleisure.com/products/black-pintuck-flared-pants
https://cavaathleisure.com,10402225750332,Black Pintuck Flared Pants,Flare Pants,CAVA Athleisure Pvt Ltd,53118871044412,M,WFP5218BKM,1499.00,True,Available,1,https://cavaathleisure.com/products/black-pintuck-flared-pants
https://cavaathleisure.com,10402225750332,Black Pintuck Flared Pants,Flare Pants,CAVA Athleisure Pvt Ltd,53118871077180,L,WFP5218BKL,1499.00,False,Sold Out,0,https://cavaathleisure.com/products/black-pintuck-flared-pants
https://cavaathleisure.com,10402225750332,Black Pintuck Flared Pants,Flare Pants,CAVA Athleisure Pvt Ltd,53118871109948,XL,WFP5218BKXL,1499.00,False,Sold Out,0,https://cavaathleisure.com/products/black-pintuck-flared-pants
https://cavaathleisure.com,10402225750332,Black Pintuck Flared Pants,Flare Pants,CAVA Athleisure Pvt Ltd,53118871142716,XXL,WFP5218BKXXL,1499.00,False,Sold Out,0,https://cavaathleisure.com/products/black-pintuck-flared-pants
https://cavaathleisure.com,10402228633916,Cherry Pintuck Flared Pants,Flare Pants,CAVA Athleisure Pvt Ltd,53118881268028,XS,WFP5218RDXS,1499.00,True,Available,1,https://cavaathleisure.com/products/cherry-pintuck-flared-pants
https://cavaathleisure.com,10402228633916,Cherry Pintuck Flared Pants,Flare Pants,CAVA Athleisure Pvt Ltd,53118881300796,S,WFP5218RDS,1499.00,True,Available,1,https://cavaathleisure.com/products/cherry-pintuck-flared-pants
https://cavaathleisure.com,10402228633916,Cherry Pintuck Flared Pants,Flare Pants,CAVA Athleisure Pvt Ltd,53118881333564,M,WFP5218RDM,1499.00,True,Available,1,https://cavaathleisure.com/products/cherry-pintuck-flared-pants
https://cavaathleisure.com,10402228633916,Cherry Pintuck Flared Pants,Flare Pants,CAVA Athleisure Pvt Ltd,53118881366332,L,WFP5218RDL,1499.00,True,Available,1,https://cavaathleisure.com/products/cherry-pintuck-flared-pants
https://cavaathleisure.com,10402228633916,Cherry Pintuck Flared Pants,Flare Pants,CAVA Athleisure Pvt Ltd,53118881399100,XL,WFP5218RDXL,1499.00,True,Available,1,https://cavaathleisure.com/products/cherry-pintuck-flared-pants
https://cavaathleisure.com,10402228633916,Cherry Pintuck Flared Pants,Flare Pants,CAVA Athleisure Pvt Ltd,53118881431868,XXL,WFP5218RDXXL,1499.00,True,Available,1,https://cavaathleisure.com/products/cherry-pintuck-flared-pants
https://cavaathleisure.com,10402228044092,Green Pintuck Flared Pants,Flare Pants,CAVA Athleisure Pvt Ltd,53118876385596,XS,WFP5218GRXS,1499.00,True,Available,1,https://cavaathleisure.com/products/green-pintuck-flared-pants
https://cavaathleisure.com,10402228044092,Green Pintuck Flared Pants,Flare Pants,CAVA Athleisure Pvt Ltd,53118876418364,S,WFP5218GRS,1499.00,True,Available,1,https://cavaathleisure.com/products/green-pintuck-flared-pants
https://cavaathleisure.com,10402228044092,Green Pintuck Flared Pants,Flare Pants,CAVA Athleisure Pvt Ltd,53118876451132,M,WFP5218GRM,1499.00,True,Available,1,https://cavaathleisure.com/products/green-pintuck-flared-pants
https://cavaathleisure.com,10402228044092,Green Pintuck Flared Pants,Flare Pants,CAVA Athleisure Pvt Ltd,53118876483900,L,WFP5218GRL,1499.00,True,Available,1,https://cavaathleisure.com/products/green-pintuck-flared-pants
https://cavaathleisure.com,10402228044092,Green Pintuck Flared Pants,Flare Pants,CAVA Athleisure Pvt Ltd,53118876516668,XL,WFP5218GRXL,1499.00,True,Available,1,https://cavaathleisure.com/products/green-pintuck-flared-pants
https://cavaathleisure.com,10402228044092,Green Pintuck Flared Pants,Flare Pants,CAVA Athleisure Pvt Ltd,53118876549436,XXL,WFP5218GRXXL,1499.00,True,Available,1,https://cavaathleisure.com/products/green-pintuck-flared-pants
https://cavaathleisure.com,10385741578556,Cherry Club Corset Top,Women Topwear,CAVA Athleisure Pvt Ltd,53062966509884,XS,WTP4818RDXS,1249.00,True,Available,1,https://cavaathleisure.com/products/cherry-club-corset-top
https://cavaathleisure.com,10385741578556,Cherry Club Corset Top,Women Topwear,CAVA Athleisure Pvt Ltd,53062966542652,S,WTP4818RDS,1249.00,True,Available,1,https://cavaathleisure.com/products/cherry-club-corset-top
https://cavaathleisure.com,10385741578556,Cherry Club Corset Top,Women Topwear,CAVA Athleisure Pvt Ltd,53062966575420,M,WTP4818RDM,1249.00,True,Available,1,https://cavaathleisure.com/products/cherry-club-corset-top
https://cavaathleisure.com,10385741578556,Cherry Club Corset Top,Women Topwear,CAVA Athleisure Pvt Ltd,53062966608188,L,WTP4818RDL,1249.00,False,Sold Out,0,https://cavaathleisure.com/products/cherry-club-corset-top
https://cavaathleisure.com,10385741578556,Cherry Club Corset Top,Women Topwear,CAVA Athleisure Pvt Ltd,53062966640956,XL,WTP4818RDXL,1249.00,False,Sold Out,0,https://cavaathleisure.com/products/cherry-club-corset-top
https://cavaathleisure.com,10385741578556,Cherry Club Corset Top,Women Topwear,CAVA Athleisure Pvt Ltd,53062966673724,XXL,WTP4818RDXXL,1249.00,True,Available,1,https://cavaathleisure.com/products/cherry-club-corset-top
https://cavaathleisure.com,10385741447484,Green Club Corset Top,Women Topwear,CAVA Athleisure Pvt Ltd,53062965363004,XS,WTP4818GRXS,1249.00,True,Available,1,https://cavaathleisure.com/products/green-club-corset-top
https://cavaathleisure.com,10385741447484,Green Club Corset Top,Women Topwear,CAVA Athleisure Pvt Ltd,53062965395772,S,WTP4818GRS,1249.00,True,Available,1,https://cavaathleisure.com/products/green-club-corset-top
https://cavaathleisure.com,10385741447484,Green Club Corset Top,Women Topwear,CAVA Athleisure Pvt Ltd,53062965428540,M,WTP4818GRM,1249.00,True,Available,1,https://cavaathleisure.com/products/green-club-corset-top
https://cavaathleisure.com,10385741447484,Green Club Corset Top,Women Topwear,CAVA Athleisure Pvt Ltd,53062965461308,L,WTP4818GRL,1249.00,True,Available,1,https://cavaathleisure.com/products/green-club-corset-top
https://cavaathleisure.com,10385741447484,Green Club Corset Top,Women Topwear,CAVA Athleisure Pvt Ltd,53062965494076,XL,WTP4818GRXL,1249.00,True,Available,1,https://cavaathleisure.com/products/green-club-corset-top
https://cavaathleisure.com,10385741447484,Green Club Corset Top,Women Topwear,CAVA Athleisure Pvt Ltd,53062965526844,XXL,WTP4818GRXXL,1249.00,True,Available,1,https://cavaathleisure.com/products/green-club-corset-top
https://cavaathleisure.com,10393438552380,Lilac Hourglass Booty Shorts,Women's Shorts,CAVA Athleisure Pvt Ltd,53086832623932,XS,WSH0845PUXS,1099.00,False,Sold Out,0,https://cavaathleisure.com/products/lilac-hourglass-booty-shorts
https://cavaathleisure.com,10393438552380,Lilac Hourglass Booty Shorts,Women's Shorts,CAVA Athleisure Pvt Ltd,53086832656700,S,WSH0845PUS,1099.00,True,Available,1,https://cavaathleisure.com/products/lilac-hourglass-booty-shorts
https://cavaathleisure.com,10393438552380,Lilac Hourglass Booty Shorts,Women's Shorts,CAVA Athleisure Pvt Ltd,53086832689468,M,WSH0845PUM,1099.00,False,Sold Out,0,https://cavaathleisure.com/products/lilac-hourglass-booty-shorts
https://cavaathleisure.com,10393438552380,Lilac Hourglass Booty Shorts,Women's Shorts,CAVA Athleisure Pvt Ltd,53086832722236,L,WSH0845PUL,1099.00,True,Available,1,https://cavaathleisure.com/products/lilac-hourglass-booty-shorts
https://cavaathleisure.com,10393438552380,Lilac Hourglass Booty Shorts,Women's Shorts,CAVA Athleisure Pvt Ltd,53086832755004,XL,WSH0845PUXL,1099.00,False,Sold Out,0,https://cavaathleisure.com/products/lilac-hourglass-booty-shorts
https://cavaathleisure.com,10393438552380,Lilac Hourglass Booty Shorts,Women's Shorts,CAVA Athleisure Pvt Ltd,53086832787772,XXL,WSH0845PUXXL,1099.00,True,Available,1,https://cavaathleisure.com/products/lilac-hourglass-booty-shorts
https://cavaathleisure.com,10385739612476,Black Club Corset Top,Women Topwear,CAVA Athleisure Pvt Ltd,53062953173308,XS,WTP4818BKXS,1249.00,True,Available,1,https://cavaathleisure.com/products/black-club-corset-top
https://cavaathleisure.com,10385739612476,Black Club Corset Top,Women Topwear,CAVA Athleisure Pvt Ltd,53062953206076,S,WTP4818BKS,1249.00,True,Available,1,https://cavaathleisure.com/products/black-club-corset-top
https://cavaathleisure.com,10385739612476,Black Club Corset Top,Women Topwear,CAVA Athleisure Pvt Ltd,53062953238844,M,WTP4818BKM,1249.00,True,Available,1,https://cavaathleisure.com/products/black-club-corset-top
https://cavaathleisure.com,10385739612476,Black Club Corset Top,Women Topwear,CAVA Athleisure Pvt Ltd,53062953271612,L,WTP4818BKL,1249.00,True,Available,1,https://cavaathleisure.com/products/black-club-corset-top
https://cavaathleisure.com,10385739612476,Black Club Corset Top,Women Topwear,CAVA Athleisure Pvt Ltd,53062953304380,XL,WTP4818BKXL,1249.00,True,Available,1,https://cavaathleisure.com/products/black-club-corset-top
https://cavaathleisure.com,10385739612476,Black Club Corset Top,Women Topwear,CAVA Athleisure Pvt Ltd,53062953337148,XXL,WTP4818BKXXL,1249.00,True,Available,1,https://cavaathleisure.com/products/black-club-corset-top
https://cavaathleisure.com,10393439535420,Ruby Hourglass Booty Shorts,Women's Shorts,CAVA Athleisure Pvt Ltd,53086836392252,XS,WSH0845RDXS,1099.00,True,Available,1,https://cavaathleisure.com/products/ruby-hourglass-booty-shorts
https://cavaathleisure.com,10393439535420,Ruby Hourglass Booty Shorts,Women's Shorts,CAVA Athleisure Pvt Ltd,53086836425020,S,WSH0845RDS,1099.00,True,Available,1,https://cavaathleisure.com/products/ruby-hourglass-booty-shorts
https://cavaathleisure.com,10393439535420,Ruby Hourglass Booty Shorts,Women's Shorts,CAVA Athleisure Pvt Ltd,53086836457788,M,WSH0845RDM,1099.00,False,Sold Out,0,https://cavaathleisure.com/products/ruby-hourglass-booty-shorts
https://cavaathleisure.com,10393439535420,Ruby Hourglass Booty Shorts,Women's Shorts,CAVA Athleisure Pvt Ltd,53086836490556,L,WSH0845RDL,1099.00,False,Sold Out,0,https://cavaathleisure.com/products/ruby-hourglass-booty-shorts
https://cavaathleisure.com,10393439535420,Ruby Hourglass Booty Shorts,Women's Shorts,CAVA Athleisure Pvt Ltd,53086836523324,XL,WSH0845RDXL,1099.00,False,Sold Out,0,https://cavaathleisure.com/products/ruby-hourglass-booty-shorts
https://cavaathleisure.com,10393439535420,Ruby Hourglass Booty Shorts,Women's Shorts,CAVA Athleisure Pvt Ltd,53086836556092,XXL,WSH0845RDXXL,1099.00,False,Sold Out,0,https://cavaathleisure.com/products/ruby-hourglass-booty-shorts
https://cavaathleisure.com,10387852591420,Cherry Hourglass Snug Leggings,Leggings,CAVA Athleisure Pvt Ltd,53072095510844,XS,WLG1018RDXS,1299.00,True,Available,1,https://cavaathleisure.com/products/cherry-hourglass-snug-leggings
https://cavaathleisure.com,10387852591420,Cherry Hourglass Snug Leggings,Leggings,CAVA Athleisure Pvt Ltd,53072095543612,S,WLG1018RDS,1299.00,True,Available,1,https://cavaathleisure.com/products/cherry-hourglass-snug-leggings
https://cavaathleisure.com,10387852591420,Cherry Hourglass Snug Leggings,Leggings,CAVA Athleisure Pvt Ltd,53072095576380,M,WLG1018RDM,1299.00,True,Available,1,https://cavaathleisure.com/products/cherry-hourglass-snug-leggings
https://cavaathleisure.com,10387852591420,Cherry Hourglass Snug Leggings,Leggings,CAVA Athleisure Pvt Ltd,53072095609148,L,WLG1018RDL,1299.00,True,Available,1,https://cavaathleisure.com/products/cherry-hourglass-snug-leggings
https://cavaathleisure.com,10387852591420,Cherry Hourglass Snug Leggings,Leggings,CAVA Athleisure Pvt Ltd,53072095641916,XL,WLG1018RDXL,1299.00,True,Available,1,https://cavaathleisure.com/products/cherry-hourglass-snug-leggings
https://cavaathleisure.com,10387852591420,Cherry Hourglass Snug Leggings,Leggings,CAVA Athleisure Pvt Ltd,53072095674684,XXL,WLG1018RDXXL,1299.00,True,Available,1,https://cavaathleisure.com/products/cherry-hourglass-snug-leggings
https://cavaathleisure.com,10393063948604,Toasted ADPT™ Wrap Top,Crop Tops,CAVA Athleisure Pvt Ltd,53084484043068,XS,WTP10245BNXS,1299.00,True,Available,1,https://cavaathleisure.com/products/toasted-adpt-wrap-top
https://cavaathleisure.com,10393063948604,Toasted ADPT™ Wrap Top,Crop Tops,CAVA Athleisure Pvt Ltd,53084484075836,S,WTP10245BNS,1299.00,True,Available,1,https://cavaathleisure.com/products/toasted-adpt-wrap-top
https://cavaathleisure.com,10393063948604,Toasted ADPT™ Wrap Top,Crop Tops,CAVA Athleisure Pvt Ltd,53084484108604,M,WTP10245BNM,1299.00,True,Available,1,https://cavaathleisure.com/products/toasted-adpt-wrap-top
https://cavaathleisure.com,10393063948604,Toasted ADPT™ Wrap Top,Crop Tops,CAVA Athleisure Pvt Ltd,53084484141372,L,WTP10245BNL,1299.00,True,Available,1,https://cavaathleisure.com/products/toasted-adpt-wrap-top
https://cavaathleisure.com,10393063948604,Toasted ADPT™ Wrap Top,Crop Tops,CAVA Athleisure Pvt Ltd,53084484174140,XL,WTP10245BNXL,1299.00,True,Available,1,https://cavaathleisure.com/products/toasted-adpt-wrap-top
https://cavaathleisure.com,10393063948604,Toasted ADPT™ Wrap Top,Crop Tops,CAVA Athleisure Pvt Ltd,53084484206908,XXL,WTP10245BNXXL,1299.00,False,Sold Out,0,https://cavaathleisure.com/products/toasted-adpt-wrap-top
https://cavaathleisure.com,10393064472892,Blush ADPT™ Wrap Top,Crop Tops,CAVA Athleisure Pvt Ltd,53084490137916,XS,WTP10245PNXS,1299.00,True,Available,1,https://cavaathleisure.com/products/blush-adpt-wrap-top
https://cavaathleisure.com,10393064472892,Blush ADPT™ Wrap Top,Crop Tops,CAVA Athleisure Pvt Ltd,53084490170684,S,WTP10245PNS,1299.00,True,Available,1,https://cavaathleisure.com/products/blush-adpt-wrap-top
https://cavaathleisure.com,10393064472892,Blush ADPT™ Wrap Top,Crop Tops,CAVA Athleisure Pvt Ltd,53084490203452,M,WTP10245PNM,1299.00,True,Available,1,https://cavaathleisure.com/products/blush-adpt-wrap-top
https://cavaathleisure.com,10393064472892,Blush ADPT™ Wrap Top,Crop Tops,CAVA Athleisure Pvt Ltd,53084490236220,L,WTP10245PNL,1299.00,False,Sold Out,0,https://cavaathleisure.com/products/blush-adpt-wrap-top
https://cavaathleisure.com,10393064472892,Blush ADPT™ Wrap Top,Crop Tops,CAVA Athleisure Pvt Ltd,53084490268988,XL,WTP10245PNXL,1299.00,True,Available,1,https://cavaathleisure.com/products/blush-adpt-wrap-top
https://cavaathleisure.com,10393064472892,Blush ADPT™ Wrap Top,Crop Tops,CAVA Athleisure Pvt Ltd,53084490301756,XXL,WTP10245PNXXL,1299.00,True,Available,1,https://cavaathleisure.com/products/blush-adpt-wrap-top
https://cavaathleisure.com,10393064145212,Ruby ADPT™ Wrap Top,Crop Tops,CAVA Athleisure Pvt Ltd,53084489253180,XS,WTP10245RDXS,1299.00,False,Sold Out,0,https://cavaathleisure.com/products/ruby-adpt-wrap-top
https://cavaathleisure.com,10393064145212,Ruby ADPT™ Wrap Top,Crop Tops,CAVA Athleisure Pvt Ltd,53084489285948,S,WTP10245RDS,1299.00,False,Sold Out,0,https://cavaathleisure.com/products/ruby-adpt-wrap-top
https://cavaathleisure.com,10393064145212,Ruby ADPT™ Wrap Top,Crop Tops,CAVA Athleisure Pvt Ltd,53084489318716,M,WTP10245RDM,1299.00,False,Sold Out,0,https://cavaathleisure.com/products/ruby-adpt-wrap-top
https://cavaathleisure.com,10393064145212,Ruby ADPT™ Wrap Top,Crop Tops,CAVA Athleisure Pvt Ltd,53084489351484,L,WTP10245RDL,1299.00,False,Sold Out,0,https://cavaathleisure.com/products/ruby-adpt-wrap-top
https://cavaathleisure.com,10393064145212,Ruby ADPT™ Wrap Top,Crop Tops,CAVA Athleisure Pvt Ltd,53084489384252,XL,WTP10245RDXL,1299.00,False,Sold Out,0,https://cavaathleisure.com/products/ruby-adpt-wrap-top
https://cavaathleisure.com,10393064145212,Ruby ADPT™ Wrap Top,Crop Tops,CAVA Athleisure Pvt Ltd,53084489417020,XXL,WTP10245RDXXL,1299.00,False,Sold Out,0,https://cavaathleisure.com/products/ruby-adpt-wrap-top
https://cavaathleisure.com,10393052545340,Lilac ADPT™ Wrap Top,Crop Tops,CAVA Athleisure Pvt Ltd,53084433350972,XS,WTP10245PUXS,1299.00,True,Available,1,https://cavaathleisure.com/products/lilac-adpt™-wrap-top
https://cavaathleisure.com,10393052545340,Lilac ADPT™ Wrap Top,Crop Tops,CAVA Athleisure Pvt Ltd,53084433383740,S,WTP10245PUS,1299.00,True,Available,1,https://cavaathleisure.com/products/lilac-adpt™-wrap-top
https://cavaathleisure.com,10393052545340,Lilac ADPT™ Wrap Top,Crop Tops,CAVA Athleisure Pvt Ltd,53084433416508,M,WTP10245PUM,1299.00,True,Available,1,https://cavaathleisure.com/products/lilac-adpt™-wrap-top
https://cavaathleisure.com,10393052545340,Lilac ADPT™ Wrap Top,Crop Tops,CAVA Athleisure Pvt Ltd,53084433449276,L,WTP10245PUL,1299.00,True,Available,1,https://cavaathleisure.com/products/lilac-adpt™-wrap-top
https://cavaathleisure.com,10393052545340,Lilac ADPT™ Wrap Top,Crop Tops,CAVA Athleisure Pvt Ltd,53084433482044,XL,WTP10245PUXL,1299.00,True,Available,1,https://cavaathleisure.com/products/lilac-adpt™-wrap-top
https://cavaathleisure.com,10393052545340,Lilac ADPT™ Wrap Top,Crop Tops,CAVA Athleisure Pvt Ltd,53084433514812,XXL,WTP10245PUXXL,1299.00,True,Available,1,https://cavaathleisure.com/products/lilac-adpt™-wrap-top
https://cavaathleisure.com,10393064341820,Ivory ADPT™ Wrap Top,Crop Tops,CAVA Athleisure Pvt Ltd,53084489613628,XS,WTP10245WHXS,1299.00,True,Available,1,https://cavaathleisure.com/products/ivory-adpt-wrap-top
https://cavaathleisure.com,10393064341820,Ivory ADPT™ Wrap Top,Crop Tops,CAVA Athleisure Pvt Ltd,53084489646396,S,WTP10245WHS,1299.00,True,Available,1,https://cavaathleisure.com/products/ivory-adpt-wrap-top
https://cavaathleisure.com,10393064341820,Ivory ADPT™ Wrap Top,Crop Tops,CAVA Athleisure Pvt Ltd,53084489679164,M,WTP10245WHM,1299.00,True,Available,1,https://cavaathleisure.com/products/ivory-adpt-wrap-top
https://cavaathleisure.com,10393064341820,Ivory ADPT™ Wrap Top,Crop Tops,CAVA Athleisure Pvt Ltd,53084489711932,L,WTP10245WHL,1299.00,True,Available,1,https://cavaathleisure.com/products/ivory-adpt-wrap-top
https://cavaathleisure.com,10393064341820,Ivory ADPT™ Wrap Top,Crop Tops,CAVA Athleisure Pvt Ltd,53084489744700,XL,WTP10245WHXL,1299.00,True,Available,1,https://cavaathleisure.com/products/ivory-adpt-wrap-top
https://cavaathleisure.com,10393064341820,Ivory ADPT™ Wrap Top,Crop Tops,CAVA Athleisure Pvt Ltd,53084489777468,XXL,WTP10245WHXXL,1299.00,True,Available,1,https://cavaathleisure.com/products/ivory-adpt-wrap-top
https://cavaathleisure.com,10392427725116,Ice Blue Athletic Quarter-Zip,Men's T-shirts,CAVA Athleisure Pvt Ltd,53081630081340,S,MTS5710BLS,1699.00,False,Sold Out,0,https://cavaathleisure.com/products/ice-blue-athletic-quarter-zip
https://cavaathleisure.com,10392427725116,Ice Blue Athletic Quarter-Zip,Men's T-shirts,CAVA Athleisure Pvt Ltd,53081630114108,M,MTS5710BLM,1699.00,False,Sold Out,0,https://cavaathleisure.com/products/ice-blue-athletic-quarter-zip
https://cavaathleisure.com,10392427725116,Ice Blue Athletic Quarter-Zip,Men's T-shirts,CAVA Athleisure Pvt Ltd,53081630146876,L,MTS5710BLL,1699.00,False,Sold Out,0,https://cavaathleisure.com/products/ice-blue-athletic-quarter-zip
https://cavaathleisure.com,10392427725116,Ice Blue Athletic Quarter-Zip,Men's T-shirts,CAVA Athleisure Pvt Ltd,53081630179644,XL,MTS5710BLXL,1699.00,True,Available,1,https://cavaathleisure.com/products/ice-blue-athletic-quarter-zip
https://cavaathleisure.com,10392427725116,Ice Blue Athletic Quarter-Zip,Men's T-shirts,CAVA Athleisure Pvt Ltd,53081630212412,XXL,MTS5710BLXXL,1699.00,True,Available,1,https://cavaathleisure.com/products/ice-blue-athletic-quarter-zip
https://cavaathleisure.com,10392427757884,Navy Athletic Quarter-Zip,Men's T-shirts,CAVA Athleisure Pvt Ltd,53081630245180,S,MTS5710NYS,1699.00,False,Sold Out,0,https://cavaathleisure.com/products/navy-athletic-quarter-zip
https://cavaathleisure.com,10392427757884,Navy Athletic Quarter-Zip,Men's T-shirts,CAVA Athleisure Pvt Ltd,53081630277948,M,MTS5710NYM,1699.00,False,Sold Out,0,https://cavaathleisure.com/products/navy-athletic-quarter-zip
https://cavaathleisure.com,10392427757884,Navy Athletic Quarter-Zip,Men's T-shirts,CAVA Athleisure Pvt Ltd,53081630310716,L,MTS5710NYL,1699.00,False,Sold Out,0,https://cavaathleisure.com/products/navy-athletic-quarter-zip
https://cavaathleisure.com,10392427757884,Navy Athletic Quarter-Zip,Men's T-shirts,CAVA Athleisure Pvt Ltd,53081630343484,XL,MTS5710NYXL,1699.00,True,Available,1,https://cavaathleisure.com/products/navy-athletic-quarter-zip
https://cavaathleisure.com,10392427757884,Navy Athletic Quarter-Zip,Men's T-shirts,CAVA Athleisure Pvt Ltd,53081630376252,XXL,MTS5710NYXXL,1699.00,True,Available,1,https://cavaathleisure.com/products/navy-athletic-quarter-zip
https://cavaathleisure.com,10387874808124,Black Wide Leg Joggers,Men's Joggers,CAVA Athleisure Pvt Ltd,53072198992188,S,MJR1716JBKS,1399.00,False,Sold Out,0,https://cavaathleisure.com/products/black-wide-leg-joggers
https://cavaathleisure.com,10387874808124,Black Wide Leg Joggers,Men's Joggers,CAVA Athleisure Pvt Ltd,53072199024956,M,MJR1716JBKM,1399.00,False,Sold Out,0,https://cavaathleisure.com/products/black-wide-leg-joggers
https://cavaathleisure.com,10387874808124,Black Wide Leg Joggers,Men's Joggers,CAVA Athleisure Pvt Ltd,53072199057724,L,MJR1716JBKL,1399.00,False,Sold Out,0,https://cavaathleisure.com/products/black-wide-leg-joggers
https://cavaathleisure.com,10387874808124,Black Wide Leg Joggers,Men's Joggers,CAVA Athleisure Pvt Ltd,53072199090492,XL,MJR1716JBKXL,1399.00,False,Sold Out,0,https://cavaathleisure.com/products/black-wide-leg-joggers
https://cavaathleisure.com,10387874808124,Black Wide Leg Joggers,Men's Joggers,CAVA Athleisure Pvt Ltd,53072199123260,XXL,MJR1716JBKXXL,1399.00,False,Sold Out,0,https://cavaathleisure.com/products/black-wide-leg-joggers
https://cavaathleisure.com,10387489915196,Cherry Hourglass Flared Leggings,Flare Pants,CAVA Athleisure Pvt Ltd,53070157611324,XS,WFPACU0118RDXS,1429.00,True,Available,1,https://cavaathleisure.com/products/cherry-hourglass-flared-leggings
https://cavaathleisure.com,10387489915196,Cherry Hourglass Flared Leggings,Flare Pants,CAVA Athleisure Pvt Ltd,53070157644092,XS,WFPACU0218RDXS,1429.00,True,Available,1,https://cavaathleisure.com/products/cherry-hourglass-flared-leggings
https://cavaathleisure.com,10387489915196,Cherry Hourglass Flared Leggings,Flare Pants,CAVA Athleisure Pvt Ltd,53070157676860,XS,WFPACU0418RDXS,1429.00,True,Available,1,https://cavaathleisure.com/products/cherry-hourglass-flared-leggings
https://cavaathleisure.com,10387489915196,Cherry Hourglass Flared Leggings,Flare Pants,CAVA Athleisure Pvt Ltd,53070157709628,S,WFPACU0118RDS,1429.00,True,Available,1,https://cavaathleisure.com/products/cherry-hourglass-flared-leggings
https://cavaathleisure.com,10387489915196,Cherry Hourglass Flared Leggings,Flare Pants,CAVA Athleisure Pvt Ltd,53070157742396,S,WFPACU0218RDS,1429.00,True,Available,1,https://cavaathleisure.com/products/cherry-hourglass-flared-leggings
https://cavaathleisure.com,10387489915196,Cherry Hourglass Flared Leggings,Flare Pants,CAVA Athleisure Pvt Ltd,53070157775164,S,WFPACU0418RDS,1429.00,True,Available,1,https://cavaathleisure.com/products/cherry-hourglass-flared-leggings
https://cavaathleisure.com,10387489915196,Cherry Hourglass Flared Leggings,Flare Pants,CAVA Athleisure Pvt Ltd,53070157807932,M,WFPACU0118RDM,1429.00,True,Available,1,https://cavaathleisure.com/products/cherry-hourglass-flared-leggings
https://cavaathleisure.com,10387489915196,Cherry Hourglass Flared Leggings,Flare Pants,CAVA Athleisure Pvt Ltd,53070157840700,M,WFPACU0218RDM,1429.00,True,Available,1,https://cavaathleisure.com/products/cherry-hourglass-flared-leggings
https://cavaathleisure.com,10387489915196,Cherry Hourglass Flared Leggings,Flare Pants,CAVA Athleisure Pvt Ltd,53070157873468,M,WFPACU0418RDM,1429.00,True,Available,1,https://cavaathleisure.com/products/cherry-hourglass-flared-leggings
https://cavaathleisure.com,10387489915196,Cherry Hourglass Flared Leggings,Flare Pants,CAVA Athleisure Pvt Ltd,53070157906236,L,WFPACU0118RDL,1429.00,True,Available,1,https://cavaathleisure.com/products/cherry-hourglass-flared-leggings
https://cavaathleisure.com,10387489915196,Cherry Hourglass Flared Leggings,Flare Pants,CAVA Athleisure Pvt Ltd,53070157939004,L,WFPACU0218RDL,1429.00,True,Available,1,https://cavaathleisure.com/products/cherry-hourglass-flared-leggings
https://cavaathleisure.com,10387489915196,Cherry Hourglass Flared Leggings,Flare Pants,CAVA Athleisure Pvt Ltd,53070157971772,L,WFPACU0418RDL,1429.00,True,Available,1,https://cavaathleisure.com/products/cherry-hourglass-flared-leggings
https://cavaathleisure.com,10387489915196,Cherry Hourglass Flared Leggings,Flare Pants,CAVA Athleisure Pvt Ltd,53070158004540,XL,WFPACU0118RDXL,1429.00,True,Available,1,https://cavaathleisure.com/products/cherry-hourglass-flared-leggings
https://cavaathleisure.com,10387489915196,Cherry Hourglass Flared Leggings,Flare Pants,CAVA Athleisure Pvt Ltd,53070158037308,XL,WFPACU0218RDXL,1429.00,True,Available,1,https://cavaathleisure.com/products/cherry-hourglass-flared-leggings
https://cavaathleisure.com,10387489915196,Cherry Hourglass Flared Leggings,Flare Pants,CAVA Athleisure Pvt Ltd,53070158070076,XL,WFPACU0418RDXL,1429.00,True,Available,1,https://cavaathleisure.com/products/cherry-hourglass-flared-leggings
https://cavaathleisure.com,10387489915196,Cherry Hourglass Flared Leggings,Flare Pants,CAVA Athleisure Pvt Ltd,53070158102844,XXL,WFPACU0118RDXXL,1429.00,True,Available,1,https://cavaathleisure.com/products/cherry-hourglass-flared-leggings
https://cavaathleisure.com,10387489915196,Cherry Hourglass Flared Leggings,Flare Pants,CAVA Athleisure Pvt Ltd,53070158135612,XXL,WFPACU0218RDXXL,1429.00,False,Sold Out,0,https://cavaathleisure.com/products/cherry-hourglass-flared-leggings
https://cavaathleisure.com,10387489915196,Cherry Hourglass Flared Leggings,Flare Pants,CAVA Athleisure Pvt Ltd,53070158168380,XXL,WFPACU0418RDXXL,1429.00,True,Available,1,https://cavaathleisure.com/products/cherry-hourglass-flared-leggings
https://cavaathleisure.com,10393081938236,Lilac Refine Crop Tank,Crop Tops,CAVA Athleisure Pvt Ltd,53084564324668,XS,WTN10145PUXS,999.00,True,Available,1,https://cavaathleisure.com/products/lilac-refine-crop-tank
https://cavaathleisure.com,10393081938236,Lilac Refine Crop Tank,Crop Tops,CAVA Athleisure Pvt Ltd,53084564357436,S,WTN10145PUS,999.00,True,Available,1,https://cavaathleisure.com/products/lilac-refine-crop-tank
https://cavaathleisure.com,10393081938236,Lilac Refine Crop Tank,Crop Tops,CAVA Athleisure Pvt Ltd,53084564390204,M,WTN10145PUM,999.00,True,Available,1,https://cavaathleisure.com/products/lilac-refine-crop-tank
https://cavaathleisure.com,10393081938236,Lilac Refine Crop Tank,Crop Tops,CAVA Athleisure Pvt Ltd,53084564422972,L,WTN10145PUL,999.00,True,Available,1,https://cavaathleisure.com/products/lilac-refine-crop-tank
https://cavaathleisure.com,10393081938236,Lilac Refine Crop Tank,Crop Tops,CAVA Athleisure Pvt Ltd,53084564455740,XL,WTN10145PUXL,999.00,True,Available,1,https://cavaathleisure.com/products/lilac-refine-crop-tank
https://cavaathleisure.com,10393081938236,Lilac Refine Crop Tank,Crop Tops,CAVA Athleisure Pvt Ltd,53084564488508,XXL,WTN10145PUXXL,999.00,True,Available,1,https://cavaathleisure.com/products/lilac-refine-crop-tank
https://cavaathleisure.com,10393076662588,Ruby Refine Crop Tank,Crop Tops,CAVA Athleisure Pvt Ltd,53084555673916,XS,WTN10145RDXS,999.00,True,Available,1,https://cavaathleisure.com/products/ruby-refine-crop-tank
https://cavaathleisure.com,10393076662588,Ruby Refine Crop Tank,Crop Tops,CAVA Athleisure Pvt Ltd,53084555706684,S,WTN10145RDS,999.00,True,Available,1,https://cavaathleisure.com/products/ruby-refine-crop-tank
https://cavaathleisure.com,10393076662588,Ruby Refine Crop Tank,Crop Tops,CAVA Athleisure Pvt Ltd,53084555739452,M,WTN10145RDM,999.00,True,Available,1,https://cavaathleisure.com/products/ruby-refine-crop-tank
https://cavaathleisure.com,10393076662588,Ruby Refine Crop Tank,Crop Tops,CAVA Athleisure Pvt Ltd,53084555772220,L,WTN10145RDL,999.00,True,Available,1,https://cavaathleisure.com/products/ruby-refine-crop-tank
https://cavaathleisure.com,10393076662588,Ruby Refine Crop Tank,Crop Tops,CAVA Athleisure Pvt Ltd,53084555804988,XL,WTN10145RDXL,999.00,True,Available,1,https://cavaathleisure.com/products/ruby-refine-crop-tank
https://cavaathleisure.com,10393076662588,Ruby Refine Crop Tank,Crop Tops,CAVA Athleisure Pvt Ltd,53084555837756,XXL,WTN10145RDXXL,999.00,True,Available,1,https://cavaathleisure.com/products/ruby-refine-crop-tank
https://cavaathleisure.com,10393081807164,Steel Blue Refine Crop Tank,Crop Tops,CAVA Athleisure Pvt Ltd,53084564029756,XS,WTN10145BLXS,999.00,True,Available,1,https://cavaathleisure.com/products/steel-blue-refine-crop-tank
https://cavaathleisure.com,10393081807164,Steel Blue Refine Crop Tank,Crop Tops,CAVA Athleisure Pvt Ltd,53084564062524,S,WTN10145BLS,999.00,True,Available,1,https://cavaathleisure.com/products/steel-blue-refine-crop-tank
https://cavaathleisure.com,10393081807164,Steel Blue Refine Crop Tank,Crop Tops,CAVA Athleisure Pvt Ltd,53084564095292,M,WTN10145BLM,999.00,True,Available,1,https://cavaathleisure.com/products/steel-blue-refine-crop-tank
https://cavaathleisure.com,10393081807164,Steel Blue Refine Crop Tank,Crop Tops,CAVA Athleisure Pvt Ltd,53084564128060,L,WTN10145BLL,999.00,True,Available,1,https://cavaathleisure.com/products/steel-blue-refine-crop-tank
https://cavaathleisure.com,10393081807164,Steel Blue Refine Crop Tank,Crop Tops,CAVA Athleisure Pvt Ltd,53084564160828,XL,WTN10145BLXL,999.00,True,Available,1,https://cavaathleisure.com/products/steel-blue-refine-crop-tank
https://cavaathleisure.com,10393081807164,Steel Blue Refine Crop Tank,Crop Tops,CAVA Athleisure Pvt Ltd,53084564193596,XXL,WTN10145BLXXL,999.00,True,Available,1,https://cavaathleisure.com/products/steel-blue-refine-crop-tank
https://cavaathleisure.com,10393437536572,Navy Contrast Techpique Sleeveless Polo,Women's Tops,CAVA athleisure,53086828790076,XS,WTPCS0410NYXS,1359.00,True,Available,1,https://cavaathleisure.com/products/navy-contrast-techpique-sleeveless-polo
https://cavaathleisure.com,10393437536572,Navy Contrast Techpique Sleeveless Polo,Women's Tops,CAVA athleisure,53086828822844,S,WTPCS0410NYS,1359.00,True,Available,1,https://cavaathleisure.com/products/navy-contrast-techpique-sleeveless-polo
https://cavaathleisure.com,10393437536572,Navy Contrast Techpique Sleeveless Polo,Women's Tops,CAVA athleisure,53086828855612,M,WTPCS0410NYM,1359.00,True,Available,1,https://cavaathleisure.com/products/navy-contrast-techpique-sleeveless-polo
https://cavaathleisure.com,10393437536572,Navy Contrast Techpique Sleeveless Polo,Women's Tops,CAVA athleisure,53086828888380,L,WTPCS0410NYL,1359.00,True,Available,1,https://cavaathleisure.com/products/navy-contrast-techpique-sleeveless-polo
https://cavaathleisure.com,10393437536572,Navy Contrast Techpique Sleeveless Polo,Women's Tops,CAVA athleisure,53086828921148,XL,WTPCS0410NYXL,1359.00,True,Available,1,https://cavaathleisure.com/products/navy-contrast-techpique-sleeveless-polo
https://cavaathleisure.com,10393437536572,Navy Contrast Techpique Sleeveless Polo,Women's Tops,CAVA athleisure,53086828953916,XXL,WTPCS0410NYXXL,1359.00,True,Available,1,https://cavaathleisure.com/products/navy-contrast-techpique-sleeveless-polo
https://cavaathleisure.com,10393435668796,Ivory Contrast Techpique Sleeveless Polo,Women's Tops,CAVA athleisure,53086821417276,XS,WTPCS0410WHXS,1359.00,True,Available,1,https://cavaathleisure.com/products/ivory-contrast-techpique-sleeveless-polo
https://cavaathleisure.com,10393435668796,Ivory Contrast Techpique Sleeveless Polo,Women's Tops,CAVA athleisure,53086821450044,S,WTPCS0410WHS,1359.00,True,Available,1,https://cavaathleisure.com/products/ivory-contrast-techpique-sleeveless-polo
https://cavaathleisure.com,10393435668796,Ivory Contrast Techpique Sleeveless Polo,Women's Tops,CAVA athleisure,53086821482812,M,WTPCS0410WHM,1359.00,True,Available,1,https://cavaathleisure.com/products/ivory-contrast-techpique-sleeveless-polo
https://cavaathleisure.com,10393435668796,Ivory Contrast Techpique Sleeveless Polo,Women's Tops,CAVA athleisure,53086821515580,L,WTPCS0410WHL,1359.00,True,Available,1,https://cavaathleisure.com/products/ivory-contrast-techpique-sleeveless-polo
https://cavaathleisure.com,10393435668796,Ivory Contrast Techpique Sleeveless Polo,Women's Tops,CAVA athleisure,53086821548348,XL,WTPCS0410WHXL,1359.00,True,Available,1,https://cavaathleisure.com/products/ivory-contrast-techpique-sleeveless-polo
https://cavaathleisure.com,10393435668796,Ivory Contrast Techpique Sleeveless Polo,Women's Tops,CAVA athleisure,53086821581116,XXL,WTPCS0410WHXXL,1359.00,True,Available,1,https://cavaathleisure.com/products/ivory-contrast-techpique-sleeveless-polo
https://cavaathleisure.com,10393026363708,Green Contour Jacket,Women's Jackets,CAVA Athleisure Pvt Ltd,53084184117564,XS,WJK4718GRXS,2199.00,True,Available,1,https://cavaathleisure.com/products/green-contour-jacket
https://cavaathleisure.com,10393026363708,Green Contour Jacket,Women's Jackets,CAVA Athleisure Pvt Ltd,53084184150332,S,WJK4718GRS,2199.00,True,Available,1,https://cavaathleisure.com/products/green-contour-jacket
https://cavaathleisure.com,10393026363708,Green Contour Jacket,Women's Jackets,CAVA Athleisure Pvt Ltd,53084184183100,M,WJK4718GRM,2199.00,True,Available,1,https://cavaathleisure.com/products/green-contour-jacket
https://cavaathleisure.com,10393026363708,Green Contour Jacket,Women's Jackets,CAVA Athleisure Pvt Ltd,53084184215868,L,WJK4718GRL,2199.00,True,Available,1,https://cavaathleisure.com/products/green-contour-jacket
https://cavaathleisure.com,10393026363708,Green Contour Jacket,Women's Jackets,CAVA Athleisure Pvt Ltd,53084184248636,XL,WJK4718GRXL,2199.00,True,Available,1,https://cavaathleisure.com/products/green-contour-jacket
https://cavaathleisure.com,10393026363708,Green Contour Jacket,Women's Jackets,CAVA Athleisure Pvt Ltd,53084184281404,XXL,WJK4718GRXXL,2199.00,True,Available,1,https://cavaathleisure.com/products/green-contour-jacket
https://cavaathleisure.com,10391999971644,"Black 5"" Double Layer Rift Shorts",Men's Shorts,CAVA Athleisure Pvt Ltd,53080313037116,30,MSH5310BKS,1847.00,False,Sold Out,0,https://cavaathleisure.com/products/black-5-double-layer-rift-shorts
https://cavaathleisure.com,10391999971644,"Black 5"" Double Layer Rift Shorts",Men's Shorts,CAVA Athleisure Pvt Ltd,53080313069884,32,MSH5310BKM,1847.00,False,Sold Out,0,https://cavaathleisure.com/products/black-5-double-layer-rift-shorts
https://cavaathleisure.com,10391999971644,"Black 5"" Double Layer Rift Shorts",Men's Shorts,CAVA Athleisure Pvt Ltd,53080313102652,34,MSH5310BKL,1847.00,False,Sold Out,0,https://cavaathleisure.com/products/black-5-double-layer-rift-shorts
https://cavaathleisure.com,10391999971644,"Black 5"" Double Layer Rift Shorts",Men's Shorts,CAVA Athleisure Pvt Ltd,53080313135420,36,MSH5310BKXL,1847.00,False,Sold Out,0,https://cavaathleisure.com/products/black-5-double-layer-rift-shorts
https://cavaathleisure.com,10391999971644,"Black 5"" Double Layer Rift Shorts",Men's Shorts,CAVA Athleisure Pvt Ltd,53080313168188,38,MSH5310BKXXL,1847.00,False,Sold Out,0,https://cavaathleisure.com/products/black-5-double-layer-rift-shorts
https://cavaathleisure.com,10392429363516,"Light Grey 5"" Double Layer Rift Shorts",Men's Shorts,CAVA Athleisure Pvt Ltd,53081636307260,30,MSH5310GYS,1847.00,False,Sold Out,0,https://cavaathleisure.com/products/light-grey-5-double-layer-rift-shorts
https://cavaathleisure.com,10392429363516,"Light Grey 5"" Double Layer Rift Shorts",Men's Shorts,CAVA Athleisure Pvt Ltd,53081636340028,32,MSH5310GYM,1847.00,False,Sold Out,0,https://cavaathleisure.com/products/light-grey-5-double-layer-rift-shorts
https://cavaathleisure.com,10392429363516,"Light Grey 5"" Double Layer Rift Shorts",Men's Shorts,CAVA Athleisure Pvt Ltd,53081636372796,34,MSH5310GYL,1847.00,False,Sold Out,0,https://cavaathleisure.com/products/light-grey-5-double-layer-rift-shorts
https://cavaathleisure.com,10392429363516,"Light Grey 5"" Double Layer Rift Shorts",Men's Shorts,CAVA Athleisure Pvt Ltd,53081636405564,36,MSH5310GYXL,1847.00,False,Sold Out,0,https://cavaathleisure.com/products/light-grey-5-double-layer-rift-shorts
https://cavaathleisure.com,10392429363516,"Light Grey 5"" Double Layer Rift Shorts",Men's Shorts,CAVA Athleisure Pvt Ltd,53081636438332,38,MSH5310GYXXL,1847.00,True,Available,1,https://cavaathleisure.com/products/light-grey-5-double-layer-rift-shorts
https://cavaathleisure.com,10393024790844,Black Contour Jacket,Women's Jackets,CAVA Athleisure Pvt Ltd,53084167340348,XS,WJK4718BKXS,2199.00,False,Sold Out,0,https://cavaathleisure.com/products/black-contour-jacket
https://cavaathleisure.com,10393024790844,Black Contour Jacket,Women's Jackets,CAVA Athleisure Pvt Ltd,53084167373116,S,WJK4718BKS,2199.00,True,Available,1,https://cavaathleisure.com/products/black-contour-jacket
https://cavaathleisure.com,10393024790844,Black Contour Jacket,Women's Jackets,CAVA Athleisure Pvt Ltd,53084167405884,M,WJK4718BKM,2199.00,False,Sold Out,0,https://cavaathleisure.com/products/black-contour-jacket
https://cavaathleisure.com,10393024790844,Black Contour Jacket,Women's Jackets,CAVA Athleisure Pvt Ltd,53084167438652,L,WJK4718BKL,2199.00,False,Sold Out,0,https://cavaathleisure.com/products/black-contour-jacket
https://cavaathleisure.com,10393024790844,Black Contour Jacket,Women's Jackets,CAVA Athleisure Pvt Ltd,53084167471420,XL,WJK4718BKXL,2199.00,False,Sold Out,0,https://cavaathleisure.com/products/black-contour-jacket
https://cavaathleisure.com,10393024790844,Black Contour Jacket,Women's Jackets,CAVA Athleisure Pvt Ltd,53084167504188,XXL,WJK4718BKXXL,2199.00,False,Sold Out,0,https://cavaathleisure.com/products/black-contour-jacket
https://cavaathleisure.com,10393082069308,Ivory Refine Crop Tank,Crop Tops,CAVA Athleisure Pvt Ltd,53084564980028,XS,WTN10145WHXS,999.00,True,Available,1,https://cavaathleisure.com/products/ivory-refine-crop-tank
https://cavaathleisure.com,10393082069308,Ivory Refine Crop Tank,Crop Tops,CAVA Athleisure Pvt Ltd,53084565012796,S,WTN10145WHS,999.00,True,Available,1,https://cavaathleisure.com/products/ivory-refine-crop-tank
https://cavaathleisure.com,10393082069308,Ivory Refine Crop Tank,Crop Tops,CAVA Athleisure Pvt Ltd,53084565045564,M,WTN10145WHM,999.00,True,Available,1,https://cavaathleisure.com/products/ivory-refine-crop-tank
https://cavaathleisure.com,10393082069308,Ivory Refine Crop Tank,Crop Tops,CAVA Athleisure Pvt Ltd,53084565078332,L,WTN10145WHL,999.00,True,Available,1,https://cavaathleisure.com/products/ivory-refine-crop-tank
https://cavaathleisure.com,10393082069308,Ivory Refine Crop Tank,Crop Tops,CAVA Athleisure Pvt Ltd,53084565111100,XL,WTN10145WHXL,999.00,True,Available,1,https://cavaathleisure.com/products/ivory-refine-crop-tank
https://cavaathleisure.com,10393082069308,Ivory Refine Crop Tank,Crop Tops,CAVA Athleisure Pvt Ltd,53084565143868,XXL,WTN10145WHXXL,999.00,False,Sold Out,0,https://cavaathleisure.com/products/ivory-refine-crop-tank
https://cavaathleisure.com,10393082003772,Brown Refine Crop Tank,Crop Tops,CAVA Athleisure Pvt Ltd,53084564554044,XS,WTN10145BNXS,999.00,False,Sold Out,0,https://cavaathleisure.com/products/brown-refine-crop-tank
https://cavaathleisure.com,10393082003772,Brown Refine Crop Tank,Crop Tops,CAVA Athleisure Pvt Ltd,53084564586812,S,WTN10145BNS,999.00,True,Available,1,https://cavaathleisure.com/products/brown-refine-crop-tank
https://cavaathleisure.com,10393082003772,Brown Refine Crop Tank,Crop Tops,CAVA Athleisure Pvt Ltd,53084564619580,M,WTN10145BNM,999.00,True,Available,1,https://cavaathleisure.com/products/brown-refine-crop-tank
https://cavaathleisure.com,10393082003772,Brown Refine Crop Tank,Crop Tops,CAVA Athleisure Pvt Ltd,53084564652348,L,WTN10145BNL,999.00,True,Available,1,https://cavaathleisure.com/products/brown-refine-crop-tank
https://cavaathleisure.com,10393082003772,Brown Refine Crop Tank,Crop Tops,CAVA Athleisure Pvt Ltd,53084564685116,XL,WTN10145BNXL,999.00,True,Available,1,https://cavaathleisure.com/products/brown-refine-crop-tank
https://cavaathleisure.com,10393082003772,Brown Refine Crop Tank,Crop Tops,CAVA Athleisure Pvt Ltd,53084564717884,XXL,WTN10145BNXXL,999.00,True,Available,1,https://cavaathleisure.com/products/brown-refine-crop-tank
https://cavaathleisure.com,10393407193404,Ivory Hourglass Flared Leggings,Flare Pants,CAVA Athleisure Pvt Ltd,53086484529468,XS,WFPACU0145WHXS,1429.00,True,Available,1,https://cavaathleisure.com/products/ivory-hourglass-flared-leggings
https://cavaathleisure.com,10393407193404,Ivory Hourglass Flared Leggings,Flare Pants,CAVA Athleisure Pvt Ltd,53086484562236,XS,WFPACU0245WHXS,1429.00,True,Available,1,https://cavaathleisure.com/products/ivory-hourglass-flared-leggings
https://cavaathleisure.com,10393407193404,Ivory Hourglass Flared Leggings,Flare Pants,CAVA Athleisure Pvt Ltd,53086484595004,XS,WFPACU0445WHXS,1429.00,True,Available,1,https://cavaathleisure.com/products/ivory-hourglass-flared-leggings
https://cavaathleisure.com,10393407193404,Ivory Hourglass Flared Leggings,Flare Pants,CAVA Athleisure Pvt Ltd,53086484627772,S,WFPACU0145WHS,1429.00,True,Available,1,https://cavaathleisure.com/products/ivory-hourglass-flared-leggings
https://cavaathleisure.com,10393407193404,Ivory Hourglass Flared Leggings,Flare Pants,CAVA Athleisure Pvt Ltd,53086484660540,S,WFPACU0245WHS,1429.00,True,Available,1,https://cavaathleisure.com/products/ivory-hourglass-flared-leggings
https://cavaathleisure.com,10393407193404,Ivory Hourglass Flared Leggings,Flare Pants,CAVA Athleisure Pvt Ltd,53086484693308,S,WFPACU0445WHS,1429.00,True,Available,1,https://cavaathleisure.com/products/ivory-hourglass-flared-leggings
https://cavaathleisure.com,10393407193404,Ivory Hourglass Flared Leggings,Flare Pants,CAVA Athleisure Pvt Ltd,53086484726076,M,WFPACU0145WHM,1429.00,True,Available,1,https://cavaathleisure.com/products/ivory-hourglass-flared-leggings
https://cavaathleisure.com,10393407193404,Ivory Hourglass Flared Leggings,Flare Pants,CAVA Athleisure Pvt Ltd,53086484758844,M,WFPACU0245WHM,1429.00,True,Available,1,https://cavaathleisure.com/products/ivory-hourglass-flared-leggings
https://cavaathleisure.com,10393407193404,Ivory Hourglass Flared Leggings,Flare Pants,CAVA Athleisure Pvt Ltd,53086484791612,M,WFPACU0445WHM,1429.00,True,Available,1,https://cavaathleisure.com/products/ivory-hourglass-flared-leggings
https://cavaathleisure.com,10393407193404,Ivory Hourglass Flared Leggings,Flare Pants,CAVA Athleisure Pvt Ltd,53086484824380,L,WFPACU0145WHL,1429.00,True,Available,1,https://cavaathleisure.com/products/ivory-hourglass-flared-leggings
https://cavaathleisure.com,10393407193404,Ivory Hourglass Flared Leggings,Flare Pants,CAVA Athleisure Pvt Ltd,53086484857148,L,WFPACU0245WHL,1429.00,True,Available,1,https://cavaathleisure.com/products/ivory-hourglass-flared-leggings
https://cavaathleisure.com,10393407193404,Ivory Hourglass Flared Leggings,Flare Pants,CAVA Athleisure Pvt Ltd,53086484889916,L,WFPACU0445WHL,1429.00,True,Available,1,https://cavaathleisure.com/products/ivory-hourglass-flared-leggings
https://cavaathleisure.com,10393407193404,Ivory Hourglass Flared Leggings,Flare Pants,CAVA Athleisure Pvt Ltd,53086484922684,XL,WFPACU0145WHXL,1429.00,True,Available,1,https://cavaathleisure.com/products/ivory-hourglass-flared-leggings
https://cavaathleisure.com,10393407193404,Ivory Hourglass Flared Leggings,Flare Pants,CAVA Athleisure Pvt Ltd,53086484955452,XL,WFPACU0245WHXL,1429.00,True,Available,1,https://cavaathleisure.com/products/ivory-hourglass-flared-leggings
https://cavaathleisure.com,10393407193404,Ivory Hourglass Flared Leggings,Flare Pants,CAVA Athleisure Pvt Ltd,53086484988220,XL,WFPACU0445WHXL,1429.00,True,Available,1,https://cavaathleisure.com/products/ivory-hourglass-flared-leggings
https://cavaathleisure.com,10393407193404,Ivory Hourglass Flared Leggings,Flare Pants,CAVA Athleisure Pvt Ltd,53086485020988,XXL,WFPACU0145WHXXL,1429.00,True,Available,1,https://cavaathleisure.com/products/ivory-hourglass-flared-leggings
https://cavaathleisure.com,10393407193404,Ivory Hourglass Flared Leggings,Flare Pants,CAVA Athleisure Pvt Ltd,53086485053756,XXL,WFPACU0245WHXXL,1429.00,True,Available,1,https://cavaathleisure.com/products/ivory-hourglass-flared-leggings
https://cavaathleisure.com,10393407193404,Ivory Hourglass Flared Leggings,Flare Pants,CAVA Athleisure Pvt Ltd,53086485086524,XXL,WFPACU0445WHXXL,1429.00,True,Available,1,https://cavaathleisure.com/products/ivory-hourglass-flared-leggings
https://cavaathleisure.com,10393017811260,Ice Blue Contour Jacket,Women's Jackets,CAVA Athleisure Pvt Ltd,53084121530684,XS,WJK4718BLXS,2199.00,True,Available,1,https://cavaathleisure.com/products/ice-blue-contour-jacket
https://cavaathleisure.com,10393017811260,Ice Blue Contour Jacket,Women's Jackets,CAVA Athleisure Pvt Ltd,53084121301308,S,WJK4718BLS,2199.00,True,Available,1,https://cavaathleisure.com/products/ice-blue-contour-jacket
https://cavaathleisure.com,10393017811260,Ice Blue Contour Jacket,Women's Jackets,CAVA Athleisure Pvt Ltd,53084121334076,M,WJK4718BLM,2199.00,True,Available,1,https://cavaathleisure.com/products/ice-blue-contour-jacket
https://cavaathleisure.com,10393017811260,Ice Blue Contour Jacket,Women's Jackets,CAVA Athleisure Pvt Ltd,53084121366844,L,WJK4718BLL,2199.00,True,Available,1,https://cavaathleisure.com/products/ice-blue-contour-jacket
https://cavaathleisure.com,10393017811260,Ice Blue Contour Jacket,Women's Jackets,CAVA Athleisure Pvt Ltd,53084121399612,XL,WJK4718BLXL,2199.00,False,Sold Out,0,https://cavaathleisure.com/products/ice-blue-contour-jacket
https://cavaathleisure.com,10393017811260,Ice Blue Contour Jacket,Women's Jackets,CAVA Athleisure Pvt Ltd,53084121563452,XXL,WJK4718BLXXL,2199.00,False,Sold Out,0,https://cavaathleisure.com/products/ice-blue-contour-jacket
https://cavaathleisure.com,10392432050492,Brown Trailscape Jacket,Men's Jackets,CAVA Athleisure Pvt Ltd,53081648300348,S,MJK5610BNS,2799.00,True,Available,1,https://cavaathleisure.com/products/brown-trailscape-jacket
https://cavaathleisure.com,10392432050492,Brown Trailscape Jacket,Men's Jackets,CAVA Athleisure Pvt Ltd,53081648333116,M,MJK5610BNM,2799.00,True,Available,1,https://cavaathleisure.com/products/brown-trailscape-jacket
https://cavaathleisure.com,10392432050492,Brown Trailscape Jacket,Men's Jackets,CAVA Athleisure Pvt Ltd,53081648365884,L,MJK5610BNL,2799.00,True,Available,1,https://cavaathleisure.com/products/brown-trailscape-jacket
https://cavaathleisure.com,10392432050492,Brown Trailscape Jacket,Men's Jackets,CAVA Athleisure Pvt Ltd,53081648398652,XL,MJK5610BNXL,2799.00,True,Available,1,https://cavaathleisure.com/products/brown-trailscape-jacket
https://cavaathleisure.com,10392432050492,Brown Trailscape Jacket,Men's Jackets,CAVA Athleisure Pvt Ltd,53081648431420,XXL,MJK5610BNXXL,2799.00,True,Available,1,https://cavaathleisure.com/products/brown-trailscape-jacket
https://cavaathleisure.com,10392427692348,Light Grey Athletic Quarter-Zip,Men's T-shirts,CAVA Athleisure Pvt Ltd,53081629917500,S,MTS5710GYS,1699.00,False,Sold Out,0,https://cavaathleisure.com/products/light-grey-athletic-quarter-zip
https://cavaathleisure.com,10392427692348,Light Grey Athletic Quarter-Zip,Men's T-shirts,CAVA Athleisure Pvt Ltd,53081629950268,M,MTS5710GYM,1699.00,False,Sold Out,0,https://cavaathleisure.com/products/light-grey-athletic-quarter-zip
https://cavaathleisure.com,10392427692348,Light Grey Athletic Quarter-Zip,Men's T-shirts,CAVA Athleisure Pvt Ltd,53081629983036,L,MTS5710GYL,1699.00,True,Available,1,https://cavaathleisure.com/products/light-grey-athletic-quarter-zip
https://cavaathleisure.com,10392427692348,Light Grey Athletic Quarter-Zip,Men's T-shirts,CAVA Athleisure Pvt Ltd,53081630015804,XL,MTS5710GYXL,1699.00,True,Available,1,https://cavaathleisure.com/products/light-grey-athletic-quarter-zip
https://cavaathleisure.com,10392427692348,Light Grey Athletic Quarter-Zip,Men's T-shirts,CAVA Athleisure Pvt Ltd,53081630048572,XXL,MTS5710GYXXL,1699.00,True,Available,1,https://cavaathleisure.com/products/light-grey-athletic-quarter-zip
https://cavaathleisure.com,10392431853884,Light Grey Trailscape Jacket,Men's Jackets,CAVA Athleisure Pvt Ltd,53081648726332,S,MJK5610GYS,2799.00,True,Available,1,https://cavaathleisure.com/products/light-grey-trailscape-jacket
https://cavaathleisure.com,10392431853884,Light Grey Trailscape Jacket,Men's Jackets,CAVA Athleisure Pvt Ltd,53081648759100,M,MJK5610GYM,2799.00,True,Available,1,https://cavaathleisure.com/products/light-grey-trailscape-jacket
https://cavaathleisure.com,10392431853884,Light Grey Trailscape Jacket,Men's Jackets,CAVA Athleisure Pvt Ltd,53081648791868,L,MJK5610GYL,2799.00,True,Available,1,https://cavaathleisure.com/products/light-grey-trailscape-jacket
https://cavaathleisure.com,10392431853884,Light Grey Trailscape Jacket,Men's Jackets,CAVA Athleisure Pvt Ltd,53081648824636,XL,MJK5610GYXL,2799.00,True,Available,1,https://cavaathleisure.com/products/light-grey-trailscape-jacket
https://cavaathleisure.com,10392431853884,Light Grey Trailscape Jacket,Men's Jackets,CAVA Athleisure Pvt Ltd,53081648857404,XXL,MJK5610GYXXL,2799.00,True,Available,1,https://cavaathleisure.com/products/light-grey-trailscape-jacket
https://cavaathleisure.com,10392431690044,Navy Trailscape Jacket,Men's Jackets,CAVA Athleisure Pvt Ltd,53081650364732,S,MJK5610NYS,2799.00,True,Available,1,https://cavaathleisure.com/products/navy-trailscape-jacket
https://cavaathleisure.com,10392431690044,Navy Trailscape Jacket,Men's Jackets,CAVA Athleisure Pvt Ltd,53081650397500,M,MJK5610NYM,2799.00,True,Available,1,https://cavaathleisure.com/products/navy-trailscape-jacket
https://cavaathleisure.com,10392431690044,Navy Trailscape Jacket,Men's Jackets,CAVA Athleisure Pvt Ltd,53081650430268,L,MJK5610NYL,2799.00,True,Available,1,https://cavaathleisure.com/products/navy-trailscape-jacket
https://cavaathleisure.com,10392431690044,Navy Trailscape Jacket,Men's Jackets,CAVA Athleisure Pvt Ltd,53081650463036,XL,MJK5610NYXL,2799.00,True,Available,1,https://cavaathleisure.com/products/navy-trailscape-jacket
https://cavaathleisure.com,10392431690044,Navy Trailscape Jacket,Men's Jackets,CAVA Athleisure Pvt Ltd,53081650495804,XXL,MJK5610NYXXL,2799.00,True,Available,1,https://cavaathleisure.com/products/navy-trailscape-jacket
https://cavaathleisure.com,10392426873148,White Velocity Training Tee,Men's T-shirts,CAVA Athleisure Pvt Ltd,53081619661116,S,MTS5518WHS,1343.00,False,Sold Out,0,https://cavaathleisure.com/products/white-velocity-training-tee
https://cavaathleisure.com,10392426873148,White Velocity Training Tee,Men's T-shirts,CAVA Athleisure Pvt Ltd,53081619693884,M,MTS5518WHM,1343.00,False,Sold Out,0,https://cavaathleisure.com/products/white-velocity-training-tee
https://cavaathleisure.com,10392426873148,White Velocity Training Tee,Men's T-shirts,CAVA Athleisure Pvt Ltd,53081619726652,L,MTS5518WHL,1343.00,False,Sold Out,0,https://cavaathleisure.com/products/white-velocity-training-tee
https://cavaathleisure.com,10392426873148,White Velocity Training Tee,Men's T-shirts,CAVA Athleisure Pvt Ltd,53081619759420,XL,MTS5518WHXL,1343.00,True,Available,1,https://cavaathleisure.com/products/white-velocity-training-tee
https://cavaathleisure.com,10392426873148,White Velocity Training Tee,Men's T-shirts,CAVA Athleisure Pvt Ltd,53081619792188,XXL,MTS5518WHXXL,1343.00,True,Available,1,https://cavaathleisure.com/products/white-velocity-training-tee
https://cavaathleisure.com,10392426774844,Ice Blue Velocity Training Tee,Men's T-shirts,CAVA Athleisure Pvt Ltd,53081618055484,S,MTS5518BLS,1343.00,False,Sold Out,0,https://cavaathleisure.com/products/ice-blue-velocity-training-tee
https://cavaathleisure.com,10392426774844,Ice Blue Velocity Training Tee,Men's T-shirts,CAVA Athleisure Pvt Ltd,53081618088252,M,MTS5518BLM,1343.00,False,Sold Out,0,https://cavaathleisure.com/products/ice-blue-velocity-training-tee
https://cavaathleisure.com,10392426774844,Ice Blue Velocity Training Tee,Men's T-shirts,CAVA Athleisure Pvt Ltd,53081618121020,L,MTS5518BLL,1343.00,False,Sold Out,0,https://cavaathleisure.com/products/ice-blue-velocity-training-tee
https://cavaathleisure.com,10392426774844,Ice Blue Velocity Training Tee,Men's T-shirts,CAVA Athleisure Pvt Ltd,53081618153788,XL,MTS5518BLXL,1343.00,True,Available,1,https://cavaathleisure.com/products/ice-blue-velocity-training-tee
https://cavaathleisure.com,10392426774844,Ice Blue Velocity Training Tee,Men's T-shirts,CAVA Athleisure Pvt Ltd,53081618186556,XXL,MTS5518BLXXL,1343.00,True,Available,1,https://cavaathleisure.com/products/ice-blue-velocity-training-tee
https://cavaathleisure.com,10385739186492,Cherry Sleek Backless Built-in Top,Women Topwear,CAVA Athleisure Pvt Ltd,53062949273916,XS,WTP5018RDXS,1391.00,False,Sold Out,0,https://cavaathleisure.com/products/cherry-sleek-backless-built-in-top
https://cavaathleisure.com,10385739186492,Cherry Sleek Backless Built-in Top,Women Topwear,CAVA Athleisure Pvt Ltd,53062949306684,S,WTP5018RDS,1391.00,False,Sold Out,0,https://cavaathleisure.com/products/cherry-sleek-backless-built-in-top
https://cavaathleisure.com,10385739186492,Cherry Sleek Backless Built-in Top,Women Topwear,CAVA Athleisure Pvt Ltd,53062949339452,M,WTP5018RDM,1391.00,False,Sold Out,0,https://cavaathleisure.com/products/cherry-sleek-backless-built-in-top
https://cavaathleisure.com,10385739186492,Cherry Sleek Backless Built-in Top,Women Topwear,CAVA Athleisure Pvt Ltd,53062949372220,L,WTP5018RDL,1391.00,False,Sold Out,0,https://cavaathleisure.com/products/cherry-sleek-backless-built-in-top
https://cavaathleisure.com,10385739186492,Cherry Sleek Backless Built-in Top,Women Topwear,CAVA Athleisure Pvt Ltd,53062949404988,XL,WTP5018RDXL,1391.00,False,Sold Out,0,https://cavaathleisure.com/products/cherry-sleek-backless-built-in-top
https://cavaathleisure.com,10385739186492,Cherry Sleek Backless Built-in Top,Women Topwear,CAVA Athleisure Pvt Ltd,53062949437756,XXL,WTP5018RDXXL,1391.00,False,Sold Out,0,https://cavaathleisure.com/products/cherry-sleek-backless-built-in-top
https://cavaathleisure.com,10392426742076,Teal Velocity Training Tee,Men's T-shirts,CAVA Athleisure Pvt Ltd,53081617695036,S,MTS5518GRS,1343.00,False,Sold Out,0,https://cavaathleisure.com/products/teal-velocity-training-tee
https://cavaathleisure.com,10392426742076,Teal Velocity Training Tee,Men's T-shirts,CAVA Athleisure Pvt Ltd,53081617727804,M,MTS5518GRM,1343.00,True,Available,1,https://cavaathleisure.com/products/teal-velocity-training-tee
https://cavaathleisure.com,10392426742076,Teal Velocity Training Tee,Men's T-shirts,CAVA Athleisure Pvt Ltd,53081617760572,L,MTS5518GRL,1343.00,False,Sold Out,0,https://cavaathleisure.com/products/teal-velocity-training-tee
https://cavaathleisure.com,10392426742076,Teal Velocity Training Tee,Men's T-shirts,CAVA Athleisure Pvt Ltd,53081617793340,XL,MTS5518GRXL,1343.00,True,Available,1,https://cavaathleisure.com/products/teal-velocity-training-tee
https://cavaathleisure.com,10392426742076,Teal Velocity Training Tee,Men's T-shirts,CAVA Athleisure Pvt Ltd,53081617826108,XXL,MTS5518GRXXL,1343.00,True,Available,1,https://cavaathleisure.com/products/teal-velocity-training-tee
https://cavaathleisure.com,10385739153724,Ivory Sleek Backless Built-in Top,Women Topwear,CAVA Athleisure Pvt Ltd,53062949044540,XS,WTP5018WHXS,1391.00,False,Sold Out,0,https://cavaathleisure.com/products/ivory-sleek-backless-built-in-top
https://cavaathleisure.com,10385739153724,Ivory Sleek Backless Built-in Top,Women Topwear,CAVA Athleisure Pvt Ltd,53062949077308,S,WTP5018WHS,1391.00,False,Sold Out,0,https://cavaathleisure.com/products/ivory-sleek-backless-built-in-top
https://cavaathleisure.com,10385739153724,Ivory Sleek Backless Built-in Top,Women Topwear,CAVA Athleisure Pvt Ltd,53062949110076,M,WTP5018WHM,1391.00,False,Sold Out,0,https://cavaathleisure.com/products/ivory-sleek-backless-built-in-top
https://cavaathleisure.com,10385739153724,Ivory Sleek Backless Built-in Top,Women Topwear,CAVA Athleisure Pvt Ltd,53062949142844,L,WTP5018WHL,1391.00,False,Sold Out,0,https://cavaathleisure.com/products/ivory-sleek-backless-built-in-top
https://cavaathleisure.com,10385739153724,Ivory Sleek Backless Built-in Top,Women Topwear,CAVA Athleisure Pvt Ltd,53062949175612,XL,WTP5018WHXL,1391.00,False,Sold Out,0,https://cavaathleisure.com/products/ivory-sleek-backless-built-in-top
https://cavaathleisure.com,10385739153724,Ivory Sleek Backless Built-in Top,Women Topwear,CAVA Athleisure Pvt Ltd,53062949208380,XXL,WTP5018WHXXL,1391.00,False,Sold Out,0,https://cavaathleisure.com/products/ivory-sleek-backless-built-in-top
https://cavaathleisure.com,10391806640444,Black Velocity Training Tee,Men's T-shirts,CAVA Athleisure Pvt Ltd,53079922540860,S,MTS5518BKS,1343.00,False,Sold Out,0,https://cavaathleisure.com/products/black-velocity-training-tee
https://cavaathleisure.com,10391806640444,Black Velocity Training Tee,Men's T-shirts,CAVA Athleisure Pvt Ltd,53079922573628,M,MTS5518BKM,1343.00,False,Sold Out,0,https://cavaathleisure.com/products/black-velocity-training-tee
https://cavaathleisure.com,10391806640444,Black Velocity Training Tee,Men's T-shirts,CAVA Athleisure Pvt Ltd,53079922606396,L,MTS5518BKL,1343.00,False,Sold Out,0,https://cavaathleisure.com/products/black-velocity-training-tee
https://cavaathleisure.com,10391806640444,Black Velocity Training Tee,Men's T-shirts,CAVA Athleisure Pvt Ltd,53079922639164,XL,MTS5518BKXL,1343.00,True,Available,1,https://cavaathleisure.com/products/black-velocity-training-tee
https://cavaathleisure.com,10391806640444,Black Velocity Training Tee,Men's T-shirts,CAVA Athleisure Pvt Ltd,53079922671932,XXL,MTS5518BKXXL,1343.00,True,Available,1,https://cavaathleisure.com/products/black-velocity-training-tee
https://cavaathleisure.com,10385739088188,Green Sleek Backless Built-in Top,Women Topwear,CAVA Athleisure Pvt Ltd,53062948815164,XS,WTP5018GRXS,1391.00,False,Sold Out,0,https://cavaathleisure.com/products/green-sleek-backless-built-in-top
https://cavaathleisure.com,10385739088188,Green Sleek Backless Built-in Top,Women Topwear,CAVA Athleisure Pvt Ltd,53062948847932,S,WTP5018GRS,1391.00,False,Sold Out,0,https://cavaathleisure.com/products/green-sleek-backless-built-in-top
https://cavaathleisure.com,10385739088188,Green Sleek Backless Built-in Top,Women Topwear,CAVA Athleisure Pvt Ltd,53062948880700,M,WTP5018GRM,1391.00,False,Sold Out,0,https://cavaathleisure.com/products/green-sleek-backless-built-in-top
https://cavaathleisure.com,10385739088188,Green Sleek Backless Built-in Top,Women Topwear,CAVA Athleisure Pvt Ltd,53062948913468,L,WTP5018GRL,1391.00,False,Sold Out,0,https://cavaathleisure.com/products/green-sleek-backless-built-in-top
https://cavaathleisure.com,10385739088188,Green Sleek Backless Built-in Top,Women Topwear,CAVA Athleisure Pvt Ltd,53062948946236,XL,WTP5018GRXL,1391.00,False,Sold Out,0,https://cavaathleisure.com/products/green-sleek-backless-built-in-top
https://cavaathleisure.com,10385739088188,Green Sleek Backless Built-in Top,Women Topwear,CAVA Athleisure Pvt Ltd,53062948979004,XXL,WTP5018GRXXL,1391.00,False,Sold Out,0,https://cavaathleisure.com/products/green-sleek-backless-built-in-top
https://cavaathleisure.com,10385734959420,Black Sleek Backless Built-in Top,Women Topwear,CAVA Athleisure Pvt Ltd,53062929580348,XS,WTP5018BKXS,1391.00,False,Sold Out,0,https://cavaathleisure.com/products/black-sleek-backless-built-in-top
https://cavaathleisure.com,10385734959420,Black Sleek Backless Built-in Top,Women Topwear,CAVA Athleisure Pvt Ltd,53062929613116,S,WTP5018BKS,1391.00,False,Sold Out,0,https://cavaathleisure.com/products/black-sleek-backless-built-in-top
https://cavaathleisure.com,10385734959420,Black Sleek Backless Built-in Top,Women Topwear,CAVA Athleisure Pvt Ltd,53062929645884,M,WTP5018BKM,1391.00,False,Sold Out,0,https://cavaathleisure.com/products/black-sleek-backless-built-in-top
https://cavaathleisure.com,10385734959420,Black Sleek Backless Built-in Top,Women Topwear,CAVA Athleisure Pvt Ltd,53062929678652,L,WTP5018BKL,1391.00,False,Sold Out,0,https://cavaathleisure.com/products/black-sleek-backless-built-in-top
https://cavaathleisure.com,10385734959420,Black Sleek Backless Built-in Top,Women Topwear,CAVA Athleisure Pvt Ltd,53062929711420,XL,WTP5018BKXL,1391.00,False,Sold Out,0,https://cavaathleisure.com/products/black-sleek-backless-built-in-top
https://cavaathleisure.com,10385734959420,Black Sleek Backless Built-in Top,Women Topwear,CAVA Athleisure Pvt Ltd,53062929744188,XXL,WTP5018BKXXL,1391.00,False,Sold Out,0,https://cavaathleisure.com/products/black-sleek-backless-built-in-top
https://cavaathleisure.com,10392001315132,Black Trailscape Jacket,Men's Jackets,CAVA Athleisure Pvt Ltd,53081650790716,S,MJK5610BKS,2799.00,True,Available,1,https://cavaathleisure.com/products/trailscape-jacketblack-trailscape-jacket
https://cavaathleisure.com,10392001315132,Black Trailscape Jacket,Men's Jackets,CAVA Athleisure Pvt Ltd,53081650823484,M,MJK5610BKM,2799.00,True,Available,1,https://cavaathleisure.com/products/trailscape-jacketblack-trailscape-jacket
https://cavaathleisure.com,10392001315132,Black Trailscape Jacket,Men's Jackets,CAVA Athleisure Pvt Ltd,53081650856252,L,MJK5610BKL,2799.00,True,Available,1,https://cavaathleisure.com/products/trailscape-jacketblack-trailscape-jacket
https://cavaathleisure.com,10392001315132,Black Trailscape Jacket,Men's Jackets,CAVA Athleisure Pvt Ltd,53081650889020,XL,MJK5610BKXL,2799.00,True,Available,1,https://cavaathleisure.com/products/trailscape-jacketblack-trailscape-jacket
https://cavaathleisure.com,10392001315132,Black Trailscape Jacket,Men's Jackets,CAVA Athleisure Pvt Ltd,53081650921788,XXL,MJK5610BKXXL,2799.00,True,Available,1,https://cavaathleisure.com/products/trailscape-jacketblack-trailscape-jacket
https://cavaathleisure.com,10305679720764,Olive Stride Cargo Pants,Men's Trousers,CAVA athleisure,52785651024188,30,MTRCS11817GR30,1399.00,False,Sold Out,0,https://cavaathleisure.com/products/olive-stride-cargo-pants
https://cavaathleisure.com,10305679720764,Olive Stride Cargo Pants,Men's Trousers,CAVA athleisure,53070641496380,32,MTRCS11817GR32,1399.00,False,Sold Out,0,https://cavaathleisure.com/products/olive-stride-cargo-pants
https://cavaathleisure.com,10305679720764,Olive Stride Cargo Pants,Men's Trousers,CAVA athleisure,53070641529148,34,MTRCS11817GR34,1399.00,False,Sold Out,0,https://cavaathleisure.com/products/olive-stride-cargo-pants
https://cavaathleisure.com,10305679720764,Olive Stride Cargo Pants,Men's Trousers,CAVA athleisure,53070641561916,36,MTRCS11817GR36,1399.00,False,Sold Out,0,https://cavaathleisure.com/products/olive-stride-cargo-pants
https://cavaathleisure.com,10305679720764,Olive Stride Cargo Pants,Men's Trousers,CAVA athleisure,53070641594684,38,MTRCS11817GR38,1399.00,False,Sold Out,0,https://cavaathleisure.com/products/olive-stride-cargo-pants
https://cavaathleisure.com,10305680081212,Burgundy Ace Bond Polo,Men's T-shirts,CAVA athleisure,52785656430908,S,MTSCS12214RDS,1299.00,False,Sold Out,0,https://cavaathleisure.com/products/burgundy-ace-bond-polo
https://cavaathleisure.com,10305680081212,Burgundy Ace Bond Polo,Men's T-shirts,CAVA athleisure,53070641103164,M,MTSCS12214RDM,1299.00,False,Sold Out,0,https://cavaathleisure.com/products/burgundy-ace-bond-polo
https://cavaathleisure.com,10305680081212,Burgundy Ace Bond Polo,Men's T-shirts,CAVA athleisure,53070641135932,L,MTSCS12214RDL,1299.00,False,Sold Out,0,https://cavaathleisure.com/products/burgundy-ace-bond-polo
https://cavaathleisure.com,10305680081212,Burgundy Ace Bond Polo,Men's T-shirts,CAVA athleisure,53070641168700,XL,MTSCS12214RDXL,1299.00,False,Sold Out,0,https://cavaathleisure.com/products/burgundy-ace-bond-polo
https://cavaathleisure.com,10305680081212,Burgundy Ace Bond Polo,Men's T-shirts,CAVA athleisure,53070641201468,XXL,MTSCS12214RDXXL,1299.00,False,Sold Out,0,https://cavaathleisure.com/products/burgundy-ace-bond-polo
https://cavaathleisure.com,10387884867900,Lilac Hyper Mesh Sports Bra,Sports Bras,CAVA Athleisure Pvt Ltd,53072271900988,XS,WSB021PUXS,1499.00,True,Available,1,https://cavaathleisure.com/products/lilac-hyper-mesh-sports-bra
https://cavaathleisure.com,10387884867900,Lilac Hyper Mesh Sports Bra,Sports Bras,CAVA Athleisure Pvt Ltd,53072271933756,S,WSB021PUS,1499.00,True,Available,1,https://cavaathleisure.com/products/lilac-hyper-mesh-sports-bra
https://cavaathleisure.com,10387884867900,Lilac Hyper Mesh Sports Bra,Sports Bras,CAVA Athleisure Pvt Ltd,53072271966524,M,WSB021PUM,1499.00,True,Available,1,https://cavaathleisure.com/products/lilac-hyper-mesh-sports-bra
https://cavaathleisure.com,10387884867900,Lilac Hyper Mesh Sports Bra,Sports Bras,CAVA Athleisure Pvt Ltd,53072271999292,L,WSB021PUL,1499.00,True,Available,1,https://cavaathleisure.com/products/lilac-hyper-mesh-sports-bra
https://cavaathleisure.com,10387884867900,Lilac Hyper Mesh Sports Bra,Sports Bras,CAVA Athleisure Pvt Ltd,53072272032060,XL,WSB021PUXL,1499.00,False,Sold Out,0,https://cavaathleisure.com/products/lilac-hyper-mesh-sports-bra
https://cavaathleisure.com,10387884867900,Lilac Hyper Mesh Sports Bra,Sports Bras,CAVA Athleisure Pvt Ltd,53072272064828,XXL,WSB021PUXXL,1499.00,False,Sold Out,0,https://cavaathleisure.com/products/lilac-hyper-mesh-sports-bra
https://cavaathleisure.com,10305679950140,Dark Slate Ace Bond Polo,Men's T-shirts,CAVA athleisure,52785654563132,S,MTSCS12214GYS,1299.00,False,Sold Out,0,https://cavaathleisure.com/products/dark-slate-ace-bond-polo
https://cavaathleisure.com,10305679950140,Dark Slate Ace Bond Polo,Men's T-shirts,CAVA athleisure,53070641234236,M,MTSCS12214GYM,1299.00,False,Sold Out,0,https://cavaathleisure.com/products/dark-slate-ace-bond-polo
https://cavaathleisure.com,10305679950140,Dark Slate Ace Bond Polo,Men's T-shirts,CAVA athleisure,53070641267004,L,MTSCS12214GYL,1299.00,False,Sold Out,0,https://cavaathleisure.com/products/dark-slate-ace-bond-polo
https://cavaathleisure.com,10305679950140,Dark Slate Ace Bond Polo,Men's T-shirts,CAVA athleisure,53070641299772,XL,MTSCS12214GYXL,1299.00,False,Sold Out,0,https://cavaathleisure.com/products/dark-slate-ace-bond-polo
https://cavaathleisure.com,10305679950140,Dark Slate Ace Bond Polo,Men's T-shirts,CAVA athleisure,53070641332540,XXL,MTSCS12214GYXXL,1299.00,False,Sold Out,0,https://cavaathleisure.com/products/dark-slate-ace-bond-polo
https://cavaathleisure.com,10387480215868,Red Pulse Seamless Tee,Men's T-shirts,CAVA Athleisure Pvt Ltd,53070111408444,S,MTSCS12117RDS,899.00,True,Available,1,https://cavaathleisure.com/products/red-pulse-seamless-tee
https://cavaathleisure.com,10387480215868,Red Pulse Seamless Tee,Men's T-shirts,CAVA Athleisure Pvt Ltd,53070111441212,M,MTSCS12117RDM,899.00,True,Available,1,https://cavaathleisure.com/products/red-pulse-seamless-tee
https://cavaathleisure.com,10387480215868,Red Pulse Seamless Tee,Men's T-shirts,CAVA Athleisure Pvt Ltd,53070111473980,L,MTSCS12117RDL,899.00,False,Sold Out,0,https://cavaathleisure.com/products/red-pulse-seamless-tee
https://cavaathleisure.com,10387480215868,Red Pulse Seamless Tee,Men's T-shirts,CAVA Athleisure Pvt Ltd,53070111506748,XL,MTSCS12117RDXL,899.00,True,Available,1,https://cavaathleisure.com/products/red-pulse-seamless-tee
https://cavaathleisure.com,10387480215868,Red Pulse Seamless Tee,Men's T-shirts,CAVA Athleisure Pvt Ltd,53070111539516,XXL,MTSCS12117RDXXL,899.00,True,Available,1,https://cavaathleisure.com/products/red-pulse-seamless-tee
https://cavaathleisure.com,10387834011964,Plum Cotton Recovery Jacket,Women's Jackets,CAVA Athleisure Pvt Ltd,53071928557884,XS,WJK3616PUXS,1264.00,True,Available,1,https://cavaathleisure.com/products/plum-cotton-recovery-jacket
https://cavaathleisure.com,10387834011964,Plum Cotton Recovery Jacket,Women's Jackets,CAVA Athleisure Pvt Ltd,53071928590652,S,WJK3616PUS,1264.00,True,Available,1,https://cavaathleisure.com/products/plum-cotton-recovery-jacket
https://cavaathleisure.com,10387834011964,Plum Cotton Recovery Jacket,Women's Jackets,CAVA Athleisure Pvt Ltd,53071928623420,M,WJK3616PUM,1264.00,True,Available,1,https://cavaathleisure.com/products/plum-cotton-recovery-jacket
https://cavaathleisure.com,10387834011964,Plum Cotton Recovery Jacket,Women's Jackets,CAVA Athleisure Pvt Ltd,53071928656188,L,WJK3616PUL,1264.00,False,Sold Out,0,https://cavaathleisure.com/products/plum-cotton-recovery-jacket
https://cavaathleisure.com,10387834011964,Plum Cotton Recovery Jacket,Women's Jackets,CAVA Athleisure Pvt Ltd,53071928688956,XL,WJK3616PUXL,1264.00,True,Available,1,https://cavaathleisure.com/products/plum-cotton-recovery-jacket
https://cavaathleisure.com,10387834011964,Plum Cotton Recovery Jacket,Women's Jackets,CAVA Athleisure Pvt Ltd,53071928721724,XXL,WJK3616PUXXL,1264.00,False,Sold Out,0,https://cavaathleisure.com/products/plum-cotton-recovery-jacket
https://cavaathleisure.com,10338591375676,Navy Swirl Swim Dress,Women's Swim Dress,CAVA Athleisure Pvt Ltd,52887200891196,XS,WSWDR3514NYXS,2690.00,False,Sold Out,0,https://cavaathleisure.com/products/navy-swirl-swim-dress
https://cavaathleisure.com,10338591375676,Navy Swirl Swim Dress,Women's Swim Dress,CAVA Athleisure Pvt Ltd,52887200923964,S,WSWDR3514NYS,2690.00,False,Sold Out,0,https://cavaathleisure.com/products/navy-swirl-swim-dress
https://cavaathleisure.com,10338591375676,Navy Swirl Swim Dress,Women's Swim Dress,CAVA Athleisure Pvt Ltd,52887200956732,M,WSWDR3514NYM,2690.00,False,Sold Out,0,https://cavaathleisure.com/products/navy-swirl-swim-dress
https://cavaathleisure.com,10338591375676,Navy Swirl Swim Dress,Women's Swim Dress,CAVA Athleisure Pvt Ltd,52887200989500,L,WSWDR3514NYL,2690.00,False,Sold Out,0,https://cavaathleisure.com/products/navy-swirl-swim-dress
https://cavaathleisure.com,10338591375676,Navy Swirl Swim Dress,Women's Swim Dress,CAVA Athleisure Pvt Ltd,52887201022268,XL,WSWDR3514NYXL,2690.00,False,Sold Out,0,https://cavaathleisure.com/products/navy-swirl-swim-dress
https://cavaathleisure.com,10338591375676,Navy Swirl Swim Dress,Women's Swim Dress,CAVA Athleisure Pvt Ltd,52887201055036,XXL,WSWDR3514NYXXL,2690.00,False,Sold Out,0,https://cavaathleisure.com/products/navy-swirl-swim-dress
https://cavaathleisure.com,10338620539196,Black Swirl Swim Dress,Women's Swim Dress,CAVA Athleisure Pvt Ltd,52887415324988,XS,WSWDR3514BKXS,2682.00,False,Sold Out,0,https://cavaathleisure.com/products/black-swirl-swim-dress
https://cavaathleisure.com,10338620539196,Black Swirl Swim Dress,Women's Swim Dress,CAVA Athleisure Pvt Ltd,52887415357756,S,WSWDR3514BKS,2682.00,False,Sold Out,0,https://cavaathleisure.com/products/black-swirl-swim-dress
https://cavaathleisure.com,10338620539196,Black Swirl Swim Dress,Women's Swim Dress,CAVA Athleisure Pvt Ltd,52887415390524,M,WSWDR3514BKM,2682.00,False,Sold Out,0,https://cavaathleisure.com/products/black-swirl-swim-dress
https://cavaathleisure.com,10338620539196,Black Swirl Swim Dress,Women's Swim Dress,CAVA Athleisure Pvt Ltd,52887415423292,L,WSWDR3514BKL,2682.00,False,Sold Out,0,https://cavaathleisure.com/products/black-swirl-swim-dress
https://cavaathleisure.com,10338620539196,Black Swirl Swim Dress,Women's Swim Dress,CAVA Athleisure Pvt Ltd,52887415456060,XL,WSWDR3514BKXL,2682.00,False,Sold Out,0,https://cavaathleisure.com/products/black-swirl-swim-dress
https://cavaathleisure.com,10338620539196,Black Swirl Swim Dress,Women's Swim Dress,CAVA Athleisure Pvt Ltd,52887415488828,XXL,WSWDR3514BKXXL,2682.00,False,Sold Out,0,https://cavaathleisure.com/products/black-swirl-swim-dress
https://cavaathleisure.com,10338628239676,Navy Ripple Swim Skorts,Skorts and Skirts,CAVA Athleisure Pvt Ltd,52887567499580,XS,WSWSK3414NYXS,2493.00,True,Available,1,https://cavaathleisure.com/products/navy-ripple-swim-skorts
https://cavaathleisure.com,10338628239676,Navy Ripple Swim Skorts,Skorts and Skirts,CAVA Athleisure Pvt Ltd,52887567532348,S,WSWSK3414NYS,2493.00,True,Available,1,https://cavaathleisure.com/products/navy-ripple-swim-skorts
https://cavaathleisure.com,10338628239676,Navy Ripple Swim Skorts,Skorts and Skirts,CAVA Athleisure Pvt Ltd,52887567565116,M,WSWSK3414NYM,2493.00,False,Sold Out,0,https://cavaathleisure.com/products/navy-ripple-swim-skorts
https://cavaathleisure.com,10338628239676,Navy Ripple Swim Skorts,Skorts and Skirts,CAVA Athleisure Pvt Ltd,52887567597884,L,WSWSK3414NYL,2493.00,False,Sold Out,0,https://cavaathleisure.com/products/navy-ripple-swim-skorts
https://cavaathleisure.com,10338628239676,Navy Ripple Swim Skorts,Skorts and Skirts,CAVA Athleisure Pvt Ltd,52887567630652,XL,WSWSK3414NYXL,2493.00,False,Sold Out,0,https://cavaathleisure.com/products/navy-ripple-swim-skorts
https://cavaathleisure.com,10338628239676,Navy Ripple Swim Skorts,Skorts and Skirts,CAVA Athleisure Pvt Ltd,52887567663420,XXL,WSWSK3414NYXXL,2493.00,False,Sold Out,0,https://cavaathleisure.com/products/navy-ripple-swim-skorts
https://cavaathleisure.com,10338586591548,Cherry Swirl Swim Dress,Women's Swim Dress,CAVA Athleisure Pvt Ltd,52887162126652,XS,WSWDR3514RDXS,2695.00,False,Sold Out,0,https://cavaathleisure.com/products/cherry-swirl-swim-dress
https://cavaathleisure.com,10338586591548,Cherry Swirl Swim Dress,Women's Swim Dress,CAVA Athleisure Pvt Ltd,52887162159420,S,WSWDR3514RDS,2695.00,False,Sold Out,0,https://cavaathleisure.com/products/cherry-swirl-swim-dress
https://cavaathleisure.com,10338586591548,Cherry Swirl Swim Dress,Women's Swim Dress,CAVA Athleisure Pvt Ltd,52887162192188,M,WSWDR3514RDM,2695.00,False,Sold Out,0,https://cavaathleisure.com/products/cherry-swirl-swim-dress
https://cavaathleisure.com,10338586591548,Cherry Swirl Swim Dress,Women's Swim Dress,CAVA Athleisure Pvt Ltd,52887162224956,L,WSWDR3514RDL,2695.00,False,Sold Out,0,https://cavaathleisure.com/products/cherry-swirl-swim-dress
https://cavaathleisure.com,10338586591548,Cherry Swirl Swim Dress,Women's Swim Dress,CAVA Athleisure Pvt Ltd,52887162257724,XL,WSWDR3514RDXL,2695.00,False,Sold Out,0,https://cavaathleisure.com/products/cherry-swirl-swim-dress
https://cavaathleisure.com,10338586591548,Cherry Swirl Swim Dress,Women's Swim Dress,CAVA Athleisure Pvt Ltd,52887162290492,XXL,WSWDR3514RDXXL,2695.00,False,Sold Out,0,https://cavaathleisure.com/products/cherry-swirl-swim-dress
https://cavaathleisure.com,10338628174140,Cherry Ripple Swim Skorts,Skorts and Skirts,CAVA Athleisure Pvt Ltd,52887565959484,XS,WSWSK3414RDXS,2499.00,True,Available,1,https://cavaathleisure.com/products/cherry-ripple-swim-skorts
https://cavaathleisure.com,10338628174140,Cherry Ripple Swim Skorts,Skorts and Skirts,CAVA Athleisure Pvt Ltd,52887565992252,S,WSWSK3414RDS,2499.00,True,Available,1,https://cavaathleisure.com/products/cherry-ripple-swim-skorts
https://cavaathleisure.com,10338628174140,Cherry Ripple Swim Skorts,Skorts and Skirts,CAVA Athleisure Pvt Ltd,52887566025020,M,WSWSK3414RDM,2499.00,False,Sold Out,0,https://cavaathleisure.com/products/cherry-ripple-swim-skorts
https://cavaathleisure.com,10338628174140,Cherry Ripple Swim Skorts,Skorts and Skirts,CAVA Athleisure Pvt Ltd,52887566057788,L,WSWSK3414RDL,2499.00,False,Sold Out,0,https://cavaathleisure.com/products/cherry-ripple-swim-skorts
https://cavaathleisure.com,10338628174140,Cherry Ripple Swim Skorts,Skorts and Skirts,CAVA Athleisure Pvt Ltd,52887566090556,XL,WSWSK3414RDXL,2499.00,False,Sold Out,0,https://cavaathleisure.com/products/cherry-ripple-swim-skorts
https://cavaathleisure.com,10338628174140,Cherry Ripple Swim Skorts,Skorts and Skirts,CAVA Athleisure Pvt Ltd,52887566123324,XXL,WSWSK3414RDXXL,2499.00,False,Sold Out,0,https://cavaathleisure.com/products/cherry-ripple-swim-skorts
https://cavaathleisure.com,10338586100028,Navy Tieback Swim Top,Women's Tanks,CAVA Athleisure Pvt Ltd,52887153738044,XS,WSWTP3314NYXS,2486.00,False,Sold Out,0,https://cavaathleisure.com/products/navy-tieback-swim-top
https://cavaathleisure.com,10338586100028,Navy Tieback Swim Top,Women's Tanks,CAVA Athleisure Pvt Ltd,52887153770812,S,WSWTP3314NYS,2486.00,False,Sold Out,0,https://cavaathleisure.com/products/navy-tieback-swim-top
https://cavaathleisure.com,10338586100028,Navy Tieback Swim Top,Women's Tanks,CAVA Athleisure Pvt Ltd,52887153803580,M,WSWTP3314NYM,2486.00,False,Sold Out,0,https://cavaathleisure.com/products/navy-tieback-swim-top
https://cavaathleisure.com,10338586100028,Navy Tieback Swim Top,Women's Tanks,CAVA Athleisure Pvt Ltd,52887153836348,L,WSWTP3314NYL,2486.00,False,Sold Out,0,https://cavaathleisure.com/products/navy-tieback-swim-top
https://cavaathleisure.com,10338586100028,Navy Tieback Swim Top,Women's Tanks,CAVA Athleisure Pvt Ltd,52887153869116,XL,WSWTP3314NYXL,2486.00,False,Sold Out,0,https://cavaathleisure.com/products/navy-tieback-swim-top
https://cavaathleisure.com,10338586100028,Navy Tieback Swim Top,Women's Tanks,CAVA Athleisure Pvt Ltd,52887153901884,XXL,WSWTP3314NYXXL,2486.00,False,Sold Out,0,https://cavaathleisure.com/products/navy-tieback-swim-top
https://cavaathleisure.com,10338586198332,Black Ripple Swim Skorts,Skorts and Skirts,CAVA Athleisure Pvt Ltd,52887157080380,XS,WSWSK3414BKXS,2489.00,True,Available,1,https://cavaathleisure.com/products/black-ripple-swim-skorts
https://cavaathleisure.com,10338586198332,Black Ripple Swim Skorts,Skorts and Skirts,CAVA Athleisure Pvt Ltd,52887157113148,S,WSWSK3414BKS,2489.00,True,Available,1,https://cavaathleisure.com/products/black-ripple-swim-skorts
https://cavaathleisure.com,10338586198332,Black Ripple Swim Skorts,Skorts and Skirts,CAVA Athleisure Pvt Ltd,52887157145916,M,WSWSK3414BKM,2489.00,False,Sold Out,0,https://cavaathleisure.com/products/black-ripple-swim-skorts
https://cavaathleisure.com,10338586198332,Black Ripple Swim Skorts,Skorts and Skirts,CAVA Athleisure Pvt Ltd,52887157178684,L,WSWSK3414BKL,2489.00,False,Sold Out,0,https://cavaathleisure.com/products/black-ripple-swim-skorts
https://cavaathleisure.com,10338586198332,Black Ripple Swim Skorts,Skorts and Skirts,CAVA Athleisure Pvt Ltd,52887157211452,XL,WSWSK3414BKXL,2489.00,False,Sold Out,0,https://cavaathleisure.com/products/black-ripple-swim-skorts
https://cavaathleisure.com,10338586198332,Black Ripple Swim Skorts,Skorts and Skirts,CAVA Athleisure Pvt Ltd,52887157244220,XXL,WSWSK3414BKXXL,2489.00,False,Sold Out,0,https://cavaathleisure.com/products/black-ripple-swim-skorts
https://cavaathleisure.com,10334877352252,Sage Green Cava Essential Tote,Accessories,CAVA Athleisure Pvt Ltd,52864174129468,Free Size,WAC5814GR,1717.00,False,Sold Out,0,https://cavaathleisure.com/products/sage-green-cava-essential-tote
https://cavaathleisure.com,10334878630204,Black Cava Essential Tote,Accessories,CAVA Athleisure Pvt Ltd,52864182157628,Free Size,WAC6014BK,1699.00,True,Available,1,https://cavaathleisure.com/products/black-cava-essential-tote
https://cavaathleisure.com,10334866866492,Ivory Cava Essential Tote,Accessories,CAVA Athleisure Pvt Ltd,52863354732860,Free Size,WAC5914WH,1699.00,True,Available,1,https://cavaathleisure.com/products/ivory-cava-essential-tote
https://cavaathleisure.com,10338586034492,Cherry Tieback Swim Top,Women's Tanks,CAVA Athleisure Pvt Ltd,52887153115452,XS,WSWTP3314RDXS,2499.00,False,Sold Out,0,https://cavaathleisure.com/products/cherry-tieback-swim-top
https://cavaathleisure.com,10338586034492,Cherry Tieback Swim Top,Women's Tanks,CAVA Athleisure Pvt Ltd,52887153148220,S,WSWTP3314RDS,2499.00,True,Available,1,https://cavaathleisure.com/products/cherry-tieback-swim-top
https://cavaathleisure.com,10338586034492,Cherry Tieback Swim Top,Women's Tanks,CAVA Athleisure Pvt Ltd,52887153180988,M,WSWTP3314RDM,2499.00,True,Available,1,https://cavaathleisure.com/products/cherry-tieback-swim-top
https://cavaathleisure.com,10338586034492,Cherry Tieback Swim Top,Women's Tanks,CAVA Athleisure Pvt Ltd,52887153213756,L,WSWTP3314RDL,2499.00,True,Available,1,https://cavaathleisure.com/products/cherry-tieback-swim-top
https://cavaathleisure.com,10338586034492,Cherry Tieback Swim Top,Women's Tanks,CAVA Athleisure Pvt Ltd,52887153246524,XL,WSWTP3314RDXL,2499.00,True,Available,1,https://cavaathleisure.com/products/cherry-tieback-swim-top
https://cavaathleisure.com,10338586034492,Cherry Tieback Swim Top,Women's Tanks,CAVA Athleisure Pvt Ltd,52887153279292,XXL,WSWTP3314RDXXL,2499.00,False,Sold Out,0,https://cavaathleisure.com/products/cherry-tieback-swim-top
https://cavaathleisure.com,10338585542972,Black Tieback Swim Top,Women's Tanks,CAVA Athleisure Pvt Ltd,52887145808188,XS,WSWTP3314BKXS,2483.00,True,Available,1,https://cavaathleisure.com/products/black-tieback-swim-top
https://cavaathleisure.com,10338585542972,Black Tieback Swim Top,Women's Tanks,CAVA Athleisure Pvt Ltd,52887145840956,S,WSWTP3314BKS,2483.00,True,Available,1,https://cavaathleisure.com/products/black-tieback-swim-top
https://cavaathleisure.com,10338585542972,Black Tieback Swim Top,Women's Tanks,CAVA Athleisure Pvt Ltd,52887145873724,M,WSWTP3314BKM,2483.00,True,Available,1,https://cavaathleisure.com/products/black-tieback-swim-top
https://cavaathleisure.com,10338585542972,Black Tieback Swim Top,Women's Tanks,CAVA Athleisure Pvt Ltd,52887145906492,L,WSWTP3314BKL,2483.00,True,Available,1,https://cavaathleisure.com/products/black-tieback-swim-top
https://cavaathleisure.com,10338585542972,Black Tieback Swim Top,Women's Tanks,CAVA Athleisure Pvt Ltd,52887145939260,XL,WSWTP3314BKXL,2483.00,True,Available,1,https://cavaathleisure.com/products/black-tieback-swim-top
https://cavaathleisure.com,10338585542972,Black Tieback Swim Top,Women's Tanks,CAVA Athleisure Pvt Ltd,52887145972028,XXL,WSWTP3314BKXXL,2483.00,True,Available,1,https://cavaathleisure.com/products/black-tieback-swim-top
https://cavaathleisure.com,10302054433084,Cherry Plie Pleated Skort,Skorts and Skirts,CAVA Athleisure Pvt Ltd,52747445207356,XS,WSKCS0610RDXS,1699.00,True,Available,1,https://cavaathleisure.com/products/cherry-plie-pleated-skort
https://cavaathleisure.com,10302054433084,Cherry Plie Pleated Skort,Skorts and Skirts,CAVA Athleisure Pvt Ltd,53070642839868,S,WSKCS0610RDS,1699.00,True,Available,1,https://cavaathleisure.com/products/cherry-plie-pleated-skort
https://cavaathleisure.com,10302054433084,Cherry Plie Pleated Skort,Skorts and Skirts,CAVA Athleisure Pvt Ltd,53070642872636,M,WSKCS0610RDM,1699.00,False,Sold Out,0,https://cavaathleisure.com/products/cherry-plie-pleated-skort
https://cavaathleisure.com,10302054433084,Cherry Plie Pleated Skort,Skorts and Skirts,CAVA Athleisure Pvt Ltd,53070642905404,L,WSKCS0610RDL,1699.00,False,Sold Out,0,https://cavaathleisure.com/products/cherry-plie-pleated-skort
https://cavaathleisure.com,10302054433084,Cherry Plie Pleated Skort,Skorts and Skirts,CAVA Athleisure Pvt Ltd,53070642938172,XL,WSKCS0610RDXL,1699.00,True,Available,1,https://cavaathleisure.com/products/cherry-plie-pleated-skort
https://cavaathleisure.com,10302054433084,Cherry Plie Pleated Skort,Skorts and Skirts,CAVA Athleisure Pvt Ltd,53070642970940,XXL,WSKCS0610RDXXL,1699.00,True,Available,1,https://cavaathleisure.com/products/cherry-plie-pleated-skort
https://cavaathleisure.com,10305705345340,Cherry Studio Compression Sports Bra,Sports Bras,CAVA Athleisure Pvt Ltd,52785809457468,XS,WSB4014RDXS,1799.00,False,Sold Out,0,https://cavaathleisure.com/products/cherry-studio-compression-sports-bra
https://cavaathleisure.com,10305705345340,Cherry Studio Compression Sports Bra,Sports Bras,CAVA Athleisure Pvt Ltd,53070640775484,S,WSB4014RDS,1799.00,False,Sold Out,0,https://cavaathleisure.com/products/cherry-studio-compression-sports-bra
https://cavaathleisure.com,10305705345340,Cherry Studio Compression Sports Bra,Sports Bras,CAVA Athleisure Pvt Ltd,53070640808252,M,WSB4014RDM,1799.00,False,Sold Out,0,https://cavaathleisure.com/products/cherry-studio-compression-sports-bra
https://cavaathleisure.com,10305705345340,Cherry Studio Compression Sports Bra,Sports Bras,CAVA Athleisure Pvt Ltd,53070640841020,L,WSB4014RDL,1799.00,False,Sold Out,0,https://cavaathleisure.com/products/cherry-studio-compression-sports-bra
https://cavaathleisure.com,10305705345340,Cherry Studio Compression Sports Bra,Sports Bras,CAVA Athleisure Pvt Ltd,53070640873788,XL,WSB4014RDXL,1799.00,False,Sold Out,0,https://cavaathleisure.com/products/cherry-studio-compression-sports-bra
https://cavaathleisure.com,10305705345340,Cherry Studio Compression Sports Bra,Sports Bras,CAVA Athleisure Pvt Ltd,53070640906556,XXL,WSB4014RDXXL,1799.00,False,Sold Out,0,https://cavaathleisure.com/products/cherry-studio-compression-sports-bra
https://cavaathleisure.com,10305704919356,Slate Studio Compression Sports Bra,Sports Bras,CAVA Athleisure Pvt Ltd,52785803362620,XS,WSB4014GYXS,1799.00,False,Sold Out,0,https://cavaathleisure.com/products/slate-studio-compression-sports-bra
https://cavaathleisure.com,10305704919356,Slate Studio Compression Sports Bra,Sports Bras,CAVA Athleisure Pvt Ltd,53070640939324,S,WSB4014GYS,1799.00,False,Sold Out,0,https://cavaathleisure.com/products/slate-studio-compression-sports-bra
https://cavaathleisure.com,10305704919356,Slate Studio Compression Sports Bra,Sports Bras,CAVA Athleisure Pvt Ltd,53070640972092,M,WSB4014GYM,1799.00,False,Sold Out,0,https://cavaathleisure.com/products/slate-studio-compression-sports-bra
https://cavaathleisure.com,10305704919356,Slate Studio Compression Sports Bra,Sports Bras,CAVA Athleisure Pvt Ltd,53070641004860,L,WSB4014GYL,1799.00,False,Sold Out,0,https://cavaathleisure.com/products/slate-studio-compression-sports-bra
https://cavaathleisure.com,10305704919356,Slate Studio Compression Sports Bra,Sports Bras,CAVA Athleisure Pvt Ltd,53070641037628,XL,WSB4014GYXL,1799.00,False,Sold Out,0,https://cavaathleisure.com/products/slate-studio-compression-sports-bra
https://cavaathleisure.com,10305704919356,Slate Studio Compression Sports Bra,Sports Bras,CAVA Athleisure Pvt Ltd,53070641070396,XXL,WSB4014GYXXL,1799.00,False,Sold Out,0,https://cavaathleisure.com/products/slate-studio-compression-sports-bra
https://cavaathleisure.com,10328118591804,Wine Hourglass Booty Shorts,Women's Shorts,CAVA Athleisure Pvt Ltd,52835747594556,XS,WSH0845WRDXS,1099.00,True,Available,1,https://cavaathleisure.com/products/wine-hourglass-booty-shorts
https://cavaathleisure.com,10328118591804,Wine Hourglass Booty Shorts,Women's Shorts,CAVA Athleisure Pvt Ltd,52835747627324,S,WSH0845WRDS,1099.00,True,Available,1,https://cavaathleisure.com/products/wine-hourglass-booty-shorts
https://cavaathleisure.com,10328118591804,Wine Hourglass Booty Shorts,Women's Shorts,CAVA Athleisure Pvt Ltd,52835747660092,M,WSH0845WRDM,1099.00,True,Available,1,https://cavaathleisure.com/products/wine-hourglass-booty-shorts
https://cavaathleisure.com,10328118591804,Wine Hourglass Booty Shorts,Women's Shorts,CAVA Athleisure Pvt Ltd,52835747692860,L,WSH0845WRDL,1099.00,True,Available,1,https://cavaathleisure.com/products/wine-hourglass-booty-shorts
https://cavaathleisure.com,10328118591804,Wine Hourglass Booty Shorts,Women's Shorts,CAVA Athleisure Pvt Ltd,52835747725628,XL,WSH0845WRDXL,1099.00,True,Available,1,https://cavaathleisure.com/products/wine-hourglass-booty-shorts
https://cavaathleisure.com,10328118591804,Wine Hourglass Booty Shorts,Women's Shorts,CAVA Athleisure Pvt Ltd,52835747758396,XXL,WSH0845WRDXXL,1099.00,False,Sold Out,0,https://cavaathleisure.com/products/wine-hourglass-booty-shorts
https://cavaathleisure.com,10305679589692,"Shadow 5"" Pacer Shorts",Men's Shorts,CAVA Athleisure Pvt Ltd,52838163841340,30,MSH4217GY30,1596.00,False,Sold Out,0,https://cavaathleisure.com/products/shadow-5-pacer-shorts
https://cavaathleisure.com,10305679589692,"Shadow 5"" Pacer Shorts",Men's Shorts,CAVA Athleisure Pvt Ltd,53070641627452,32,MSH4217GY32,1596.00,True,Available,1,https://cavaathleisure.com/products/shadow-5-pacer-shorts
https://cavaathleisure.com,10305679589692,"Shadow 5"" Pacer Shorts",Men's Shorts,CAVA Athleisure Pvt Ltd,53070641660220,34,MSH4217GY34,1596.00,False,Sold Out,0,https://cavaathleisure.com/products/shadow-5-pacer-shorts
https://cavaathleisure.com,10305679589692,"Shadow 5"" Pacer Shorts",Men's Shorts,CAVA Athleisure Pvt Ltd,53070641692988,36,MSH4217GY36,1596.00,False,Sold Out,0,https://cavaathleisure.com/products/shadow-5-pacer-shorts
https://cavaathleisure.com,10305679589692,"Shadow 5"" Pacer Shorts",Men's Shorts,CAVA Athleisure Pvt Ltd,53070641725756,38,MSH4217GY38,1596.00,True,Available,1,https://cavaathleisure.com/products/shadow-5-pacer-shorts
https://cavaathleisure.com,10328115839292,Steel Blue Hourglass Booty Shorts,Women's Shorts,CAVA Athleisure Pvt Ltd,52835740549436,XS,WSH0845BLXS,1099.00,True,Available,1,https://cavaathleisure.com/products/steel-blue-hourglass-booty-shorts
https://cavaathleisure.com,10328115839292,Steel Blue Hourglass Booty Shorts,Women's Shorts,CAVA Athleisure Pvt Ltd,52835740582204,S,WSH0845BLS,1099.00,True,Available,1,https://cavaathleisure.com/products/steel-blue-hourglass-booty-shorts
https://cavaathleisure.com,10328115839292,Steel Blue Hourglass Booty Shorts,Women's Shorts,CAVA Athleisure Pvt Ltd,52835740614972,M,WSH0845BLM,1099.00,True,Available,1,https://cavaathleisure.com/products/steel-blue-hourglass-booty-shorts
https://cavaathleisure.com,10328115839292,Steel Blue Hourglass Booty Shorts,Women's Shorts,CAVA Athleisure Pvt Ltd,52835740647740,L,WSH0845BLL,1099.00,True,Available,1,https://cavaathleisure.com/products/steel-blue-hourglass-booty-shorts
https://cavaathleisure.com,10328115839292,Steel Blue Hourglass Booty Shorts,Women's Shorts,CAVA Athleisure Pvt Ltd,52835740680508,XL,WSH0845BLXL,1099.00,True,Available,1,https://cavaathleisure.com/products/steel-blue-hourglass-booty-shorts
https://cavaathleisure.com,10328115839292,Steel Blue Hourglass Booty Shorts,Women's Shorts,CAVA Athleisure Pvt Ltd,52835740713276,XXL,WSH0845BLXXL,1099.00,True,Available,1,https://cavaathleisure.com/products/steel-blue-hourglass-booty-shorts
https://cavaathleisure.com,10305679524156,"Black 5"" Pacer Shorts",Men's Shorts,CAVA Athleisure Pvt Ltd,52838238781756,30,MSH4217BK30,1599.00,True,Available,1,https://cavaathleisure.com/products/black-5-pacer-shorts
https://cavaathleisure.com,10305679524156,"Black 5"" Pacer Shorts",Men's Shorts,CAVA Athleisure Pvt Ltd,53070641758524,32,MSH4217BK32,1599.00,True,Available,1,https://cavaathleisure.com/products/black-5-pacer-shorts
https://cavaathleisure.com,10305679524156,"Black 5"" Pacer Shorts",Men's Shorts,CAVA Athleisure Pvt Ltd,53070641791292,34,MSH4217BK34,1599.00,False,Sold Out,0,https://cavaathleisure.com/products/black-5-pacer-shorts
https://cavaathleisure.com,10305679524156,"Black 5"" Pacer Shorts",Men's Shorts,CAVA Athleisure Pvt Ltd,53070641824060,36,MSH4217BK36,1599.00,False,Sold Out,0,https://cavaathleisure.com/products/black-5-pacer-shorts
https://cavaathleisure.com,10305679524156,"Black 5"" Pacer Shorts",Men's Shorts,CAVA Athleisure Pvt Ltd,53070641856828,38,MSH4217BK38,1599.00,True,Available,1,https://cavaathleisure.com/products/black-5-pacer-shorts
https://cavaathleisure.com,10302730961212,Purple Fluid Ozone Sleeveless Tank,Tank Tops,CAVA Athleisure Pvt Ltd,52750046200124,S,MTN4314PBKS,1199.00,False,Sold Out,0,https://cavaathleisure.com/products/purple-fluid-ozone-sleeveless-tank
https://cavaathleisure.com,10302730961212,Purple Fluid Ozone Sleeveless Tank,Tank Tops,CAVA Athleisure Pvt Ltd,53070642184508,M,MTN4314PBKM,1199.00,False,Sold Out,0,https://cavaathleisure.com/products/purple-fluid-ozone-sleeveless-tank
https://cavaathleisure.com,10302730961212,Purple Fluid Ozone Sleeveless Tank,Tank Tops,CAVA Athleisure Pvt Ltd,53070642217276,L,MTN4314PBKL,1199.00,True,Available,1,https://cavaathleisure.com/products/purple-fluid-ozone-sleeveless-tank
https://cavaathleisure.com,10302730961212,Purple Fluid Ozone Sleeveless Tank,Tank Tops,CAVA Athleisure Pvt Ltd,53070642250044,XL,MTN4314PBKXL,1199.00,False,Sold Out,0,https://cavaathleisure.com/products/purple-fluid-ozone-sleeveless-tank
https://cavaathleisure.com,10302730961212,Purple Fluid Ozone Sleeveless Tank,Tank Tops,CAVA Athleisure Pvt Ltd,53070642282812,XXL,MTN4314PBKXXL,1199.00,True,Available,1,https://cavaathleisure.com/products/purple-fluid-ozone-sleeveless-tank
https://cavaathleisure.com,10302110040380,Teal Fluid Ozone Sleeveless Tank,Tank Tops,CAVA Athleisure Pvt Ltd,52747586044220,S,MTN4314PGRS,1199.00,False,Sold Out,0,https://cavaathleisure.com/products/teal-fluid-ozone-sleeveless-tank
https://cavaathleisure.com,10302110040380,Teal Fluid Ozone Sleeveless Tank,Tank Tops,CAVA Athleisure Pvt Ltd,53070642544956,M,MTN4314PGRM,1199.00,False,Sold Out,0,https://cavaathleisure.com/products/teal-fluid-ozone-sleeveless-tank
https://cavaathleisure.com,10302110040380,Teal Fluid Ozone Sleeveless Tank,Tank Tops,CAVA Athleisure Pvt Ltd,53070642577724,L,MTN4314PGRL,1199.00,False,Sold Out,0,https://cavaathleisure.com/products/teal-fluid-ozone-sleeveless-tank
https://cavaathleisure.com,10302110040380,Teal Fluid Ozone Sleeveless Tank,Tank Tops,CAVA Athleisure Pvt Ltd,53070642610492,XL,MTN4314PGRXL,1199.00,False,Sold Out,0,https://cavaathleisure.com/products/teal-fluid-ozone-sleeveless-tank
https://cavaathleisure.com,10302110040380,Teal Fluid Ozone Sleeveless Tank,Tank Tops,CAVA Athleisure Pvt Ltd,53070642643260,XXL,MTN4314PGRXXL,1199.00,True,Available,1,https://cavaathleisure.com/products/teal-fluid-ozone-sleeveless-tank
https://cavaathleisure.com,10302006624572,Blush Overlap Tank,Women's Tanks,CAVA Athleisure Pvt Ltd,52747367022908,XS,WTN041PNXS,949.00,False,Sold Out,0,https://cavaathleisure.com/products/blush-pink-overlap-tank
https://cavaathleisure.com,10302006624572,Blush Overlap Tank,Women's Tanks,CAVA Athleisure Pvt Ltd,53070643331388,S,WTN041PNS,949.00,False,Sold Out,0,https://cavaathleisure.com/products/blush-pink-overlap-tank
https://cavaathleisure.com,10302006624572,Blush Overlap Tank,Women's Tanks,CAVA Athleisure Pvt Ltd,53070643364156,M,WTN041PNM,949.00,False,Sold Out,0,https://cavaathleisure.com/products/blush-pink-overlap-tank
https://cavaathleisure.com,10302006624572,Blush Overlap Tank,Women's Tanks,CAVA Athleisure Pvt Ltd,53070643396924,L,WTN041PNL,949.00,False,Sold Out,0,https://cavaathleisure.com/products/blush-pink-overlap-tank
https://cavaathleisure.com,10302006624572,Blush Overlap Tank,Women's Tanks,CAVA Athleisure Pvt Ltd,53070643429692,XL,WTN041PNXL,949.00,False,Sold Out,0,https://cavaathleisure.com/products/blush-pink-overlap-tank
https://cavaathleisure.com,10302006624572,Blush Overlap Tank,Women's Tanks,CAVA Athleisure Pvt Ltd,53070643462460,XXL,WTN041PNXXL,949.00,False,Sold Out,0,https://cavaathleisure.com/products/blush-pink-overlap-tank
https://cavaathleisure.com,10305679327548,"Teal 5"" Pacer Shorts",Men's Shorts,CAVA Athleisure Pvt Ltd,52838331154748,30,MSH4217GR30,1599.00,True,Available,1,https://cavaathleisure.com/products/teal-5-pacer-shorts
https://cavaathleisure.com,10305679327548,"Teal 5"" Pacer Shorts",Men's Shorts,CAVA Athleisure Pvt Ltd,53070641889596,32,MSH4217GR32,1599.00,True,Available,1,https://cavaathleisure.com/products/teal-5-pacer-shorts
https://cavaathleisure.com,10305679327548,"Teal 5"" Pacer Shorts",Men's Shorts,CAVA Athleisure Pvt Ltd,53070641922364,34,MSH4217GR34,1599.00,True,Available,1,https://cavaathleisure.com/products/teal-5-pacer-shorts
https://cavaathleisure.com,10305679327548,"Teal 5"" Pacer Shorts",Men's Shorts,CAVA Athleisure Pvt Ltd,53070641955132,36,MSH4217GR36,1599.00,True,Available,1,https://cavaathleisure.com/products/teal-5-pacer-shorts
https://cavaathleisure.com,10305679327548,"Teal 5"" Pacer Shorts",Men's Shorts,CAVA Athleisure Pvt Ltd,53070641987900,38,MSH4217GR38,1599.00,True,Available,1,https://cavaathleisure.com/products/teal-5-pacer-shorts
https://cavaathleisure.com,10298757218620,Teal Fluid Strap Back Sports Bra,Sports Bras,CAVA Athleisure Pvt Ltd,52737335886140,XS,WSB1917PGRXS,1299.00,False,Sold Out,0,https://cavaathleisure.com/products/teal-fluid-strap-back-sports-bra
https://cavaathleisure.com,10298757218620,Teal Fluid Strap Back Sports Bra,Sports Bras,CAVA Athleisure Pvt Ltd,53070643822908,S,WSB1917PGRS,1299.00,False,Sold Out,0,https://cavaathleisure.com/products/teal-fluid-strap-back-sports-bra
https://cavaathleisure.com,10298757218620,Teal Fluid Strap Back Sports Bra,Sports Bras,CAVA Athleisure Pvt Ltd,53070643855676,M,WSB1917PGRM,1299.00,False,Sold Out,0,https://cavaathleisure.com/products/teal-fluid-strap-back-sports-bra
https://cavaathleisure.com,10298757218620,Teal Fluid Strap Back Sports Bra,Sports Bras,CAVA Athleisure Pvt Ltd,53070643888444,L,WSB1917PGRL,1299.00,False,Sold Out,0,https://cavaathleisure.com/products/teal-fluid-strap-back-sports-bra
https://cavaathleisure.com,10298757218620,Teal Fluid Strap Back Sports Bra,Sports Bras,CAVA Athleisure Pvt Ltd,53070643921212,XL,WSB1917PGRXL,1299.00,False,Sold Out,0,https://cavaathleisure.com/products/teal-fluid-strap-back-sports-bra
https://cavaathleisure.com,10298757218620,Teal Fluid Strap Back Sports Bra,Sports Bras,CAVA Athleisure Pvt Ltd,53070643953980,XXL,WSB1917PGRXXL,1299.00,True,Available,1,https://cavaathleisure.com/products/teal-fluid-strap-back-sports-bra
https://cavaathleisure.com,10331438776636,Steel Blue Hourglass Flared Leggings,Flare Pants,CAVA Athleisure Pvt Ltd,52845720305980,XS,WFPACU0145BLXS,1429.00,True,Available,1,https://cavaathleisure.com/products/steel-blue-hourglass-flared-leggings
https://cavaathleisure.com,10331438776636,Steel Blue Hourglass Flared Leggings,Flare Pants,CAVA Athleisure Pvt Ltd,52845720338748,XS,WFPACU0245BLXS,1429.00,True,Available,1,https://cavaathleisure.com/products/steel-blue-hourglass-flared-leggings
https://cavaathleisure.com,10331438776636,Steel Blue Hourglass Flared Leggings,Flare Pants,CAVA Athleisure Pvt Ltd,52845720371516,XS,WFPACU0445BLXS,1429.00,True,Available,1,https://cavaathleisure.com/products/steel-blue-hourglass-flared-leggings
https://cavaathleisure.com,10331438776636,Steel Blue Hourglass Flared Leggings,Flare Pants,CAVA Athleisure Pvt Ltd,52845720404284,S,WFPACU0145BLS,1429.00,True,Available,1,https://cavaathleisure.com/products/steel-blue-hourglass-flared-leggings
https://cavaathleisure.com,10331438776636,Steel Blue Hourglass Flared Leggings,Flare Pants,CAVA Athleisure Pvt Ltd,52845720437052,S,WFPACU0245BLS,1429.00,False,Sold Out,0,https://cavaathleisure.com/products/steel-blue-hourglass-flared-leggings
https://cavaathleisure.com,10331438776636,Steel Blue Hourglass Flared Leggings,Flare Pants,CAVA Athleisure Pvt Ltd,52845720469820,S,WFPACU0445BLS,1429.00,True,Available,1,https://cavaathleisure.com/products/steel-blue-hourglass-flared-leggings
https://cavaathleisure.com,10331438776636,Steel Blue Hourglass Flared Leggings,Flare Pants,CAVA Athleisure Pvt Ltd,52845720502588,M,WFPACU0145BLM,1429.00,True,Available,1,https://cavaathleisure.com/products/steel-blue-hourglass-flared-leggings
https://cavaathleisure.com,10331438776636,Steel Blue Hourglass Flared Leggings,Flare Pants,CAVA Athleisure Pvt Ltd,52845720535356,M,WFPACU0245BLM,1429.00,False,Sold Out,0,https://cavaathleisure.com/products/steel-blue-hourglass-flared-leggings
https://cavaathleisure.com,10331438776636,Steel Blue Hourglass Flared Leggings,Flare Pants,CAVA Athleisure Pvt Ltd,52845720568124,M,WFPACU0445BLM,1429.00,True,Available,1,https://cavaathleisure.com/products/steel-blue-hourglass-flared-leggings
https://cavaathleisure.com,10331438776636,Steel Blue Hourglass Flared Leggings,Flare Pants,CAVA Athleisure Pvt Ltd,52845720600892,L,WFPACU0145BLL,1429.00,True,Available,1,https://cavaathleisure.com/products/steel-blue-hourglass-flared-leggings
https://cavaathleisure.com,10331438776636,Steel Blue Hourglass Flared Leggings,Flare Pants,CAVA Athleisure Pvt Ltd,52845720633660,L,WFPACU0245BLL,1429.00,True,Available,1,https://cavaathleisure.com/products/steel-blue-hourglass-flared-leggings
https://cavaathleisure.com,10331438776636,Steel Blue Hourglass Flared Leggings,Flare Pants,CAVA Athleisure Pvt Ltd,52845720666428,L,WFPACU0445BLL,1429.00,True,Available,1,https://cavaathleisure.com/products/steel-blue-hourglass-flared-leggings
https://cavaathleisure.com,10331438776636,Steel Blue Hourglass Flared Leggings,Flare Pants,CAVA Athleisure Pvt Ltd,52845720699196,XL,WFPACU0145BLXL,1429.00,True,Available,1,https://cavaathleisure.com/products/steel-blue-hourglass-flared-leggings
https://cavaathleisure.com,10331438776636,Steel Blue Hourglass Flared Leggings,Flare Pants,CAVA Athleisure Pvt Ltd,52845720731964,XL,WFPACU0245BLXL,1429.00,True,Available,1,https://cavaathleisure.com/products/steel-blue-hourglass-flared-leggings
https://cavaathleisure.com,10331438776636,Steel Blue Hourglass Flared Leggings,Flare Pants,CAVA Athleisure Pvt Ltd,52845720764732,XL,WFPACU0445BLXL,1429.00,True,Available,1,https://cavaathleisure.com/products/steel-blue-hourglass-flared-leggings
https://cavaathleisure.com,10331438776636,Steel Blue Hourglass Flared Leggings,Flare Pants,CAVA Athleisure Pvt Ltd,52845720797500,XXL,WFPACU0145BLXXL,1429.00,True,Available,1,https://cavaathleisure.com/products/steel-blue-hourglass-flared-leggings
https://cavaathleisure.com,10331438776636,Steel Blue Hourglass Flared Leggings,Flare Pants,CAVA Athleisure Pvt Ltd,52845720830268,XXL,WFPACU0245BLXXL,1429.00,True,Available,1,https://cavaathleisure.com/products/steel-blue-hourglass-flared-leggings
https://cavaathleisure.com,10331438776636,Steel Blue Hourglass Flared Leggings,Flare Pants,CAVA Athleisure Pvt Ltd,52845720863036,XXL,WFPACU0445BLXXL,1429.00,True,Available,1,https://cavaathleisure.com/products/steel-blue-hourglass-flared-leggings
https://cavaathleisure.com,10298757087548,Pink Strap Back Sports Bra,Sports Bras,CAVA Athleisure Pvt Ltd,52737334313276,XS,WSB1917PNXS,1199.00,True,Available,1,https://cavaathleisure.com/products/pink-strap-back-sports-bra
https://cavaathleisure.com,10298757087548,Pink Strap Back Sports Bra,Sports Bras,CAVA Athleisure Pvt Ltd,53070643986748,S,WSB1917PNS,1199.00,True,Available,1,https://cavaathleisure.com/products/pink-strap-back-sports-bra
https://cavaathleisure.com,10298757087548,Pink Strap Back Sports Bra,Sports Bras,CAVA Athleisure Pvt Ltd,53070644019516,M,WSB1917PNM,1199.00,True,Available,1,https://cavaathleisure.com/products/pink-strap-back-sports-bra
https://cavaathleisure.com,10298757087548,Pink Strap Back Sports Bra,Sports Bras,CAVA Athleisure Pvt Ltd,53070644052284,L,WSB1917PNL,1199.00,True,Available,1,https://cavaathleisure.com/products/pink-strap-back-sports-bra
https://cavaathleisure.com,10298757087548,Pink Strap Back Sports Bra,Sports Bras,CAVA Athleisure Pvt Ltd,53070644085052,XL,WSB1917PNXL,1199.00,True,Available,1,https://cavaathleisure.com/products/pink-strap-back-sports-bra
https://cavaathleisure.com,10298757087548,Pink Strap Back Sports Bra,Sports Bras,CAVA Athleisure Pvt Ltd,53070644117820,XXL,WSB1917PNXXL,1199.00,True,Available,1,https://cavaathleisure.com/products/pink-strap-back-sports-bra
https://cavaathleisure.com,10296517099836,Plum Contoured Seamless Sports Bra,Sports Bras,CAVA athleisure,52733537911100,XS,WSBUD17PUXS,999.00,True,Available,1,https://cavaathleisure.com/products/plum-contoured-seamless-sports-bra
https://cavaathleisure.com,10296517099836,Plum Contoured Seamless Sports Bra,Sports Bras,CAVA athleisure,53070645985596,S,WSBUD17PUS,999.00,False,Sold Out,0,https://cavaathleisure.com/products/plum-contoured-seamless-sports-bra
https://cavaathleisure.com,10296517099836,Plum Contoured Seamless Sports Bra,Sports Bras,CAVA athleisure,53070646018364,M,WSBUD17PUM,999.00,False,Sold Out,0,https://cavaathleisure.com/products/plum-contoured-seamless-sports-bra
https://cavaathleisure.com,10296517099836,Plum Contoured Seamless Sports Bra,Sports Bras,CAVA athleisure,53070646051132,L,WSBUD17PUL,999.00,False,Sold Out,0,https://cavaathleisure.com/products/plum-contoured-seamless-sports-bra
https://cavaathleisure.com,10296517099836,Plum Contoured Seamless Sports Bra,Sports Bras,CAVA athleisure,53070646083900,XL,WSBUD17PUXL,999.00,False,Sold Out,0,https://cavaathleisure.com/products/plum-contoured-seamless-sports-bra
https://cavaathleisure.com,10296517099836,Plum Contoured Seamless Sports Bra,Sports Bras,CAVA athleisure,53070646116668,XXL,WSBUD17PUXXL,999.00,True,Available,1,https://cavaathleisure.com/products/plum-contoured-seamless-sports-bra
https://cavaathleisure.com,10298741293372,Black Contour Flared Leggings,Flare Pants,CAVA Athleisure Pvt Ltd,52737258586428,XS,WFP3714BKXS,1399.00,False,Sold Out,0,https://cavaathleisure.com/products/black-contour-flared-leggings
https://cavaathleisure.com,10298741293372,Black Contour Flared Leggings,Flare Pants,CAVA Athleisure Pvt Ltd,53070645264700,S,WFP3714BKS,1399.00,True,Available,1,https://cavaathleisure.com/products/black-contour-flared-leggings
https://cavaathleisure.com,10298741293372,Black Contour Flared Leggings,Flare Pants,CAVA Athleisure Pvt Ltd,53070645297468,M,WFP3714BKM,1399.00,True,Available,1,https://cavaathleisure.com/products/black-contour-flared-leggings
https://cavaathleisure.com,10298741293372,Black Contour Flared Leggings,Flare Pants,CAVA Athleisure Pvt Ltd,53070645330236,L,WFP3714BKL,1399.00,False,Sold Out,0,https://cavaathleisure.com/products/black-contour-flared-leggings
https://cavaathleisure.com,10298741293372,Black Contour Flared Leggings,Flare Pants,CAVA Athleisure Pvt Ltd,53070645363004,XL,WFP3714BKXL,1399.00,True,Available,1,https://cavaathleisure.com/products/black-contour-flared-leggings
https://cavaathleisure.com,10298741293372,Black Contour Flared Leggings,Flare Pants,CAVA Athleisure Pvt Ltd,53070645395772,XXL,WFP3714BKXXL,1399.00,False,Sold Out,0,https://cavaathleisure.com/products/black-contour-flared-leggings
https://cavaathleisure.com,10298741358908,Slate Contour Flared Leggings,Flare Pants,CAVA Athleisure Pvt Ltd,52737258848572,XS,WFP3714GYXS,1399.00,True,Available,1,https://cavaathleisure.com/products/slate-contour-flared-leggings
https://cavaathleisure.com,10298741358908,Slate Contour Flared Leggings,Flare Pants,CAVA Athleisure Pvt Ltd,53070645100860,S,WFP3714GYS,1399.00,True,Available,1,https://cavaathleisure.com/products/slate-contour-flared-leggings
https://cavaathleisure.com,10298741358908,Slate Contour Flared Leggings,Flare Pants,CAVA Athleisure Pvt Ltd,53070645133628,M,WFP3714GYM,1399.00,True,Available,1,https://cavaathleisure.com/products/slate-contour-flared-leggings
https://cavaathleisure.com,10298741358908,Slate Contour Flared Leggings,Flare Pants,CAVA Athleisure Pvt Ltd,53070645166396,L,WFP3714GYL,1399.00,True,Available,1,https://cavaathleisure.com/products/slate-contour-flared-leggings
https://cavaathleisure.com,10298741358908,Slate Contour Flared Leggings,Flare Pants,CAVA Athleisure Pvt Ltd,53070645199164,XL,WFP3714GYXL,1399.00,True,Available,1,https://cavaathleisure.com/products/slate-contour-flared-leggings
https://cavaathleisure.com,10298741358908,Slate Contour Flared Leggings,Flare Pants,CAVA Athleisure Pvt Ltd,53070645231932,XXL,WFP3714GYXXL,1399.00,True,Available,1,https://cavaathleisure.com/products/slate-contour-flared-leggings
https://cavaathleisure.com,10296154587452,Cherry Studio Compression Leggings,Leggings,CAVA Athleisure Pvt Ltd,52732330246460,XS,WLG3714RDXS,999.00,True,Available,1,https://cavaathleisure.com/products/cherry-studio-compression-leggings
https://cavaathleisure.com,10296154587452,Cherry Studio Compression Leggings,Leggings,CAVA Athleisure Pvt Ltd,53070646477116,S,WLG3714RDS,999.00,True,Available,1,https://cavaathleisure.com/products/cherry-studio-compression-leggings
https://cavaathleisure.com,10296154587452,Cherry Studio Compression Leggings,Leggings,CAVA Athleisure Pvt Ltd,53070646509884,M,WLG3714RDM,999.00,True,Available,1,https://cavaathleisure.com/products/cherry-studio-compression-leggings
https://cavaathleisure.com,10296154587452,Cherry Studio Compression Leggings,Leggings,CAVA Athleisure Pvt Ltd,53070646542652,L,WLG3714RDL,999.00,False,Sold Out,0,https://cavaathleisure.com/products/cherry-studio-compression-leggings
https://cavaathleisure.com,10296154587452,Cherry Studio Compression Leggings,Leggings,CAVA Athleisure Pvt Ltd,53070646575420,XL,WLG3714RDXL,999.00,False,Sold Out,0,https://cavaathleisure.com/products/cherry-studio-compression-leggings
https://cavaathleisure.com,10296154587452,Cherry Studio Compression Leggings,Leggings,CAVA Athleisure Pvt Ltd,53070646608188,XXL,WLG3714RDXXL,999.00,False,Sold Out,0,https://cavaathleisure.com/products/cherry-studio-compression-leggings
https://cavaathleisure.com,10296155177276,Cherry Contour Flared Leggings,Flare Pants,CAVA Athleisure Pvt Ltd,52732332376380,XS,WFP3714RDXS,1399.00,True,Available,1,https://cavaathleisure.com/products/cherry-contour-flared-leggings
https://cavaathleisure.com,10296155177276,Cherry Contour Flared Leggings,Flare Pants,CAVA Athleisure Pvt Ltd,53070646313276,S,WFP3714RDS,1399.00,True,Available,1,https://cavaathleisure.com/products/cherry-contour-flared-leggings
https://cavaathleisure.com,10296155177276,Cherry Contour Flared Leggings,Flare Pants,CAVA Athleisure Pvt Ltd,53070646346044,M,WFP3714RDM,1399.00,True,Available,1,https://cavaathleisure.com/products/cherry-contour-flared-leggings
https://cavaathleisure.com,10296155177276,Cherry Contour Flared Leggings,Flare Pants,CAVA Athleisure Pvt Ltd,53070646378812,L,WFP3714RDL,1399.00,True,Available,1,https://cavaathleisure.com/products/cherry-contour-flared-leggings
https://cavaathleisure.com,10296155177276,Cherry Contour Flared Leggings,Flare Pants,CAVA Athleisure Pvt Ltd,53070646411580,XL,WFP3714RDXL,1399.00,False,Sold Out,0,https://cavaathleisure.com/products/cherry-contour-flared-leggings
https://cavaathleisure.com,10296155177276,Cherry Contour Flared Leggings,Flare Pants,CAVA Athleisure Pvt Ltd,53070646444348,XXL,WFP3714RDXXL,1399.00,True,Available,1,https://cavaathleisure.com/products/cherry-contour-flared-leggings
https://cavaathleisure.com,10296517001532,Navy Contoured Seamless Sports Bra,Sports Bras,CAVA athleisure,52733537517884,XS,WSBUD17NYXS,999.00,True,Available,1,https://cavaathleisure.com/products/navy-contoured-seamless-sports-bra
https://cavaathleisure.com,10296517001532,Navy Contoured Seamless Sports Bra,Sports Bras,CAVA athleisure,53070646149436,S,WSBUD17NYS,999.00,True,Available,1,https://cavaathleisure.com/products/navy-contoured-seamless-sports-bra
https://cavaathleisure.com,10296517001532,Navy Contoured Seamless Sports Bra,Sports Bras,CAVA athleisure,53070646182204,M,WSBUD17NYM,999.00,False,Sold Out,0,https://cavaathleisure.com/products/navy-contoured-seamless-sports-bra
https://cavaathleisure.com,10296517001532,Navy Contoured Seamless Sports Bra,Sports Bras,CAVA athleisure,53070646214972,L,WSBUD17NYL,999.00,True,Available,1,https://cavaathleisure.com/products/navy-contoured-seamless-sports-bra
https://cavaathleisure.com,10296517001532,Navy Contoured Seamless Sports Bra,Sports Bras,CAVA athleisure,53070646247740,XL,WSBUD17NYXL,999.00,True,Available,1,https://cavaathleisure.com/products/navy-contoured-seamless-sports-bra
https://cavaathleisure.com,10296517001532,Navy Contoured Seamless Sports Bra,Sports Bras,CAVA athleisure,53070646280508,XXL,WSBUD17NYXXL,999.00,True,Available,1,https://cavaathleisure.com/products/navy-contoured-seamless-sports-bra
https://cavaathleisure.com,10296154358076,Slate Studio Compression Leggings,Leggings,CAVA Athleisure Pvt Ltd,52732329525564,XS,WLG3714GYXS,999.00,True,Available,1,https://cavaathleisure.com/products/slate-studio-compression-leggings
https://cavaathleisure.com,10296154358076,Slate Studio Compression Leggings,Leggings,CAVA Athleisure Pvt Ltd,53070646640956,S,WLG3714GYS,999.00,True,Available,1,https://cavaathleisure.com/products/slate-studio-compression-leggings
https://cavaathleisure.com,10296154358076,Slate Studio Compression Leggings,Leggings,CAVA Athleisure Pvt Ltd,53070646673724,M,WLG3714GYM,999.00,True,Available,1,https://cavaathleisure.com/products/slate-studio-compression-leggings
https://cavaathleisure.com,10296154358076,Slate Studio Compression Leggings,Leggings,CAVA Athleisure Pvt Ltd,53070646706492,L,WLG3714GYL,999.00,False,Sold Out,0,https://cavaathleisure.com/products/slate-studio-compression-leggings
https://cavaathleisure.com,10296154358076,Slate Studio Compression Leggings,Leggings,CAVA Athleisure Pvt Ltd,53070646739260,XL,WLG3714GYXL,999.00,False,Sold Out,0,https://cavaathleisure.com/products/slate-studio-compression-leggings
https://cavaathleisure.com,10296154358076,Slate Studio Compression Leggings,Leggings,CAVA Athleisure Pvt Ltd,53070646772028,XXL,WLG3714GYXXL,999.00,False,Sold Out,0,https://cavaathleisure.com/products/slate-studio-compression-leggings
https://cavaathleisure.com,10296150131004,Black Studio Compression Leggings,Leggings,CAVA Athleisure Pvt Ltd,52732323135804,XS,WLG3714BKXS,999.00,True,Available,1,https://cavaathleisure.com/products/black-studio-compression-leggings
https://cavaathleisure.com,10296150131004,Black Studio Compression Leggings,Leggings,CAVA Athleisure Pvt Ltd,53070646804796,S,WLG3714BKS,999.00,True,Available,1,https://cavaathleisure.com/products/black-studio-compression-leggings
https://cavaathleisure.com,10296150131004,Black Studio Compression Leggings,Leggings,CAVA Athleisure Pvt Ltd,53070646837564,M,WLG3714BKM,999.00,False,Sold Out,0,https://cavaathleisure.com/products/black-studio-compression-leggings
https://cavaathleisure.com,10296150131004,Black Studio Compression Leggings,Leggings,CAVA Athleisure Pvt Ltd,53070646870332,L,WLG3714BKL,999.00,False,Sold Out,0,https://cavaathleisure.com/products/black-studio-compression-leggings
https://cavaathleisure.com,10296150131004,Black Studio Compression Leggings,Leggings,CAVA Athleisure Pvt Ltd,53070646903100,XL,WLG3714BKXL,999.00,False,Sold Out,0,https://cavaathleisure.com/products/black-studio-compression-leggings
https://cavaathleisure.com,10296150131004,Black Studio Compression Leggings,Leggings,CAVA Athleisure Pvt Ltd,53070646935868,XXL,WLG3714BKXXL,999.00,False,Sold Out,0,https://cavaathleisure.com/products/black-studio-compression-leggings
https://cavaathleisure.com,10296106156348,Pink Heartline Sports Bra,Sports Bras,CAVA Athleisure Pvt Ltd,52732228534588,XS,WSB3914MPNXS,1399.00,True,Available,1,https://cavaathleisure.com/products/pink-heartline-sports-bra
https://cavaathleisure.com,10296106156348,Pink Heartline Sports Bra,Sports Bras,CAVA Athleisure Pvt Ltd,53070647623996,S,WSB3914MPNS,1399.00,True,Available,1,https://cavaathleisure.com/products/pink-heartline-sports-bra
https://cavaathleisure.com,10296106156348,Pink Heartline Sports Bra,Sports Bras,CAVA Athleisure Pvt Ltd,53070647656764,M,WSB3914MPNM,1399.00,True,Available,1,https://cavaathleisure.com/products/pink-heartline-sports-bra
https://cavaathleisure.com,10296106156348,Pink Heartline Sports Bra,Sports Bras,CAVA Athleisure Pvt Ltd,53070647689532,L,WSB3914MPNL,1399.00,False,Sold Out,0,https://cavaathleisure.com/products/pink-heartline-sports-bra
https://cavaathleisure.com,10296106156348,Pink Heartline Sports Bra,Sports Bras,CAVA Athleisure Pvt Ltd,53070647722300,XL,WSB3914MPNXL,1399.00,True,Available,1,https://cavaathleisure.com/products/pink-heartline-sports-bra
https://cavaathleisure.com,10296106156348,Pink Heartline Sports Bra,Sports Bras,CAVA Athleisure Pvt Ltd,53070647755068,XXL,WSB3914MPNXXL,1399.00,False,Sold Out,0,https://cavaathleisure.com/products/pink-heartline-sports-bra
https://cavaathleisure.com,10296141447484,Wine Hourglass Swirl Skorts,Skorts and Skirts,CAVA Athleisure Pvt Ltd,52732303147324,XS,WSK4114WRDXS,1599.00,True,Available,1,https://cavaathleisure.com/products/wine-hourglass-swirl-skorts
https://cavaathleisure.com,10296141447484,Wine Hourglass Swirl Skorts,Skorts and Skirts,CAVA Athleisure Pvt Ltd,53070647132476,S,WSK4114WRDS,1599.00,True,Available,1,https://cavaathleisure.com/products/wine-hourglass-swirl-skorts
https://cavaathleisure.com,10296141447484,Wine Hourglass Swirl Skorts,Skorts and Skirts,CAVA Athleisure Pvt Ltd,53070647165244,M,WSK4114WRDM,1599.00,True,Available,1,https://cavaathleisure.com/products/wine-hourglass-swirl-skorts
https://cavaathleisure.com,10296141447484,Wine Hourglass Swirl Skorts,Skorts and Skirts,CAVA Athleisure Pvt Ltd,53070647198012,L,WSK4114WRDL,1599.00,True,Available,1,https://cavaathleisure.com/products/wine-hourglass-swirl-skorts
https://cavaathleisure.com,10296141447484,Wine Hourglass Swirl Skorts,Skorts and Skirts,CAVA Athleisure Pvt Ltd,53070647230780,XL,WSK4114WRDXL,1599.00,True,Available,1,https://cavaathleisure.com/products/wine-hourglass-swirl-skorts
https://cavaathleisure.com,10296141447484,Wine Hourglass Swirl Skorts,Skorts and Skirts,CAVA Athleisure Pvt Ltd,53070647263548,XXL,WSK4114WRDXXL,1599.00,True,Available,1,https://cavaathleisure.com/products/wine-hourglass-swirl-skorts
https://cavaathleisure.com,10296141480252,Blush Hourglass Swirl Skorts,Skorts and Skirts,CAVA Athleisure Pvt Ltd,52732303409468,XS,WSK4114PNXS,1599.00,True,Available,1,https://cavaathleisure.com/products/blush-hourglass-swirl-skorts
https://cavaathleisure.com,10296141480252,Blush Hourglass Swirl Skorts,Skorts and Skirts,CAVA Athleisure Pvt Ltd,53070646968636,S,WSK4114PNS,1599.00,True,Available,1,https://cavaathleisure.com/products/blush-hourglass-swirl-skorts
https://cavaathleisure.com,10296141480252,Blush Hourglass Swirl Skorts,Skorts and Skirts,CAVA Athleisure Pvt Ltd,53070647001404,M,WSK4114PNM,1599.00,True,Available,1,https://cavaathleisure.com/products/blush-hourglass-swirl-skorts
https://cavaathleisure.com,10296141480252,Blush Hourglass Swirl Skorts,Skorts and Skirts,CAVA Athleisure Pvt Ltd,53070647034172,L,WSK4114PNL,1599.00,True,Available,1,https://cavaathleisure.com/products/blush-hourglass-swirl-skorts
https://cavaathleisure.com,10296141480252,Blush Hourglass Swirl Skorts,Skorts and Skirts,CAVA Athleisure Pvt Ltd,53070647066940,XL,WSK4114PNXL,1599.00,True,Available,1,https://cavaathleisure.com/products/blush-hourglass-swirl-skorts
https://cavaathleisure.com,10296141480252,Blush Hourglass Swirl Skorts,Skorts and Skirts,CAVA Athleisure Pvt Ltd,53070647099708,XXL,WSK4114PNXXL,1599.00,True,Available,1,https://cavaathleisure.com/products/blush-hourglass-swirl-skorts
https://cavaathleisure.com,10296112120124,Black Hourglass Swirl Skorts,Skorts and Skirts,CAVA Athleisure Pvt Ltd,52732241215804,XS,WSK4114BKXS,1599.00,True,Available,1,https://cavaathleisure.com/products/black-hourglass-swirl-skorts
https://cavaathleisure.com,10296112120124,Black Hourglass Swirl Skorts,Skorts and Skirts,CAVA Athleisure Pvt Ltd,53070647460156,S,WSK4114BKS,1599.00,True,Available,1,https://cavaathleisure.com/products/black-hourglass-swirl-skorts
https://cavaathleisure.com,10296112120124,Black Hourglass Swirl Skorts,Skorts and Skirts,CAVA Athleisure Pvt Ltd,53070647492924,M,WSK4114BKM,1599.00,True,Available,1,https://cavaathleisure.com/products/black-hourglass-swirl-skorts
https://cavaathleisure.com,10296112120124,Black Hourglass Swirl Skorts,Skorts and Skirts,CAVA Athleisure Pvt Ltd,53070647525692,L,WSK4114BKL,1599.00,True,Available,1,https://cavaathleisure.com/products/black-hourglass-swirl-skorts
https://cavaathleisure.com,10296112120124,Black Hourglass Swirl Skorts,Skorts and Skirts,CAVA Athleisure Pvt Ltd,53070647558460,XL,WSK4114BKXL,1599.00,True,Available,1,https://cavaathleisure.com/products/black-hourglass-swirl-skorts
https://cavaathleisure.com,10296112120124,Black Hourglass Swirl Skorts,Skorts and Skirts,CAVA Athleisure Pvt Ltd,53070647591228,XXL,WSK4114BKXXL,1599.00,True,Available,1,https://cavaathleisure.com/products/black-hourglass-swirl-skorts
https://cavaathleisure.com,10296105468220,Wine Heartline Sports Bra,Sports Bras,CAVA Athleisure Pvt Ltd,52732226797884,XS,WSB3914WRDXS,1399.00,False,Sold Out,0,https://cavaathleisure.com/products/wine-heartline-sports-bra
https://cavaathleisure.com,10296105468220,Wine Heartline Sports Bra,Sports Bras,CAVA Athleisure Pvt Ltd,53070647951676,S,WSB3914WRDS,1399.00,False,Sold Out,0,https://cavaathleisure.com/products/wine-heartline-sports-bra
https://cavaathleisure.com,10296105468220,Wine Heartline Sports Bra,Sports Bras,CAVA Athleisure Pvt Ltd,53070647984444,M,WSB3914WRDM,1399.00,False,Sold Out,0,https://cavaathleisure.com/products/wine-heartline-sports-bra
https://cavaathleisure.com,10296105468220,Wine Heartline Sports Bra,Sports Bras,CAVA Athleisure Pvt Ltd,53070648017212,L,WSB3914WRDL,1399.00,False,Sold Out,0,https://cavaathleisure.com/products/wine-heartline-sports-bra
https://cavaathleisure.com,10296105468220,Wine Heartline Sports Bra,Sports Bras,CAVA Athleisure Pvt Ltd,53070648049980,XL,WSB3914WRDXL,1399.00,False,Sold Out,0,https://cavaathleisure.com/products/wine-heartline-sports-bra
https://cavaathleisure.com,10296105468220,Wine Heartline Sports Bra,Sports Bras,CAVA Athleisure Pvt Ltd,53070648082748,XXL,WSB3914WRDXXL,1399.00,False,Sold Out,0,https://cavaathleisure.com/products/wine-heartline-sports-bra
https://cavaathleisure.com,10296102191420,Black Studio Compression Sports Bra,Sports Bras,CAVA Athleisure Pvt Ltd,52732207268156,XS,WSB4014BKXS,1799.00,False,Sold Out,0,https://cavaathleisure.com/products/black-studio-compression-sports-bra
https://cavaathleisure.com,10296102191420,Black Studio Compression Sports Bra,Sports Bras,CAVA Athleisure Pvt Ltd,53070648115516,S,WSB4014BKS,1799.00,False,Sold Out,0,https://cavaathleisure.com/products/black-studio-compression-sports-bra
https://cavaathleisure.com,10296102191420,Black Studio Compression Sports Bra,Sports Bras,CAVA Athleisure Pvt Ltd,53070648148284,M,WSB4014BKM,1799.00,False,Sold Out,0,https://cavaathleisure.com/products/black-studio-compression-sports-bra
https://cavaathleisure.com,10296102191420,Black Studio Compression Sports Bra,Sports Bras,CAVA Athleisure Pvt Ltd,53070648181052,L,WSB4014BKL,1799.00,False,Sold Out,0,https://cavaathleisure.com/products/black-studio-compression-sports-bra
https://cavaathleisure.com,10296102191420,Black Studio Compression Sports Bra,Sports Bras,CAVA Athleisure Pvt Ltd,53070648213820,XL,WSB4014BKXL,1799.00,False,Sold Out,0,https://cavaathleisure.com/products/black-studio-compression-sports-bra
https://cavaathleisure.com,10296102191420,Black Studio Compression Sports Bra,Sports Bras,CAVA Athleisure Pvt Ltd,53070648246588,XXL,WSB4014BKXXL,1799.00,False,Sold Out,0,https://cavaathleisure.com/products/black-studio-compression-sports-bra
https://cavaathleisure.com,10302002397500,Teal Fluid Overlap Tank,Women's Tanks,CAVA Athleisure Pvt Ltd,52747333075260,XS,WTN0414PGRXS,1399.00,False,Sold Out,0,https://cavaathleisure.com/products/teal-fluid-overlap-tank
https://cavaathleisure.com,10302002397500,Teal Fluid Overlap Tank,Women's Tanks,CAVA Athleisure Pvt Ltd,53070643495228,S,WTN0414PGRS,1399.00,False,Sold Out,0,https://cavaathleisure.com/products/teal-fluid-overlap-tank
https://cavaathleisure.com,10302002397500,Teal Fluid Overlap Tank,Women's Tanks,CAVA Athleisure Pvt Ltd,53070643527996,M,WTN0414PGRM,1399.00,False,Sold Out,0,https://cavaathleisure.com/products/teal-fluid-overlap-tank
https://cavaathleisure.com,10302002397500,Teal Fluid Overlap Tank,Women's Tanks,CAVA Athleisure Pvt Ltd,53070643560764,L,WTN0414PGRL,1399.00,False,Sold Out,0,https://cavaathleisure.com/products/teal-fluid-overlap-tank
https://cavaathleisure.com,10302002397500,Teal Fluid Overlap Tank,Women's Tanks,CAVA Athleisure Pvt Ltd,53070643593532,XL,WTN0414PGRXL,1399.00,False,Sold Out,0,https://cavaathleisure.com/products/teal-fluid-overlap-tank
https://cavaathleisure.com,10302002397500,Teal Fluid Overlap Tank,Women's Tanks,CAVA Athleisure Pvt Ltd,53070643626300,XXL,WTN0414PGRXXL,1399.00,False,Sold Out,0,https://cavaathleisure.com/products/teal-fluid-overlap-tank
https://cavaathleisure.com,10296100127036,Black Heartline Sports Bra,Sports Bras,CAVA Athleisure Pvt Ltd,52732185903420,XS,WSB3914BKXS,1399.00,True,Available,1,https://cavaathleisure.com/products/black-heartline-sports-bra
https://cavaathleisure.com,10296100127036,Black Heartline Sports Bra,Sports Bras,CAVA Athleisure Pvt Ltd,53070648279356,S,WSB3914BKS,1399.00,True,Available,1,https://cavaathleisure.com/products/black-heartline-sports-bra
https://cavaathleisure.com,10296100127036,Black Heartline Sports Bra,Sports Bras,CAVA Athleisure Pvt Ltd,53070648312124,M,WSB3914BKM,1399.00,False,Sold Out,0,https://cavaathleisure.com/products/black-heartline-sports-bra
https://cavaathleisure.com,10296100127036,Black Heartline Sports Bra,Sports Bras,CAVA Athleisure Pvt Ltd,53070648344892,L,WSB3914BKL,1399.00,False,Sold Out,0,https://cavaathleisure.com/products/black-heartline-sports-bra
https://cavaathleisure.com,10296100127036,Black Heartline Sports Bra,Sports Bras,CAVA Athleisure Pvt Ltd,53070648377660,XL,WSB3914BKXL,1399.00,False,Sold Out,0,https://cavaathleisure.com/products/black-heartline-sports-bra
https://cavaathleisure.com,10296100127036,Black Heartline Sports Bra,Sports Bras,CAVA Athleisure Pvt Ltd,53070648410428,XXL,WSB3914BKXXL,1399.00,False,Sold Out,0,https://cavaathleisure.com/products/black-heartline-sports-bra
https://cavaathleisure.com,10296105533756,Blush Heartline Sports Bra,Sports Bras,CAVA Athleisure Pvt Ltd,52732227125564,XS,WSB3914PNXS,1596.00,True,Available,1,https://cavaathleisure.com/products/blush-heartline-sports-bra
https://cavaathleisure.com,10296105533756,Blush Heartline Sports Bra,Sports Bras,CAVA Athleisure Pvt Ltd,53070647787836,S,WSB3914PNS,1596.00,True,Available,1,https://cavaathleisure.com/products/blush-heartline-sports-bra
https://cavaathleisure.com,10296105533756,Blush Heartline Sports Bra,Sports Bras,CAVA Athleisure Pvt Ltd,53070647820604,M,WSB3914PNM,1596.00,True,Available,1,https://cavaathleisure.com/products/blush-heartline-sports-bra
https://cavaathleisure.com,10296105533756,Blush Heartline Sports Bra,Sports Bras,CAVA Athleisure Pvt Ltd,53070647853372,L,WSB3914PNL,1596.00,False,Sold Out,0,https://cavaathleisure.com/products/blush-heartline-sports-bra
https://cavaathleisure.com,10296105533756,Blush Heartline Sports Bra,Sports Bras,CAVA Athleisure Pvt Ltd,53070647886140,XL,WSB3914PNXL,1596.00,False,Sold Out,0,https://cavaathleisure.com/products/blush-heartline-sports-bra
https://cavaathleisure.com,10296105533756,Blush Heartline Sports Bra,Sports Bras,CAVA Athleisure Pvt Ltd,53070647918908,XXL,WSB3914PNXXL,1596.00,True,Available,1,https://cavaathleisure.com/products/blush-heartline-sports-bra
https://cavaathleisure.com,10302068785468,Slate Ozone Sleeveless Tank,Tank Tops,CAVA Athleisure Pvt Ltd,52747468407100,S,MTN4314GYS,1199.00,False,Sold Out,0,https://cavaathleisure.com/products/slate-ozone-sleeveless-tank
https://cavaathleisure.com,10302068785468,Slate Ozone Sleeveless Tank,Tank Tops,CAVA Athleisure Pvt Ltd,53070642676028,M,MTN4314GYM,1199.00,False,Sold Out,0,https://cavaathleisure.com/products/slate-ozone-sleeveless-tank
https://cavaathleisure.com,10302068785468,Slate Ozone Sleeveless Tank,Tank Tops,CAVA Athleisure Pvt Ltd,53070642708796,L,MTN4314GYL,1199.00,True,Available,1,https://cavaathleisure.com/products/slate-ozone-sleeveless-tank
https://cavaathleisure.com,10302068785468,Slate Ozone Sleeveless Tank,Tank Tops,CAVA Athleisure Pvt Ltd,53070642741564,XL,MTN4314GYXL,1199.00,False,Sold Out,0,https://cavaathleisure.com/products/slate-ozone-sleeveless-tank
https://cavaathleisure.com,10302068785468,Slate Ozone Sleeveless Tank,Tank Tops,CAVA Athleisure Pvt Ltd,53070642774332,XXL,MTN4314GYXXL,1199.00,True,Available,1,https://cavaathleisure.com/products/slate-ozone-sleeveless-tank
https://cavaathleisure.com,10305705607484,Purple Fluid Overlap Tank,Women's Tanks,CAVA Athleisure Pvt Ltd,52785817485628,XS,WTN0414PBKXS,1399.00,False,Sold Out,0,https://cavaathleisure.com/products/purple-fluid-overlap-tank
https://cavaathleisure.com,10305705607484,Purple Fluid Overlap Tank,Women's Tanks,CAVA Athleisure Pvt Ltd,53070640611644,S,WTN0414PBKS,1399.00,False,Sold Out,0,https://cavaathleisure.com/products/purple-fluid-overlap-tank
https://cavaathleisure.com,10305705607484,Purple Fluid Overlap Tank,Women's Tanks,CAVA Athleisure Pvt Ltd,53070640644412,M,WTN0414PBKM,1399.00,False,Sold Out,0,https://cavaathleisure.com/products/purple-fluid-overlap-tank
https://cavaathleisure.com,10305705607484,Purple Fluid Overlap Tank,Women's Tanks,CAVA Athleisure Pvt Ltd,53070640677180,L,WTN0414PBKL,1399.00,False,Sold Out,0,https://cavaathleisure.com/products/purple-fluid-overlap-tank
https://cavaathleisure.com,10305705607484,Purple Fluid Overlap Tank,Women's Tanks,CAVA Athleisure Pvt Ltd,53070640709948,XL,WTN0414PBKXL,1399.00,False,Sold Out,0,https://cavaathleisure.com/products/purple-fluid-overlap-tank
https://cavaathleisure.com,10305705607484,Purple Fluid Overlap Tank,Women's Tanks,CAVA Athleisure Pvt Ltd,53070640742716,XXL,WTN0414PBKXXL,1399.00,False,Sold Out,0,https://cavaathleisure.com/products/purple-fluid-overlap-tank
https://cavaathleisure.com,10305679098172,Black Ozone Sleeveless Tank,Tank Tops,CAVA Athleisure Pvt Ltd,52785644306748,S,MTN4314BKS,1199.00,False,Sold Out,0,https://cavaathleisure.com/products/black-ozone-sleeveless-tank
https://cavaathleisure.com,10305679098172,Black Ozone Sleeveless Tank,Tank Tops,CAVA Athleisure Pvt Ltd,53070642020668,M,MTN4314BKM,1199.00,False,Sold Out,0,https://cavaathleisure.com/products/black-ozone-sleeveless-tank
https://cavaathleisure.com,10305679098172,Black Ozone Sleeveless Tank,Tank Tops,CAVA Athleisure Pvt Ltd,53070642053436,L,MTN4314BKL,1199.00,False,Sold Out,0,https://cavaathleisure.com/products/black-ozone-sleeveless-tank
https://cavaathleisure.com,10305679098172,Black Ozone Sleeveless Tank,Tank Tops,CAVA Athleisure Pvt Ltd,53070642086204,XL,MTN4314BKXL,1199.00,False,Sold Out,0,https://cavaathleisure.com/products/black-ozone-sleeveless-tank
https://cavaathleisure.com,10305679098172,Black Ozone Sleeveless Tank,Tank Tops,CAVA Athleisure Pvt Ltd,53070642118972,XXL,MTN4314BKXXL,1199.00,True,Available,1,https://cavaathleisure.com/products/black-ozone-sleeveless-tank
https://cavaathleisure.com,10305679851836,"Burgundy 5"" Train-In Shorts",Men's Shorts,CAVA athleisure,52785652597052,30,MSHCS1191RD30,1499.00,False,Sold Out,0,https://cavaathleisure.com/products/burgundy-5-train-in-shorts
https://cavaathleisure.com,10305679851836,"Burgundy 5"" Train-In Shorts",Men's Shorts,CAVA athleisure,53070641365308,32,MSHCS1191RD32,1499.00,False,Sold Out,0,https://cavaathleisure.com/products/burgundy-5-train-in-shorts
https://cavaathleisure.com,10305679851836,"Burgundy 5"" Train-In Shorts",Men's Shorts,CAVA athleisure,53070641398076,34,MSHCS1191RD34,1499.00,False,Sold Out,0,https://cavaathleisure.com/products/burgundy-5-train-in-shorts
https://cavaathleisure.com,10305679851836,"Burgundy 5"" Train-In Shorts",Men's Shorts,CAVA athleisure,53070641430844,36,MSHCS1191RD36,1499.00,False,Sold Out,0,https://cavaathleisure.com/products/burgundy-5-train-in-shorts
https://cavaathleisure.com,10305679851836,"Burgundy 5"" Train-In Shorts",Men's Shorts,CAVA athleisure,53070641463612,38,MSHCS1191RD38,1499.00,False,Sold Out,0,https://cavaathleisure.com/products/burgundy-5-train-in-shorts
https://cavaathleisure.com,10298737623356,Navy Seamless Cinched Leggings,Leggings,CAVA athleisure,52737229291836,XS,WLGUD17NYXS,1099.00,True,Available,1,https://cavaathleisure.com/products/navy-seamless-cinched-leggings
https://cavaathleisure.com,10298737623356,Navy Seamless Cinched Leggings,Leggings,CAVA athleisure,53070645592380,S,WLGUD17NYS,1099.00,False,Sold Out,0,https://cavaathleisure.com/products/navy-seamless-cinched-leggings
https://cavaathleisure.com,10298737623356,Navy Seamless Cinched Leggings,Leggings,CAVA athleisure,53070645625148,M,WLGUD17NYM,1099.00,False,Sold Out,0,https://cavaathleisure.com/products/navy-seamless-cinched-leggings
https://cavaathleisure.com,10298737623356,Navy Seamless Cinched Leggings,Leggings,CAVA athleisure,53070645657916,L,WLGUD17NYL,1099.00,False,Sold Out,0,https://cavaathleisure.com/products/navy-seamless-cinched-leggings
https://cavaathleisure.com,10298737623356,Navy Seamless Cinched Leggings,Leggings,CAVA athleisure,53070645690684,XL,WLGUD17NYXL,1099.00,False,Sold Out,0,https://cavaathleisure.com/products/navy-seamless-cinched-leggings
https://cavaathleisure.com,10298737623356,Navy Seamless Cinched Leggings,Leggings,CAVA athleisure,53070645723452,XXL,WLGUD17NYXXL,1099.00,False,Sold Out,0,https://cavaathleisure.com/products/navy-seamless-cinched-leggings
https://cavaathleisure.com,10302007476540,Teal Fluid Racerback Tank,Women's Tanks,CAVA Athleisure Pvt Ltd,52747369644348,XS,WTNSET510PGRXS,1599.00,True,Available,1,https://cavaathleisure.com/products/teal-fluid-racerback-tank
https://cavaathleisure.com,10302007476540,Teal Fluid Racerback Tank,Women's Tanks,CAVA Athleisure Pvt Ltd,53070643167548,S,WTNSET510PGRS,1599.00,True,Available,1,https://cavaathleisure.com/products/teal-fluid-racerback-tank
https://cavaathleisure.com,10302007476540,Teal Fluid Racerback Tank,Women's Tanks,CAVA Athleisure Pvt Ltd,53070643200316,M,WTNSET510PGRM,1599.00,True,Available,1,https://cavaathleisure.com/products/teal-fluid-racerback-tank
https://cavaathleisure.com,10302007476540,Teal Fluid Racerback Tank,Women's Tanks,CAVA Athleisure Pvt Ltd,53070643233084,L,WTNSET510PGRL,1599.00,True,Available,1,https://cavaathleisure.com/products/teal-fluid-racerback-tank
https://cavaathleisure.com,10302007476540,Teal Fluid Racerback Tank,Women's Tanks,CAVA Athleisure Pvt Ltd,53070643265852,XL,WTNSET510PGRXL,1599.00,True,Available,1,https://cavaathleisure.com/products/teal-fluid-racerback-tank
https://cavaathleisure.com,10302007476540,Teal Fluid Racerback Tank,Women's Tanks,CAVA Athleisure Pvt Ltd,53070643298620,XXL,WTNSET510PGRXXL,1599.00,True,Available,1,https://cavaathleisure.com/products/teal-fluid-racerback-tank
https://cavaathleisure.com,10298737819964,Plum Seamless Cinched Leggings,Leggings,CAVA athleisure,52737230668092,XS,WLGUD17PUXS,1099.00,True,Available,1,https://cavaathleisure.com/products/plum-seamless-cinched-leggings
https://cavaathleisure.com,10298737819964,Plum Seamless Cinched Leggings,Leggings,CAVA athleisure,53070645428540,S,WLGUD17PUS,1099.00,True,Available,1,https://cavaathleisure.com/products/plum-seamless-cinched-leggings
https://cavaathleisure.com,10298737819964,Plum Seamless Cinched Leggings,Leggings,CAVA athleisure,53070645461308,M,WLGUD17PUM,1099.00,False,Sold Out,0,https://cavaathleisure.com/products/plum-seamless-cinched-leggings
https://cavaathleisure.com,10298737819964,Plum Seamless Cinched Leggings,Leggings,CAVA athleisure,53070645494076,L,WLGUD17PUL,1099.00,False,Sold Out,0,https://cavaathleisure.com/products/plum-seamless-cinched-leggings
https://cavaathleisure.com,10298737819964,Plum Seamless Cinched Leggings,Leggings,CAVA athleisure,53070645526844,XL,WLGUD17PUXL,1099.00,False,Sold Out,0,https://cavaathleisure.com/products/plum-seamless-cinched-leggings
https://cavaathleisure.com,10298737819964,Plum Seamless Cinched Leggings,Leggings,CAVA athleisure,53070645559612,XXL,WLGUD17PUXXL,1099.00,False,Sold Out,0,https://cavaathleisure.com/products/plum-seamless-cinched-leggings
https://cavaathleisure.com,10298756628796,Pink Hourglass Booty Shorts,Women's Shorts,CAVA Athleisure Pvt Ltd,52737332314428,XS,WSH0814PNXS,1099.00,True,Available,1,https://cavaathleisure.com/products/pink-hourglass-booty-shorts
https://cavaathleisure.com,10298756628796,Pink Hourglass Booty Shorts,Women's Shorts,CAVA Athleisure Pvt Ltd,53070644281660,S,WSH0814PNS,1099.00,True,Available,1,https://cavaathleisure.com/products/pink-hourglass-booty-shorts
https://cavaathleisure.com,10298756628796,Pink Hourglass Booty Shorts,Women's Shorts,CAVA Athleisure Pvt Ltd,53070644314428,M,WSH0814PNM,1099.00,True,Available,1,https://cavaathleisure.com/products/pink-hourglass-booty-shorts
https://cavaathleisure.com,10298756628796,Pink Hourglass Booty Shorts,Women's Shorts,CAVA Athleisure Pvt Ltd,53070644347196,L,WSH0814PNL,1099.00,True,Available,1,https://cavaathleisure.com/products/pink-hourglass-booty-shorts
https://cavaathleisure.com,10298756628796,Pink Hourglass Booty Shorts,Women's Shorts,CAVA Athleisure Pvt Ltd,53070644379964,XL,WSH0814PNXL,1099.00,True,Available,1,https://cavaathleisure.com/products/pink-hourglass-booty-shorts
https://cavaathleisure.com,10298756628796,Pink Hourglass Booty Shorts,Women's Shorts,CAVA Athleisure Pvt Ltd,53070644412732,XXL,WSH0814PNXXL,1099.00,True,Available,1,https://cavaathleisure.com/products/pink-hourglass-booty-shorts
https://cavaathleisure.com,10302040834364,Cherry Sculptor Jacket,Women's Jackets,CAVA Athleisure Pvt Ltd,52747424203068,XS,WJKSET510RDXS,1799.00,True,Available,1,https://cavaathleisure.com/products/cherry-sculptor-jacket
https://cavaathleisure.com,10302040834364,Cherry Sculptor Jacket,Women's Jackets,CAVA Athleisure Pvt Ltd,53070643003708,S,WJKSET510RDS,1799.00,True,Available,1,https://cavaathleisure.com/products/cherry-sculptor-jacket
https://cavaathleisure.com,10302040834364,Cherry Sculptor Jacket,Women's Jackets,CAVA Athleisure Pvt Ltd,53070643036476,M,WJKSET510RDM,1799.00,True,Available,1,https://cavaathleisure.com/products/cherry-sculptor-jacket
https://cavaathleisure.com,10302040834364,Cherry Sculptor Jacket,Women's Jackets,CAVA Athleisure Pvt Ltd,53070643069244,L,WJKSET510RDL,1799.00,False,Sold Out,0,https://cavaathleisure.com/products/cherry-sculptor-jacket
https://cavaathleisure.com,10302040834364,Cherry Sculptor Jacket,Women's Jackets,CAVA Athleisure Pvt Ltd,53070643102012,XL,WJKSET510RDXL,1799.00,True,Available,1,https://cavaathleisure.com/products/cherry-sculptor-jacket
https://cavaathleisure.com,10302040834364,Cherry Sculptor Jacket,Women's Jackets,CAVA Athleisure Pvt Ltd,53070643134780,XXL,WJKSET510RDXXL,1799.00,True,Available,1,https://cavaathleisure.com/products/cherry-sculptor-jacket
https://cavaathleisure.com,10296518410556,Ivory Ultra Support Sports Bra,Sports Bras,CAVA Athleisure Pvt Ltd,52733574218044,XS,WSB0114WHXS,1399.00,True,Available,1,https://cavaathleisure.com/products/ivory-ultra-support-sports-bra
https://cavaathleisure.com,10296518410556,Ivory Ultra Support Sports Bra,Sports Bras,CAVA Athleisure Pvt Ltd,53070645756220,S,WSB0114WHS,1399.00,True,Available,1,https://cavaathleisure.com/products/ivory-ultra-support-sports-bra
https://cavaathleisure.com,10296518410556,Ivory Ultra Support Sports Bra,Sports Bras,CAVA Athleisure Pvt Ltd,53070645788988,M,WSB0114WHM,1399.00,True,Available,1,https://cavaathleisure.com/products/ivory-ultra-support-sports-bra
https://cavaathleisure.com,10296518410556,Ivory Ultra Support Sports Bra,Sports Bras,CAVA Athleisure Pvt Ltd,53070645821756,L,WSB0114WHL,1399.00,True,Available,1,https://cavaathleisure.com/products/ivory-ultra-support-sports-bra
https://cavaathleisure.com,10296518410556,Ivory Ultra Support Sports Bra,Sports Bras,CAVA Athleisure Pvt Ltd,53070645854524,XL,WSB0114WHXL,1399.00,True,Available,1,https://cavaathleisure.com/products/ivory-ultra-support-sports-bra
https://cavaathleisure.com,10296518410556,Ivory Ultra Support Sports Bra,Sports Bras,CAVA Athleisure Pvt Ltd,53070645887292,XXL,WSB0114WHXXL,1399.00,True,Available,1,https://cavaathleisure.com/products/ivory-ultra-support-sports-bra
https://cavaathleisure.com,10296141381948,Cherry Hourglass Swirl Skorts,Skorts and Skirts,CAVA Athleisure Pvt Ltd,52732302754108,XS,WSK4114RDXS,1599.00,True,Available,1,https://cavaathleisure.com/products/cherry-hourglass-swirl-skorts
https://cavaathleisure.com,10296141381948,Cherry Hourglass Swirl Skorts,Skorts and Skirts,CAVA Athleisure Pvt Ltd,53070647296316,S,WSK4114RDS,1599.00,True,Available,1,https://cavaathleisure.com/products/cherry-hourglass-swirl-skorts
https://cavaathleisure.com,10296141381948,Cherry Hourglass Swirl Skorts,Skorts and Skirts,CAVA Athleisure Pvt Ltd,53070647329084,M,WSK4114RDM,1599.00,True,Available,1,https://cavaathleisure.com/products/cherry-hourglass-swirl-skorts
https://cavaathleisure.com,10296141381948,Cherry Hourglass Swirl Skorts,Skorts and Skirts,CAVA Athleisure Pvt Ltd,53070647361852,L,WSK4114RDL,1599.00,True,Available,1,https://cavaathleisure.com/products/cherry-hourglass-swirl-skorts
https://cavaathleisure.com,10296141381948,Cherry Hourglass Swirl Skorts,Skorts and Skirts,CAVA Athleisure Pvt Ltd,53070647394620,XL,WSK4114RDXL,1599.00,False,Sold Out,0,https://cavaathleisure.com/products/cherry-hourglass-swirl-skorts
https://cavaathleisure.com,10296141381948,Cherry Hourglass Swirl Skorts,Skorts and Skirts,CAVA Athleisure Pvt Ltd,53070647427388,XXL,WSK4114RDXXL,1599.00,True,Available,1,https://cavaathleisure.com/products/cherry-hourglass-swirl-skorts
https://cavaathleisure.com,10293702918460,Dynamic Overlap Tanks - Pack of 2,Women's T-shirts,CAVA Athleisure Pvt Ltd,52723811680572,XS,WTN104BKNY2XS,2079.00,False,Sold Out,0,https://cavaathleisure.com/products/dynamic-overlap-tanks-pack-of-2
https://cavaathleisure.com,10293702918460,Dynamic Overlap Tanks - Pack of 2,Women's T-shirts,CAVA Athleisure Pvt Ltd,52723811713340,S,WTN104BKNY2S,2079.00,False,Sold Out,0,https://cavaathleisure.com/products/dynamic-overlap-tanks-pack-of-2
https://cavaathleisure.com,10293702918460,Dynamic Overlap Tanks - Pack of 2,Women's T-shirts,CAVA Athleisure Pvt Ltd,52723811746108,M,WTN104BKNY2M,2079.00,False,Sold Out,0,https://cavaathleisure.com/products/dynamic-overlap-tanks-pack-of-2
https://cavaathleisure.com,10293702918460,Dynamic Overlap Tanks - Pack of 2,Women's T-shirts,CAVA Athleisure Pvt Ltd,52723811778876,L,WTN104BKNY2L,2079.00,False,Sold Out,0,https://cavaathleisure.com/products/dynamic-overlap-tanks-pack-of-2
https://cavaathleisure.com,10293702918460,Dynamic Overlap Tanks - Pack of 2,Women's T-shirts,CAVA Athleisure Pvt Ltd,52723811811644,XL,WTN104BKNY2XL,2079.00,False,Sold Out,0,https://cavaathleisure.com/products/dynamic-overlap-tanks-pack-of-2
https://cavaathleisure.com,10293702918460,Dynamic Overlap Tanks - Pack of 2,Women's T-shirts,CAVA Athleisure Pvt Ltd,52723811844412,XXL,WTN104BKNY2XXL,2079.00,False,Sold Out,0,https://cavaathleisure.com/products/dynamic-overlap-tanks-pack-of-2
https://cavaathleisure.com,10293698330940,Everyday Overlap Tanks - Pack of 2,Women's T-shirts,CAVA Athleisure Pvt Ltd,52723806830908,XS,WTN104BKGRXS,2079.00,False,Sold Out,0,https://cavaathleisure.com/products/everyday-overlap-tanks-pack-of-2
https://cavaathleisure.com,10293698330940,Everyday Overlap Tanks - Pack of 2,Women's T-shirts,CAVA Athleisure Pvt Ltd,52723806863676,S,WTN104BKGRS,2079.00,False,Sold Out,0,https://cavaathleisure.com/products/everyday-overlap-tanks-pack-of-2
https://cavaathleisure.com,10293698330940,Everyday Overlap Tanks - Pack of 2,Women's T-shirts,CAVA Athleisure Pvt Ltd,52723806896444,M,WTN104BKGRM,2079.00,False,Sold Out,0,https://cavaathleisure.com/products/everyday-overlap-tanks-pack-of-2
https://cavaathleisure.com,10293698330940,Everyday Overlap Tanks - Pack of 2,Women's T-shirts,CAVA Athleisure Pvt Ltd,52723806929212,L,WTN104BKGRL,2079.00,False,Sold Out,0,https://cavaathleisure.com/products/everyday-overlap-tanks-pack-of-2
https://cavaathleisure.com,10293698330940,Everyday Overlap Tanks - Pack of 2,Women's T-shirts,CAVA Athleisure Pvt Ltd,52723806961980,XL,WTN104BKGRXL,2079.00,False,Sold Out,0,https://cavaathleisure.com/products/everyday-overlap-tanks-pack-of-2
https://cavaathleisure.com,10293698330940,Everyday Overlap Tanks - Pack of 2,Women's T-shirts,CAVA Athleisure Pvt Ltd,52723806994748,XXL,WTN104BKGRXXL,2079.00,False,Sold Out,0,https://cavaathleisure.com/products/everyday-overlap-tanks-pack-of-2
https://cavaathleisure.com,10293695873340,Pulse Overlap Tanks - Pack of 2,Women's T-shirts,CAVA Athleisure Pvt Ltd,52723803947324,XS,WTN104GRNY2XS,2079.00,False,Sold Out,0,https://cavaathleisure.com/products/pulse-overlap-tanks-pack-of-2
https://cavaathleisure.com,10293695873340,Pulse Overlap Tanks - Pack of 2,Women's T-shirts,CAVA Athleisure Pvt Ltd,52723803980092,S,WTN104GRNY2S,2079.00,False,Sold Out,0,https://cavaathleisure.com/products/pulse-overlap-tanks-pack-of-2
https://cavaathleisure.com,10293695873340,Pulse Overlap Tanks - Pack of 2,Women's T-shirts,CAVA Athleisure Pvt Ltd,52723804012860,M,WTN104GRNY2M,2079.00,False,Sold Out,0,https://cavaathleisure.com/products/pulse-overlap-tanks-pack-of-2
https://cavaathleisure.com,10293695873340,Pulse Overlap Tanks - Pack of 2,Women's T-shirts,CAVA Athleisure Pvt Ltd,52723804045628,L,WTN104GRNY2L,2079.00,False,Sold Out,0,https://cavaathleisure.com/products/pulse-overlap-tanks-pack-of-2
https://cavaathleisure.com,10293695873340,Pulse Overlap Tanks - Pack of 2,Women's T-shirts,CAVA Athleisure Pvt Ltd,52723804078396,XL,WTN104GRNY2XL,2079.00,False,Sold Out,0,https://cavaathleisure.com/products/pulse-overlap-tanks-pack-of-2
https://cavaathleisure.com,10293695873340,Pulse Overlap Tanks - Pack of 2,Women's T-shirts,CAVA Athleisure Pvt Ltd,52723804111164,XXL,WTN104GRNY2XXL,2079.00,False,Sold Out,0,https://cavaathleisure.com/products/pulse-overlap-tanks-pack-of-2
https://cavaathleisure.com,10268345499964,Core Overlap Tees - Pack of 3,Women's T-shirts,CAVA Athleisure Pvt Ltd,52605994795324,XS,WTP1SET2NYJBHFXS,3059.00,False,Sold Out,0,https://cavaathleisure.com/products/core-overlap-tees-pack-of-3
https://cavaathleisure.com,10268345499964,Core Overlap Tees - Pack of 3,Women's T-shirts,CAVA Athleisure Pvt Ltd,52605994828092,S,WTP1SET2NYJBHFS,3059.00,False,Sold Out,0,https://cavaathleisure.com/products/core-overlap-tees-pack-of-3
https://cavaathleisure.com,10268345499964,Core Overlap Tees - Pack of 3,Women's T-shirts,CAVA Athleisure Pvt Ltd,52605994860860,M,WTP1SET2NYJBHFM,3059.00,False,Sold Out,0,https://cavaathleisure.com/products/core-overlap-tees-pack-of-3
https://cavaathleisure.com,10268345499964,Core Overlap Tees - Pack of 3,Women's T-shirts,CAVA Athleisure Pvt Ltd,52605994893628,L,WTP1SET2NYJBHFL,3059.00,False,Sold Out,0,https://cavaathleisure.com/products/core-overlap-tees-pack-of-3
https://cavaathleisure.com,10268345499964,Core Overlap Tees - Pack of 3,Women's T-shirts,CAVA Athleisure Pvt Ltd,52605994926396,XL,WTP1SET2NYJBHFXL,3059.00,False,Sold Out,0,https://cavaathleisure.com/products/core-overlap-tees-pack-of-3
https://cavaathleisure.com,10268345499964,Core Overlap Tees - Pack of 3,Women's T-shirts,CAVA Athleisure Pvt Ltd,52605994959164,XXL,WTP1SET2NYJBHFXXL,3059.00,False,Sold Out,0,https://cavaathleisure.com/products/core-overlap-tees-pack-of-3
https://cavaathleisure.com,10268344615228,Classic Overlap Tee - Pack of 2,Women's T-shirts,CAVA Athleisure Pvt Ltd,52605990502716,XS,WTP1SET2NYSRXS,2209.00,False,Sold Out,0,https://cavaathleisure.com/products/classic-overlap-tee-pack-of-2
https://cavaathleisure.com,10268344615228,Classic Overlap Tee - Pack of 2,Women's T-shirts,CAVA Athleisure Pvt Ltd,52605990535484,S,WTP1SET2NYSRS,2209.00,False,Sold Out,0,https://cavaathleisure.com/products/classic-overlap-tee-pack-of-2
https://cavaathleisure.com,10268344615228,Classic Overlap Tee - Pack of 2,Women's T-shirts,CAVA Athleisure Pvt Ltd,52605990568252,M,WTP1SET2NYSRM,2209.00,False,Sold Out,0,https://cavaathleisure.com/products/classic-overlap-tee-pack-of-2
https://cavaathleisure.com,10268344615228,Classic Overlap Tee - Pack of 2,Women's T-shirts,CAVA Athleisure Pvt Ltd,52605990601020,L,WTP1SET2NYSRL,2209.00,False,Sold Out,0,https://cavaathleisure.com/products/classic-overlap-tee-pack-of-2
https://cavaathleisure.com,10268344615228,Classic Overlap Tee - Pack of 2,Women's T-shirts,CAVA Athleisure Pvt Ltd,52605990633788,XL,WTP1SET2NYSRXL,2209.00,False,Sold Out,0,https://cavaathleisure.com/products/classic-overlap-tee-pack-of-2
https://cavaathleisure.com,10268344615228,Classic Overlap Tee - Pack of 2,Women's T-shirts,CAVA Athleisure Pvt Ltd,52605990666556,XXL,WTP1SET2NYSRXXL,2209.00,False,Sold Out,0,https://cavaathleisure.com/products/classic-overlap-tee-pack-of-2
https://cavaathleisure.com,10299859304764,Steel Blue Hourglass Snug Leggings,Leggings,CAVA Athleisure Pvt Ltd,52741384864060,XS,WLG1045BLXS,1299.00,True,Available,1,https://cavaathleisure.com/products/steel-blue-hourglass-snug-leggings
https://cavaathleisure.com,10299859304764,Steel Blue Hourglass Snug Leggings,Leggings,CAVA Athleisure Pvt Ltd,52741384896828,S,WLG1045BLS,1299.00,True,Available,1,https://cavaathleisure.com/products/steel-blue-hourglass-snug-leggings
https://cavaathleisure.com,10299859304764,Steel Blue Hourglass Snug Leggings,Leggings,CAVA Athleisure Pvt Ltd,52741384929596,M,WLG1045BLM,1299.00,True,Available,1,https://cavaathleisure.com/products/steel-blue-hourglass-snug-leggings
https://cavaathleisure.com,10299859304764,Steel Blue Hourglass Snug Leggings,Leggings,CAVA Athleisure Pvt Ltd,52741384962364,L,WLG1045BLL,1299.00,True,Available,1,https://cavaathleisure.com/products/steel-blue-hourglass-snug-leggings
https://cavaathleisure.com,10299859304764,Steel Blue Hourglass Snug Leggings,Leggings,CAVA Athleisure Pvt Ltd,52741384995132,XL,WLG1045BLXL,1299.00,True,Available,1,https://cavaathleisure.com/products/steel-blue-hourglass-snug-leggings
https://cavaathleisure.com,10299859304764,Steel Blue Hourglass Snug Leggings,Leggings,CAVA Athleisure Pvt Ltd,52741385027900,XXL,WLG1045BLXXL,1299.00,True,Available,1,https://cavaathleisure.com/products/steel-blue-hourglass-snug-leggings
https://cavaathleisure.com,10299859108156,Wine Hourglass Snug Leggings,Leggings,CAVA Athleisure Pvt Ltd,52741384470844,XS,WLG1045WRDXS,1299.00,True,Available,1,https://cavaathleisure.com/products/wine-hourglass-snug-leggings
https://cavaathleisure.com,10299859108156,Wine Hourglass Snug Leggings,Leggings,CAVA Athleisure Pvt Ltd,52741384503612,S,WLG1045WRDS,1299.00,True,Available,1,https://cavaathleisure.com/products/wine-hourglass-snug-leggings
https://cavaathleisure.com,10299859108156,Wine Hourglass Snug Leggings,Leggings,CAVA Athleisure Pvt Ltd,52741384536380,M,WLG1045WRDM,1299.00,True,Available,1,https://cavaathleisure.com/products/wine-hourglass-snug-leggings
https://cavaathleisure.com,10299859108156,Wine Hourglass Snug Leggings,Leggings,CAVA Athleisure Pvt Ltd,52741384569148,L,WLG1045WRDL,1299.00,True,Available,1,https://cavaathleisure.com/products/wine-hourglass-snug-leggings
https://cavaathleisure.com,10299859108156,Wine Hourglass Snug Leggings,Leggings,CAVA Athleisure Pvt Ltd,52741384601916,XL,WLG1045WRDXL,1299.00,True,Available,1,https://cavaathleisure.com/products/wine-hourglass-snug-leggings
https://cavaathleisure.com,10299859108156,Wine Hourglass Snug Leggings,Leggings,CAVA Athleisure Pvt Ltd,52741384634684,XXL,WLG1045WRDXXL,1299.00,True,Available,1,https://cavaathleisure.com/products/wine-hourglass-snug-leggings
https://cavaathleisure.com,10268340224316,Essential Overlap Tees - Pack of 2,Women's T-shirts,CAVA Athleisure Pvt Ltd,52605980246332,XS,WTP1SET2NYNY2XS,2209.00,False,Sold Out,0,https://cavaathleisure.com/products/essential-overlap-tees-pack-of-2
https://cavaathleisure.com,10268340224316,Essential Overlap Tees - Pack of 2,Women's T-shirts,CAVA Athleisure Pvt Ltd,52605980279100,S,WTP1SET2NYNY2S,2209.00,False,Sold Out,0,https://cavaathleisure.com/products/essential-overlap-tees-pack-of-2
https://cavaathleisure.com,10268340224316,Essential Overlap Tees - Pack of 2,Women's T-shirts,CAVA Athleisure Pvt Ltd,52605980311868,M,WTP1SET2NYNY2M,2209.00,False,Sold Out,0,https://cavaathleisure.com/products/essential-overlap-tees-pack-of-2
https://cavaathleisure.com,10268340224316,Essential Overlap Tees - Pack of 2,Women's T-shirts,CAVA Athleisure Pvt Ltd,52605980344636,L,WTP1SET2NYNY2L,2209.00,True,Available,1,https://cavaathleisure.com/products/essential-overlap-tees-pack-of-2
https://cavaathleisure.com,10268340224316,Essential Overlap Tees - Pack of 2,Women's T-shirts,CAVA Athleisure Pvt Ltd,52605980377404,XL,WTP1SET2NYNY2XL,2209.00,False,Sold Out,0,https://cavaathleisure.com/products/essential-overlap-tees-pack-of-2
https://cavaathleisure.com,10268340224316,Essential Overlap Tees - Pack of 2,Women's T-shirts,CAVA Athleisure Pvt Ltd,52605980410172,XXL,WTP1SET2NYNY2XXL,2209.00,False,Sold Out,0,https://cavaathleisure.com/products/essential-overlap-tees-pack-of-2
https://cavaathleisure.com,10299431289148,Toasted Swirl Tennis Skorts,Skorts and Skirts,CAVA Athleisure Pvt Ltd,53816339136828,XXS,WSKSET445BNXXS,1399.00,True,Available,1,https://cavaathleisure.com/products/toasted-swirl-tennis-skorts
https://cavaathleisure.com,10299431289148,Toasted Swirl Tennis Skorts,Skorts and Skirts,CAVA Athleisure Pvt Ltd,52739409936700,XS,WSKSET445BNXS,1399.00,True,Available,1,https://cavaathleisure.com/products/toasted-swirl-tennis-skorts
https://cavaathleisure.com,10299431289148,Toasted Swirl Tennis Skorts,Skorts and Skirts,CAVA Athleisure Pvt Ltd,52739409969468,S,WSKSET445BNS,1399.00,True,Available,1,https://cavaathleisure.com/products/toasted-swirl-tennis-skorts
https://cavaathleisure.com,10299431289148,Toasted Swirl Tennis Skorts,Skorts and Skirts,CAVA Athleisure Pvt Ltd,52739410002236,M,WSKSET445BNM,1399.00,True,Available,1,https://cavaathleisure.com/products/toasted-swirl-tennis-skorts
https://cavaathleisure.com,10299431289148,Toasted Swirl Tennis Skorts,Skorts and Skirts,CAVA Athleisure Pvt Ltd,52739410035004,L,WSKSET445BNL,1399.00,True,Available,1,https://cavaathleisure.com/products/toasted-swirl-tennis-skorts
https://cavaathleisure.com,10299431289148,Toasted Swirl Tennis Skorts,Skorts and Skirts,CAVA Athleisure Pvt Ltd,52739410067772,XL,WSKSET445BNXL,1399.00,True,Available,1,https://cavaathleisure.com/products/toasted-swirl-tennis-skorts
https://cavaathleisure.com,10299431289148,Toasted Swirl Tennis Skorts,Skorts and Skirts,CAVA Athleisure Pvt Ltd,52739410100540,XXL,WSKSET445BNXXL,1399.00,True,Available,1,https://cavaathleisure.com/products/toasted-swirl-tennis-skorts
https://cavaathleisure.com,10299431289148,Toasted Swirl Tennis Skorts,Skorts and Skirts,CAVA Athleisure Pvt Ltd,53816339169596,XXXL,WSKSET445BNXXXL,1399.00,True,Available,1,https://cavaathleisure.com/products/toasted-swirl-tennis-skorts
https://cavaathleisure.com,10245778145596,Black Adaptive Quarter Zip,Women's T-shirts,CAVA Athleisure Pvt Ltd,52526566146364,S,WHD4445BKS,1559.00,False,Sold Out,0,https://cavaathleisure.com/products/black-adaptive-quarter-zip
https://cavaathleisure.com,10245778145596,Black Adaptive Quarter Zip,Women's T-shirts,CAVA Athleisure Pvt Ltd,52526566179132,M,WHD4445BKM,1559.00,False,Sold Out,0,https://cavaathleisure.com/products/black-adaptive-quarter-zip
https://cavaathleisure.com,10245778145596,Black Adaptive Quarter Zip,Women's T-shirts,CAVA Athleisure Pvt Ltd,52526566211900,L,WHD4445BKL,1559.00,True,Available,1,https://cavaathleisure.com/products/black-adaptive-quarter-zip
https://cavaathleisure.com,10245778145596,Black Adaptive Quarter Zip,Women's T-shirts,CAVA Athleisure Pvt Ltd,52526566244668,XL,WHD4445BKXL,1559.00,True,Available,1,https://cavaathleisure.com/products/black-adaptive-quarter-zip
https://cavaathleisure.com,10245778145596,Black Adaptive Quarter Zip,Women's T-shirts,CAVA Athleisure Pvt Ltd,52526566277436,XXL,WHD4445BKXXL,1559.00,False,Sold Out,0,https://cavaathleisure.com/products/black-adaptive-quarter-zip
https://cavaathleisure.com,10245778211132,Petrol Blue Adaptive Quarter Zip,Women's T-shirts,CAVA Athleisure Pvt Ltd,52526566441276,S,WHD4445NYS,1559.00,False,Sold Out,0,https://cavaathleisure.com/products/petrol-blue-adaptive-quarter-zip
https://cavaathleisure.com,10245778211132,Petrol Blue Adaptive Quarter Zip,Women's T-shirts,CAVA Athleisure Pvt Ltd,52526566474044,M,WHD4445NYM,1559.00,False,Sold Out,0,https://cavaathleisure.com/products/petrol-blue-adaptive-quarter-zip
https://cavaathleisure.com,10245778211132,Petrol Blue Adaptive Quarter Zip,Women's T-shirts,CAVA Athleisure Pvt Ltd,52526566506812,L,WHD4445NYL,1559.00,True,Available,1,https://cavaathleisure.com/products/petrol-blue-adaptive-quarter-zip
https://cavaathleisure.com,10245778211132,Petrol Blue Adaptive Quarter Zip,Women's T-shirts,CAVA Athleisure Pvt Ltd,52526566539580,XL,WHD4445NYXL,1559.00,True,Available,1,https://cavaathleisure.com/products/petrol-blue-adaptive-quarter-zip
https://cavaathleisure.com,10245778211132,Petrol Blue Adaptive Quarter Zip,Women's T-shirts,CAVA Athleisure Pvt Ltd,52526566572348,XXL,WHD4445NYXXL,1559.00,True,Available,1,https://cavaathleisure.com/products/petrol-blue-adaptive-quarter-zip
https://cavaathleisure.com,10245777424700,Grey Adaptive Quarter Zip,Women's T-shirts,CAVA Athleisure Pvt Ltd,52526563459388,S,WHD4445GYS,1559.00,False,Sold Out,0,https://cavaathleisure.com/products/grey-adaptive-quarter-zip
https://cavaathleisure.com,10245777424700,Grey Adaptive Quarter Zip,Women's T-shirts,CAVA Athleisure Pvt Ltd,52526563492156,M,WHD4445GYM,1559.00,False,Sold Out,0,https://cavaathleisure.com/products/grey-adaptive-quarter-zip
https://cavaathleisure.com,10245777424700,Grey Adaptive Quarter Zip,Women's T-shirts,CAVA Athleisure Pvt Ltd,52526563524924,L,WHD4445GYL,1559.00,True,Available,1,https://cavaathleisure.com/products/grey-adaptive-quarter-zip
https://cavaathleisure.com,10245777424700,Grey Adaptive Quarter Zip,Women's T-shirts,CAVA Athleisure Pvt Ltd,52526563557692,XL,WHD4445GYXL,1559.00,True,Available,1,https://cavaathleisure.com/products/grey-adaptive-quarter-zip
https://cavaathleisure.com,10245777424700,Grey Adaptive Quarter Zip,Women's T-shirts,CAVA Athleisure Pvt Ltd,52526563590460,XXL,WHD4445GYXXL,1559.00,False,Sold Out,0,https://cavaathleisure.com/products/grey-adaptive-quarter-zip
https://cavaathleisure.com,10240835158332,Shadow Wide Leg Joggers,Men's Joggers,CAVA Athleisure Pvt Ltd,52503199449404,S,MJR1617BKS,1399.00,False,Sold Out,0,https://cavaathleisure.com/products/shadow-wide-leg-joggers
https://cavaathleisure.com,10240835158332,Shadow Wide Leg Joggers,Men's Joggers,CAVA Athleisure Pvt Ltd,52503199482172,M,MJR1617BKM,1399.00,False,Sold Out,0,https://cavaathleisure.com/products/shadow-wide-leg-joggers
https://cavaathleisure.com,10240835158332,Shadow Wide Leg Joggers,Men's Joggers,CAVA Athleisure Pvt Ltd,52503199514940,L,MJR1617BKL,1399.00,False,Sold Out,0,https://cavaathleisure.com/products/shadow-wide-leg-joggers
https://cavaathleisure.com,10240835158332,Shadow Wide Leg Joggers,Men's Joggers,CAVA Athleisure Pvt Ltd,52503199547708,XL,MJR1617BKXL,1399.00,False,Sold Out,0,https://cavaathleisure.com/products/shadow-wide-leg-joggers
https://cavaathleisure.com,10240835158332,Shadow Wide Leg Joggers,Men's Joggers,CAVA Athleisure Pvt Ltd,52503199580476,XXL,MJR1617BKXXL,1399.00,False,Sold Out,0,https://cavaathleisure.com/products/shadow-wide-leg-joggers
https://cavaathleisure.com,10240860619068,Shadow Everywear Sweatshirt,Men's Hoodies & Sweatshirts,CAVA Athleisure Pvt Ltd,52503357423932,S,MHD1615BKS,749.00,False,Sold Out,0,https://cavaathleisure.com/products/shadow-everywear-sweatshirt
https://cavaathleisure.com,10240860619068,Shadow Everywear Sweatshirt,Men's Hoodies & Sweatshirts,CAVA Athleisure Pvt Ltd,52503357456700,M,MHD1615BKM,749.00,False,Sold Out,0,https://cavaathleisure.com/products/shadow-everywear-sweatshirt
https://cavaathleisure.com,10240860619068,Shadow Everywear Sweatshirt,Men's Hoodies & Sweatshirts,CAVA Athleisure Pvt Ltd,52503357489468,L,MHD1615BKL,749.00,False,Sold Out,0,https://cavaathleisure.com/products/shadow-everywear-sweatshirt
https://cavaathleisure.com,10240860619068,Shadow Everywear Sweatshirt,Men's Hoodies & Sweatshirts,CAVA Athleisure Pvt Ltd,52503357522236,XL,MHD1615BKXL,749.00,True,Available,1,https://cavaathleisure.com/products/shadow-everywear-sweatshirt
https://cavaathleisure.com,10240860619068,Shadow Everywear Sweatshirt,Men's Hoodies & Sweatshirts,CAVA Athleisure Pvt Ltd,52503357555004,XXL,MHD1615BKXXL,749.00,True,Available,1,https://cavaathleisure.com/products/shadow-everywear-sweatshirt
https://cavaathleisure.com,10241258946876,Green Everywear Leisure Tee,Men's T-shirts,CAVA Athleisure Pvt Ltd,52506460225852,S,MTS1614GRS,599.00,False,Sold Out,0,https://cavaathleisure.com/products/green-everywear-leisure-tee
https://cavaathleisure.com,10241258946876,Green Everywear Leisure Tee,Men's T-shirts,CAVA Athleisure Pvt Ltd,52506460258620,M,MTS1614GRM,599.00,False,Sold Out,0,https://cavaathleisure.com/products/green-everywear-leisure-tee
https://cavaathleisure.com,10241258946876,Green Everywear Leisure Tee,Men's T-shirts,CAVA Athleisure Pvt Ltd,52506460291388,L,MTS1614GRL,599.00,False,Sold Out,0,https://cavaathleisure.com/products/green-everywear-leisure-tee
https://cavaathleisure.com,10241258946876,Green Everywear Leisure Tee,Men's T-shirts,CAVA Athleisure Pvt Ltd,52506460324156,XL,MTS1614GRXL,599.00,False,Sold Out,0,https://cavaathleisure.com/products/green-everywear-leisure-tee
https://cavaathleisure.com,10241258946876,Green Everywear Leisure Tee,Men's T-shirts,CAVA Athleisure Pvt Ltd,52506460356924,XXL,MTS1614GRXXL,599.00,False,Sold Out,0,https://cavaathleisure.com/products/green-everywear-leisure-tee
https://cavaathleisure.com,10241251049788,Shadow Everywear Leisure Tee,Men's T-shirts,CAVA Athleisure Pvt Ltd,52506432307516,S,MTS1614BKS,699.00,True,Available,1,https://cavaathleisure.com/products/shadow-everywear-leisure-tee
https://cavaathleisure.com,10241251049788,Shadow Everywear Leisure Tee,Men's T-shirts,CAVA Athleisure Pvt Ltd,52506432340284,M,MTS1614BKM,699.00,True,Available,1,https://cavaathleisure.com/products/shadow-everywear-leisure-tee
https://cavaathleisure.com,10241251049788,Shadow Everywear Leisure Tee,Men's T-shirts,CAVA Athleisure Pvt Ltd,52506432373052,L,MTS1614BKL,699.00,True,Available,1,https://cavaathleisure.com/products/shadow-everywear-leisure-tee
https://cavaathleisure.com,10241251049788,Shadow Everywear Leisure Tee,Men's T-shirts,CAVA Athleisure Pvt Ltd,52506432405820,XL,MTS1614BKXL,699.00,True,Available,1,https://cavaathleisure.com/products/shadow-everywear-leisure-tee
https://cavaathleisure.com,10241251049788,Shadow Everywear Leisure Tee,Men's T-shirts,CAVA Athleisure Pvt Ltd,52506432438588,XXL,MTS1614BKXXL,699.00,False,Sold Out,0,https://cavaathleisure.com/products/shadow-everywear-leisure-tee
https://cavaathleisure.com,10240775258428,Shadow Cotton Leisure Shorts,Men's Shorts,CAVA Athleisure Pvt Ltd,52502815146300,S,MSH1616BKS,799.00,True,Available,1,https://cavaathleisure.com/products/shadow-cotton-leisure-shorts
https://cavaathleisure.com,10240775258428,Shadow Cotton Leisure Shorts,Men's Shorts,CAVA Athleisure Pvt Ltd,52502815179068,M,MSH1616BKM,799.00,True,Available,1,https://cavaathleisure.com/products/shadow-cotton-leisure-shorts
https://cavaathleisure.com,10240775258428,Shadow Cotton Leisure Shorts,Men's Shorts,CAVA Athleisure Pvt Ltd,52502815211836,L,MSH1616BKL,799.00,True,Available,1,https://cavaathleisure.com/products/shadow-cotton-leisure-shorts
https://cavaathleisure.com,10240775258428,Shadow Cotton Leisure Shorts,Men's Shorts,CAVA Athleisure Pvt Ltd,52502815244604,XL,MSH1616BKXL,799.00,True,Available,1,https://cavaathleisure.com/products/shadow-cotton-leisure-shorts
https://cavaathleisure.com,10240775258428,Shadow Cotton Leisure Shorts,Men's Shorts,CAVA Athleisure Pvt Ltd,52502815277372,XXL,MSH1616BKXXL,799.00,True,Available,1,https://cavaathleisure.com/products/shadow-cotton-leisure-shorts
https://cavaathleisure.com,10241259143484,Blue Everywear Leisure Tee,Men's T-shirts,CAVA Athleisure Pvt Ltd,52506460619068,S,MTS1614NYS,699.00,True,Available,1,https://cavaathleisure.com/products/blue-everywear-leisure-tee
https://cavaathleisure.com,10241259143484,Blue Everywear Leisure Tee,Men's T-shirts,CAVA Athleisure Pvt Ltd,52506460651836,M,MTS1614NYM,699.00,True,Available,1,https://cavaathleisure.com/products/blue-everywear-leisure-tee
https://cavaathleisure.com,10241259143484,Blue Everywear Leisure Tee,Men's T-shirts,CAVA Athleisure Pvt Ltd,52506460684604,L,MTS1614NYL,699.00,True,Available,1,https://cavaathleisure.com/products/blue-everywear-leisure-tee
https://cavaathleisure.com,10241259143484,Blue Everywear Leisure Tee,Men's T-shirts,CAVA Athleisure Pvt Ltd,52506460717372,XL,MTS1614NYXL,699.00,True,Available,1,https://cavaathleisure.com/products/blue-everywear-leisure-tee
https://cavaathleisure.com,10241259143484,Blue Everywear Leisure Tee,Men's T-shirts,CAVA Athleisure Pvt Ltd,52506460750140,XXL,MTS1614NYXXL,699.00,True,Available,1,https://cavaathleisure.com/products/blue-everywear-leisure-tee
https://cavaathleisure.com,10241258717500,Brown Everywear Leisure Tee,Men's T-shirts,CAVA Athleisure Pvt Ltd,52506459799868,S,MTS1614BNS,699.00,True,Available,1,https://cavaathleisure.com/products/brown-everywear-leisure-tee
https://cavaathleisure.com,10241258717500,Brown Everywear Leisure Tee,Men's T-shirts,CAVA Athleisure Pvt Ltd,52506459832636,M,MTS1614BNM,699.00,True,Available,1,https://cavaathleisure.com/products/brown-everywear-leisure-tee
https://cavaathleisure.com,10241258717500,Brown Everywear Leisure Tee,Men's T-shirts,CAVA Athleisure Pvt Ltd,52506459865404,L,MTS1614BNL,699.00,True,Available,1,https://cavaathleisure.com/products/brown-everywear-leisure-tee
https://cavaathleisure.com,10241258717500,Brown Everywear Leisure Tee,Men's T-shirts,CAVA Athleisure Pvt Ltd,52506459898172,XL,MTS1614BNXL,699.00,True,Available,1,https://cavaathleisure.com/products/brown-everywear-leisure-tee
https://cavaathleisure.com,10241258717500,Brown Everywear Leisure Tee,Men's T-shirts,CAVA Athleisure Pvt Ltd,52506459930940,XXL,MTS1614BNXXL,699.00,True,Available,1,https://cavaathleisure.com/products/brown-everywear-leisure-tee
https://cavaathleisure.com,10241250820412,Blue Everywear Sweatshirt,Men's Hoodies & Sweatshirts,CAVA Athleisure Pvt Ltd,52506431357244,S,MHD1615NYS,749.00,False,Sold Out,0,https://cavaathleisure.com/products/blue-everywear-sweatshirt
https://cavaathleisure.com,10241250820412,Blue Everywear Sweatshirt,Men's Hoodies & Sweatshirts,CAVA Athleisure Pvt Ltd,52506431390012,M,MHD1615NYM,749.00,False,Sold Out,0,https://cavaathleisure.com/products/blue-everywear-sweatshirt
https://cavaathleisure.com,10241250820412,Blue Everywear Sweatshirt,Men's Hoodies & Sweatshirts,CAVA Athleisure Pvt Ltd,52506431422780,L,MHD1615NYL,749.00,True,Available,1,https://cavaathleisure.com/products/blue-everywear-sweatshirt
https://cavaathleisure.com,10241250820412,Blue Everywear Sweatshirt,Men's Hoodies & Sweatshirts,CAVA Athleisure Pvt Ltd,52506431455548,XL,MHD1615NYXL,749.00,True,Available,1,https://cavaathleisure.com/products/blue-everywear-sweatshirt
https://cavaathleisure.com,10241250820412,Blue Everywear Sweatshirt,Men's Hoodies & Sweatshirts,CAVA Athleisure Pvt Ltd,52506431488316,XXL,MHD1615NYXXL,749.00,True,Available,1,https://cavaathleisure.com/products/blue-everywear-sweatshirt
https://cavaathleisure.com,10241250787644,Green Everywear Sweatshirt,Men's Hoodies & Sweatshirts,CAVA Athleisure Pvt Ltd,52506430996796,S,MHD1615GRS,749.00,False,Sold Out,0,https://cavaathleisure.com/products/green-everywear-sweatshirt
https://cavaathleisure.com,10241250787644,Green Everywear Sweatshirt,Men's Hoodies & Sweatshirts,CAVA Athleisure Pvt Ltd,52506431029564,M,MHD1615GRM,749.00,False,Sold Out,0,https://cavaathleisure.com/products/green-everywear-sweatshirt
https://cavaathleisure.com,10241250787644,Green Everywear Sweatshirt,Men's Hoodies & Sweatshirts,CAVA Athleisure Pvt Ltd,52506431062332,L,MHD1615GRL,749.00,True,Available,1,https://cavaathleisure.com/products/green-everywear-sweatshirt
https://cavaathleisure.com,10241250787644,Green Everywear Sweatshirt,Men's Hoodies & Sweatshirts,CAVA Athleisure Pvt Ltd,52506431095100,XL,MHD1615GRXL,749.00,True,Available,1,https://cavaathleisure.com/products/green-everywear-sweatshirt
https://cavaathleisure.com,10241250787644,Green Everywear Sweatshirt,Men's Hoodies & Sweatshirts,CAVA Athleisure Pvt Ltd,52506431127868,XXL,MHD1615GRXXL,749.00,True,Available,1,https://cavaathleisure.com/products/green-everywear-sweatshirt
https://cavaathleisure.com,10241258520892,Dusty Pink Everywear Leisure Tee,Men's T-shirts,CAVA Athleisure Pvt Ltd,52506459373884,S,MTS1614BGS,699.00,True,Available,1,https://cavaathleisure.com/products/dusty-pink-everywear-leisure-tee
https://cavaathleisure.com,10241258520892,Dusty Pink Everywear Leisure Tee,Men's T-shirts,CAVA Athleisure Pvt Ltd,52506459406652,M,MTS1614BGM,699.00,True,Available,1,https://cavaathleisure.com/products/dusty-pink-everywear-leisure-tee
https://cavaathleisure.com,10241258520892,Dusty Pink Everywear Leisure Tee,Men's T-shirts,CAVA Athleisure Pvt Ltd,52506459439420,L,MTS1614BGL,699.00,True,Available,1,https://cavaathleisure.com/products/dusty-pink-everywear-leisure-tee
https://cavaathleisure.com,10241258520892,Dusty Pink Everywear Leisure Tee,Men's T-shirts,CAVA Athleisure Pvt Ltd,52506459472188,XL,MTS1614BGXL,699.00,True,Available,1,https://cavaathleisure.com/products/dusty-pink-everywear-leisure-tee
https://cavaathleisure.com,10241258520892,Dusty Pink Everywear Leisure Tee,Men's T-shirts,CAVA Athleisure Pvt Ltd,52506459504956,XXL,MTS1614BGXXL,699.00,True,Available,1,https://cavaathleisure.com/products/dusty-pink-everywear-leisure-tee
https://cavaathleisure.com,10241250689340,Brown Everywear Sweatshirt,Men's Hoodies & Sweatshirts,CAVA Athleisure Pvt Ltd,52506430570812,S,MHD1615BNS,749.00,False,Sold Out,0,https://cavaathleisure.com/products/brown-everywear-sweatshirt
https://cavaathleisure.com,10241250689340,Brown Everywear Sweatshirt,Men's Hoodies & Sweatshirts,CAVA Athleisure Pvt Ltd,52506430603580,M,MHD1615BNM,749.00,False,Sold Out,0,https://cavaathleisure.com/products/brown-everywear-sweatshirt
https://cavaathleisure.com,10241250689340,Brown Everywear Sweatshirt,Men's Hoodies & Sweatshirts,CAVA Athleisure Pvt Ltd,52506430636348,L,MHD1615BNL,749.00,False,Sold Out,0,https://cavaathleisure.com/products/brown-everywear-sweatshirt
https://cavaathleisure.com,10241250689340,Brown Everywear Sweatshirt,Men's Hoodies & Sweatshirts,CAVA Athleisure Pvt Ltd,52506430669116,XL,MHD1615BNXL,749.00,True,Available,1,https://cavaathleisure.com/products/brown-everywear-sweatshirt
https://cavaathleisure.com,10241250689340,Brown Everywear Sweatshirt,Men's Hoodies & Sweatshirts,CAVA Athleisure Pvt Ltd,52506430701884,XXL,MHD1615BNXXL,749.00,True,Available,1,https://cavaathleisure.com/products/brown-everywear-sweatshirt
https://cavaathleisure.com,10240846135612,Green Wide Leg Joggers,Men's Joggers,CAVA Athleisure Pvt Ltd,52503274553660,S,MJR1617GRS,1399.00,False,Sold Out,0,https://cavaathleisure.com/products/green-wide-leg-joggers
https://cavaathleisure.com,10240846135612,Green Wide Leg Joggers,Men's Joggers,CAVA Athleisure Pvt Ltd,52503274586428,M,MJR1617GRM,1399.00,False,Sold Out,0,https://cavaathleisure.com/products/green-wide-leg-joggers
https://cavaathleisure.com,10240846135612,Green Wide Leg Joggers,Men's Joggers,CAVA Athleisure Pvt Ltd,52503274619196,L,MJR1617GRL,1399.00,False,Sold Out,0,https://cavaathleisure.com/products/green-wide-leg-joggers
https://cavaathleisure.com,10240846135612,Green Wide Leg Joggers,Men's Joggers,CAVA Athleisure Pvt Ltd,52503274651964,XL,MJR1617GRXL,1399.00,False,Sold Out,0,https://cavaathleisure.com/products/green-wide-leg-joggers
https://cavaathleisure.com,10240846135612,Green Wide Leg Joggers,Men's Joggers,CAVA Athleisure Pvt Ltd,52503274684732,XXL,MJR1617GRXXL,1399.00,False,Sold Out,0,https://cavaathleisure.com/products/green-wide-leg-joggers
https://cavaathleisure.com,10240845775164,Brown Wide Leg Joggers,Men's Joggers,CAVA Athleisure Pvt Ltd,52503273603388,S,MJR1617BNS,1399.00,False,Sold Out,0,https://cavaathleisure.com/products/brown-wide-leg-joggers
https://cavaathleisure.com,10240845775164,Brown Wide Leg Joggers,Men's Joggers,CAVA Athleisure Pvt Ltd,52503273636156,M,MJR1617BNM,1399.00,False,Sold Out,0,https://cavaathleisure.com/products/brown-wide-leg-joggers
https://cavaathleisure.com,10240845775164,Brown Wide Leg Joggers,Men's Joggers,CAVA Athleisure Pvt Ltd,52503273668924,L,MJR1617BNL,1399.00,False,Sold Out,0,https://cavaathleisure.com/products/brown-wide-leg-joggers
https://cavaathleisure.com,10240845775164,Brown Wide Leg Joggers,Men's Joggers,CAVA Athleisure Pvt Ltd,52503273701692,XL,MJR1617BNXL,1399.00,False,Sold Out,0,https://cavaathleisure.com/products/brown-wide-leg-joggers
https://cavaathleisure.com,10240845775164,Brown Wide Leg Joggers,Men's Joggers,CAVA Athleisure Pvt Ltd,52503273734460,XXL,MJR1617BNXXL,1399.00,False,Sold Out,0,https://cavaathleisure.com/products/brown-wide-leg-joggers
https://cavaathleisure.com,10240845611324,Dusty Pink Wide Leg Joggers,Men's Joggers,CAVA Athleisure Pvt Ltd,52503272587580,S,MJR1617BGS,1399.00,False,Sold Out,0,https://cavaathleisure.com/products/dusty-pink-wide-leg-joggers
https://cavaathleisure.com,10240845611324,Dusty Pink Wide Leg Joggers,Men's Joggers,CAVA Athleisure Pvt Ltd,52503272620348,M,MJR1617BGM,1399.00,False,Sold Out,0,https://cavaathleisure.com/products/dusty-pink-wide-leg-joggers
https://cavaathleisure.com,10240845611324,Dusty Pink Wide Leg Joggers,Men's Joggers,CAVA Athleisure Pvt Ltd,52503272653116,L,MJR1617BGL,1399.00,False,Sold Out,0,https://cavaathleisure.com/products/dusty-pink-wide-leg-joggers
https://cavaathleisure.com,10240845611324,Dusty Pink Wide Leg Joggers,Men's Joggers,CAVA Athleisure Pvt Ltd,52503272685884,XL,MJR1617BGXL,1399.00,False,Sold Out,0,https://cavaathleisure.com/products/dusty-pink-wide-leg-joggers
https://cavaathleisure.com,10240845611324,Dusty Pink Wide Leg Joggers,Men's Joggers,CAVA Athleisure Pvt Ltd,52503272718652,XXL,MJR1617BGXXL,1399.00,False,Sold Out,0,https://cavaathleisure.com/products/dusty-pink-wide-leg-joggers
https://cavaathleisure.com,10240846332220,Blue Wide Leg Joggers,Men's Joggers,CAVA Athleisure Pvt Ltd,52503275438396,S,MJR1617NYS,1399.00,False,Sold Out,0,https://cavaathleisure.com/products/blue-wide-leg-joggers
https://cavaathleisure.com,10240846332220,Blue Wide Leg Joggers,Men's Joggers,CAVA Athleisure Pvt Ltd,52503275471164,M,MJR1617NYM,1399.00,True,Available,1,https://cavaathleisure.com/products/blue-wide-leg-joggers
https://cavaathleisure.com,10240846332220,Blue Wide Leg Joggers,Men's Joggers,CAVA Athleisure Pvt Ltd,52503275503932,L,MJR1617NYL,1399.00,True,Available,1,https://cavaathleisure.com/products/blue-wide-leg-joggers
https://cavaathleisure.com,10240846332220,Blue Wide Leg Joggers,Men's Joggers,CAVA Athleisure Pvt Ltd,52503275536700,XL,MJR1617NYXL,1399.00,False,Sold Out,0,https://cavaathleisure.com/products/blue-wide-leg-joggers
https://cavaathleisure.com,10240846332220,Blue Wide Leg Joggers,Men's Joggers,CAVA Athleisure Pvt Ltd,52503275569468,XXL,MJR1617NYXXL,1399.00,False,Sold Out,0,https://cavaathleisure.com/products/blue-wide-leg-joggers
https://cavaathleisure.com,10240782795068,Brown Cotton Leisure Shorts,Men's Shorts,CAVA Athleisure Pvt Ltd,52502849093948,S,MSH1616BNS,799.00,False,Sold Out,0,https://cavaathleisure.com/products/brown-cotton-leisure-shorts
https://cavaathleisure.com,10240782795068,Brown Cotton Leisure Shorts,Men's Shorts,CAVA Athleisure Pvt Ltd,52502849126716,M,MSH1616BNM,799.00,False,Sold Out,0,https://cavaathleisure.com/products/brown-cotton-leisure-shorts
https://cavaathleisure.com,10240782795068,Brown Cotton Leisure Shorts,Men's Shorts,CAVA Athleisure Pvt Ltd,52502849159484,L,MSH1616BNL,799.00,False,Sold Out,0,https://cavaathleisure.com/products/brown-cotton-leisure-shorts
https://cavaathleisure.com,10240782795068,Brown Cotton Leisure Shorts,Men's Shorts,CAVA Athleisure Pvt Ltd,52502849192252,XL,MSH1616BNXL,799.00,False,Sold Out,0,https://cavaathleisure.com/products/brown-cotton-leisure-shorts
https://cavaathleisure.com,10240782795068,Brown Cotton Leisure Shorts,Men's Shorts,CAVA Athleisure Pvt Ltd,52502849225020,XXL,MSH1616BNXXL,799.00,False,Sold Out,0,https://cavaathleisure.com/products/brown-cotton-leisure-shorts
https://cavaathleisure.com,10240782893372,Green Cotton Leisure Shorts,Men's Shorts,CAVA Athleisure Pvt Ltd,52502850634044,S,MSH1616GRS,799.00,True,Available,1,https://cavaathleisure.com/products/green-cotton-leisure-shorts
https://cavaathleisure.com,10240782893372,Green Cotton Leisure Shorts,Men's Shorts,CAVA Athleisure Pvt Ltd,52502850666812,M,MSH1616GRM,799.00,False,Sold Out,0,https://cavaathleisure.com/products/green-cotton-leisure-shorts
https://cavaathleisure.com,10240782893372,Green Cotton Leisure Shorts,Men's Shorts,CAVA Athleisure Pvt Ltd,52502850699580,L,MSH1616GRL,799.00,False,Sold Out,0,https://cavaathleisure.com/products/green-cotton-leisure-shorts
https://cavaathleisure.com,10240782893372,Green Cotton Leisure Shorts,Men's Shorts,CAVA Athleisure Pvt Ltd,52502850732348,XL,MSH1616GRXL,799.00,False,Sold Out,0,https://cavaathleisure.com/products/green-cotton-leisure-shorts
https://cavaathleisure.com,10240782893372,Green Cotton Leisure Shorts,Men's Shorts,CAVA Athleisure Pvt Ltd,52502850765116,XXL,MSH1616GRXXL,799.00,False,Sold Out,0,https://cavaathleisure.com/products/green-cotton-leisure-shorts
https://cavaathleisure.com,10241250591036,Dusty Pink Everywear Sweatshirt,Men's Hoodies & Sweatshirts,CAVA Athleisure Pvt Ltd,52506430079292,S,MHD1615BGS,749.00,True,Available,1,https://cavaathleisure.com/products/dusty-pink-everywear-sweatshirt
https://cavaathleisure.com,10241250591036,Dusty Pink Everywear Sweatshirt,Men's Hoodies & Sweatshirts,CAVA Athleisure Pvt Ltd,52506430112060,M,MHD1615BGM,749.00,True,Available,1,https://cavaathleisure.com/products/dusty-pink-everywear-sweatshirt
https://cavaathleisure.com,10241250591036,Dusty Pink Everywear Sweatshirt,Men's Hoodies & Sweatshirts,CAVA Athleisure Pvt Ltd,52506430144828,L,MHD1615BGL,749.00,True,Available,1,https://cavaathleisure.com/products/dusty-pink-everywear-sweatshirt
https://cavaathleisure.com,10241250591036,Dusty Pink Everywear Sweatshirt,Men's Hoodies & Sweatshirts,CAVA Athleisure Pvt Ltd,52506430177596,XL,MHD1615BGXL,749.00,True,Available,1,https://cavaathleisure.com/products/dusty-pink-everywear-sweatshirt
https://cavaathleisure.com,10241250591036,Dusty Pink Everywear Sweatshirt,Men's Hoodies & Sweatshirts,CAVA Athleisure Pvt Ltd,52506430210364,XXL,MHD1615BGXXL,749.00,True,Available,1,https://cavaathleisure.com/products/dusty-pink-everywear-sweatshirt
https://cavaathleisure.com,10240782663996,Dusty Pink Cotton Leisure Shorts,Men's Shorts,CAVA Athleisure Pvt Ltd,52502847029564,S,MSH1616BGS,799.00,False,Sold Out,0,https://cavaathleisure.com/products/dusty-pink-cotton-leisure-shorts
https://cavaathleisure.com,10240782663996,Dusty Pink Cotton Leisure Shorts,Men's Shorts,CAVA Athleisure Pvt Ltd,52502847062332,M,MSH1616BGM,799.00,False,Sold Out,0,https://cavaathleisure.com/products/dusty-pink-cotton-leisure-shorts
https://cavaathleisure.com,10240782663996,Dusty Pink Cotton Leisure Shorts,Men's Shorts,CAVA Athleisure Pvt Ltd,52502847095100,L,MSH1616BGL,799.00,False,Sold Out,0,https://cavaathleisure.com/products/dusty-pink-cotton-leisure-shorts
https://cavaathleisure.com,10240782663996,Dusty Pink Cotton Leisure Shorts,Men's Shorts,CAVA Athleisure Pvt Ltd,52502847127868,XL,MSH1616BGXL,799.00,False,Sold Out,0,https://cavaathleisure.com/products/dusty-pink-cotton-leisure-shorts
https://cavaathleisure.com,10240782663996,Dusty Pink Cotton Leisure Shorts,Men's Shorts,CAVA Athleisure Pvt Ltd,52502847160636,XXL,MSH1616BGXXL,799.00,False,Sold Out,0,https://cavaathleisure.com/products/dusty-pink-cotton-leisure-shorts
https://cavaathleisure.com,10241277198652,Black Rib-knit Trousers,Women's Trousers,CAVA Athleisure Pvt Ltd,52506521895228,S,WJR3714BKS,1299.00,False,Sold Out,0,https://cavaathleisure.com/products/black-rib-knit-trousers
https://cavaathleisure.com,10241277198652,Black Rib-knit Trousers,Women's Trousers,CAVA Athleisure Pvt Ltd,52506521927996,M,WJR3714BKM,1299.00,False,Sold Out,0,https://cavaathleisure.com/products/black-rib-knit-trousers
https://cavaathleisure.com,10241277198652,Black Rib-knit Trousers,Women's Trousers,CAVA Athleisure Pvt Ltd,52506521960764,L,WJR3714BKL,1299.00,False,Sold Out,0,https://cavaathleisure.com/products/black-rib-knit-trousers
https://cavaathleisure.com,10241277198652,Black Rib-knit Trousers,Women's Trousers,CAVA Athleisure Pvt Ltd,52506521993532,XL,WJR3714BKXL,1299.00,False,Sold Out,0,https://cavaathleisure.com/products/black-rib-knit-trousers
https://cavaathleisure.com,10241276477756,Brown Foldover Flare Pants,Flare Pants,CAVA Athleisure Pvt Ltd,52506511376700,XS,WFP2745BNXS,1359.00,False,Sold Out,0,https://cavaathleisure.com/products/brown-foldover-flare-pants
https://cavaathleisure.com,10241276477756,Brown Foldover Flare Pants,Flare Pants,CAVA Athleisure Pvt Ltd,52506511409468,S,WFP2745BNS,1359.00,False,Sold Out,0,https://cavaathleisure.com/products/brown-foldover-flare-pants
https://cavaathleisure.com,10241276477756,Brown Foldover Flare Pants,Flare Pants,CAVA Athleisure Pvt Ltd,52506511442236,M,WFP2745BNM,1359.00,False,Sold Out,0,https://cavaathleisure.com/products/brown-foldover-flare-pants
https://cavaathleisure.com,10241276477756,Brown Foldover Flare Pants,Flare Pants,CAVA Athleisure Pvt Ltd,52506511475004,L,WFP2745BNL,1359.00,False,Sold Out,0,https://cavaathleisure.com/products/brown-foldover-flare-pants
https://cavaathleisure.com,10241276477756,Brown Foldover Flare Pants,Flare Pants,CAVA Athleisure Pvt Ltd,52506511507772,XL,WFP2745BNXL,1359.00,False,Sold Out,0,https://cavaathleisure.com/products/brown-foldover-flare-pants
https://cavaathleisure.com,10241276477756,Brown Foldover Flare Pants,Flare Pants,CAVA Athleisure Pvt Ltd,52506511540540,XXL,WFP2745BNXXL,1359.00,False,Sold Out,0,https://cavaathleisure.com/products/brown-foldover-flare-pants
https://cavaathleisure.com,10241277231420,Pine Rib-knit Trousers,Women's Trousers,CAVA Athleisure Pvt Ltd,52506522255676,S,WJR3714GRS,1300.00,False,Sold Out,0,https://cavaathleisure.com/products/pine-rib-knit-trousers
https://cavaathleisure.com,10241277231420,Pine Rib-knit Trousers,Women's Trousers,CAVA Athleisure Pvt Ltd,52506522288444,M,WJR3714GRM,1300.00,False,Sold Out,0,https://cavaathleisure.com/products/pine-rib-knit-trousers
https://cavaathleisure.com,10241277231420,Pine Rib-knit Trousers,Women's Trousers,CAVA Athleisure Pvt Ltd,52506522321212,L,WJR3714GRL,1300.00,True,Available,1,https://cavaathleisure.com/products/pine-rib-knit-trousers
https://cavaathleisure.com,10241277231420,Pine Rib-knit Trousers,Women's Trousers,CAVA Athleisure Pvt Ltd,52506522353980,XL,WJR3714GRXL,1300.00,True,Available,1,https://cavaathleisure.com/products/pine-rib-knit-trousers
https://cavaathleisure.com,10241260650812,Black Foldover Flare Pants,Flare Pants,CAVA Athleisure Pvt Ltd,52506463764796,XS,WFP2745BKXS,1359.00,False,Sold Out,0,https://cavaathleisure.com/products/black-foldover-flare-pants
https://cavaathleisure.com,10241260650812,Black Foldover Flare Pants,Flare Pants,CAVA Athleisure Pvt Ltd,52506462978364,S,WFP2745BKS,1359.00,False,Sold Out,0,https://cavaathleisure.com/products/black-foldover-flare-pants
https://cavaathleisure.com,10241260650812,Black Foldover Flare Pants,Flare Pants,CAVA Athleisure Pvt Ltd,52506463011132,M,WFP2745BKM,1359.00,False,Sold Out,0,https://cavaathleisure.com/products/black-foldover-flare-pants
https://cavaathleisure.com,10241260650812,Black Foldover Flare Pants,Flare Pants,CAVA Athleisure Pvt Ltd,52506463043900,L,WFP2745BKL,1359.00,False,Sold Out,0,https://cavaathleisure.com/products/black-foldover-flare-pants
https://cavaathleisure.com,10241260650812,Black Foldover Flare Pants,Flare Pants,CAVA Athleisure Pvt Ltd,52506463076668,XL,WFP2745BKXL,1359.00,False,Sold Out,0,https://cavaathleisure.com/products/black-foldover-flare-pants
https://cavaathleisure.com,10241260650812,Black Foldover Flare Pants,Flare Pants,CAVA Athleisure Pvt Ltd,52506463109436,XXL,WFP2745BKXXL,1359.00,False,Sold Out,0,https://cavaathleisure.com/products/black-foldover-flare-pants
https://cavaathleisure.com,10240782991676,Blue Cotton Leisure Shorts,Men's T-shirts,CAVA Athleisure Pvt Ltd,52502851191100,S,MSH1616NYS,799.00,True,Available,1,https://cavaathleisure.com/products/blue-cotton-leisure-shorts
https://cavaathleisure.com,10240782991676,Blue Cotton Leisure Shorts,Men's T-shirts,CAVA Athleisure Pvt Ltd,52502851223868,M,MSH1616NYM,799.00,True,Available,1,https://cavaathleisure.com/products/blue-cotton-leisure-shorts
https://cavaathleisure.com,10240782991676,Blue Cotton Leisure Shorts,Men's T-shirts,CAVA Athleisure Pvt Ltd,52502851256636,L,MSH1616NYL,799.00,True,Available,1,https://cavaathleisure.com/products/blue-cotton-leisure-shorts
https://cavaathleisure.com,10240782991676,Blue Cotton Leisure Shorts,Men's T-shirts,CAVA Athleisure Pvt Ltd,52502851289404,XL,MSH1616NYXL,799.00,True,Available,1,https://cavaathleisure.com/products/blue-cotton-leisure-shorts
https://cavaathleisure.com,10240782991676,Blue Cotton Leisure Shorts,Men's T-shirts,CAVA Athleisure Pvt Ltd,52502851322172,XXL,MSH1616NYXXL,799.00,True,Available,1,https://cavaathleisure.com/products/blue-cotton-leisure-shorts
https://cavaathleisure.com,10241276576060,Yellow Rib-knit Trousers,Women's Trousers,CAVA Athleisure Pvt Ltd,52506512982332,S,WJR3714YLS,1300.00,False,Sold Out,0,https://cavaathleisure.com/products/yellow-rib-knit-trousers
https://cavaathleisure.com,10241276576060,Yellow Rib-knit Trousers,Women's Trousers,CAVA Athleisure Pvt Ltd,52506513015100,M,WJR3714YLM,1300.00,True,Available,1,https://cavaathleisure.com/products/yellow-rib-knit-trousers
https://cavaathleisure.com,10241276576060,Yellow Rib-knit Trousers,Women's Trousers,CAVA Athleisure Pvt Ltd,52506513047868,L,WJR3714YLL,1300.00,True,Available,1,https://cavaathleisure.com/products/yellow-rib-knit-trousers
https://cavaathleisure.com,10241276576060,Yellow Rib-knit Trousers,Women's Trousers,CAVA Athleisure Pvt Ltd,52506513080636,XL,WJR3714YLXL,1300.00,True,Available,1,https://cavaathleisure.com/products/yellow-rib-knit-trousers
https://cavaathleisure.com,10240774930748,Cream Club Cardigan,Women Topwear,CAVA Athleisure Pvt Ltd,52502811377980,S,WJK3614WHS,1299.00,False,Sold Out,0,https://cavaathleisure.com/products/cream-club-cardigan
https://cavaathleisure.com,10240774930748,Cream Club Cardigan,Women Topwear,CAVA Athleisure Pvt Ltd,52502811410748,M,WJK3614WHM,1299.00,False,Sold Out,0,https://cavaathleisure.com/products/cream-club-cardigan
https://cavaathleisure.com,10240774930748,Cream Club Cardigan,Women Topwear,CAVA Athleisure Pvt Ltd,52502811443516,L,WJK3614WHL,1299.00,True,Available,1,https://cavaathleisure.com/products/cream-club-cardigan
https://cavaathleisure.com,10240774930748,Cream Club Cardigan,Women Topwear,CAVA Athleisure Pvt Ltd,52502811476284,XL,WJK3614WHXL,1299.00,False,Sold Out,0,https://cavaathleisure.com/products/cream-club-cardigan
https://cavaathleisure.com,10240790692156,Grey Modal Quarter Zip,Men's T-shirts,CAVA Athleisure Pvt Ltd,52502972203324,S,MJK1007GYS,1999.00,True,Available,1,https://cavaathleisure.com/products/grey-modal-quarter-zip
https://cavaathleisure.com,10240790692156,Grey Modal Quarter Zip,Men's T-shirts,CAVA Athleisure Pvt Ltd,52502972236092,M,MJK1007GYM,1999.00,True,Available,1,https://cavaathleisure.com/products/grey-modal-quarter-zip
https://cavaathleisure.com,10240790692156,Grey Modal Quarter Zip,Men's T-shirts,CAVA Athleisure Pvt Ltd,52502972268860,L,MJK1007GYL,1999.00,True,Available,1,https://cavaathleisure.com/products/grey-modal-quarter-zip
https://cavaathleisure.com,10240790692156,Grey Modal Quarter Zip,Men's T-shirts,CAVA Athleisure Pvt Ltd,52502972301628,XL,MJK1007GYXL,1999.00,True,Available,1,https://cavaathleisure.com/products/grey-modal-quarter-zip
https://cavaathleisure.com,10240790692156,Grey Modal Quarter Zip,Men's T-shirts,CAVA Athleisure Pvt Ltd,52502972334396,XXL,MJK1007GYXXL,1999.00,False,Sold Out,0,https://cavaathleisure.com/products/grey-modal-quarter-zip
https://cavaathleisure.com,10240790528316,Petrol Blue Modal Quarter Zip,Men's T-shirts,CAVA Athleisure Pvt Ltd,52502969090364,S,MJK1007NYS,1999.00,True,Available,1,https://cavaathleisure.com/products/petrol-blue-modal-quarter-zip
https://cavaathleisure.com,10240790528316,Petrol Blue Modal Quarter Zip,Men's T-shirts,CAVA Athleisure Pvt Ltd,52502969123132,M,MJK1007NYM,1999.00,True,Available,1,https://cavaathleisure.com/products/petrol-blue-modal-quarter-zip
https://cavaathleisure.com,10240790528316,Petrol Blue Modal Quarter Zip,Men's T-shirts,CAVA Athleisure Pvt Ltd,52502969155900,L,MJK1007NYL,1999.00,True,Available,1,https://cavaathleisure.com/products/petrol-blue-modal-quarter-zip
https://cavaathleisure.com,10240790528316,Petrol Blue Modal Quarter Zip,Men's T-shirts,CAVA Athleisure Pvt Ltd,52502969188668,XL,MJK1007NYXL,1999.00,True,Available,1,https://cavaathleisure.com/products/petrol-blue-modal-quarter-zip
https://cavaathleisure.com,10240790528316,Petrol Blue Modal Quarter Zip,Men's T-shirts,CAVA Athleisure Pvt Ltd,52502969221436,XXL,MJK1007NYXXL,1999.00,False,Sold Out,0,https://cavaathleisure.com/products/petrol-blue-modal-quarter-zip
https://cavaathleisure.com,10240774013244,Black Club Cardigan,Women Topwear,CAVA Athleisure Pvt Ltd,52502804332860,S,WJK3614BKS,1299.00,False,Sold Out,0,https://cavaathleisure.com/products/black-club-cardigan
https://cavaathleisure.com,10240774013244,Black Club Cardigan,Women Topwear,CAVA Athleisure Pvt Ltd,52502804365628,M,WJK3614BKM,1299.00,False,Sold Out,0,https://cavaathleisure.com/products/black-club-cardigan
https://cavaathleisure.com,10240774013244,Black Club Cardigan,Women Topwear,CAVA Athleisure Pvt Ltd,52502804398396,L,WJK3614BKL,1299.00,False,Sold Out,0,https://cavaathleisure.com/products/black-club-cardigan
https://cavaathleisure.com,10240774013244,Black Club Cardigan,Women Topwear,CAVA Athleisure Pvt Ltd,52502804431164,XL,WJK3614BKXL,1299.00,False,Sold Out,0,https://cavaathleisure.com/products/black-club-cardigan
https://cavaathleisure.com,10183968194876,Yellow Cotton Baby Tee,Women Topwear,CAVA Athleisure Pvt Ltd,52296231059772,XS,WTS1631YLXS,714.00,False,Sold Out,0,https://cavaathleisure.com/products/yellow-cotton-baby-tee
https://cavaathleisure.com,10183968194876,Yellow Cotton Baby Tee,Women Topwear,CAVA Athleisure Pvt Ltd,52296231092540,S,WTS1631YLS,714.00,False,Sold Out,0,https://cavaathleisure.com/products/yellow-cotton-baby-tee
https://cavaathleisure.com,10183968194876,Yellow Cotton Baby Tee,Women Topwear,CAVA Athleisure Pvt Ltd,52296231125308,M,WTS1631YLM,714.00,False,Sold Out,0,https://cavaathleisure.com/products/yellow-cotton-baby-tee
https://cavaathleisure.com,10183968194876,Yellow Cotton Baby Tee,Women Topwear,CAVA Athleisure Pvt Ltd,52296231158076,L,WTS1631YLL,714.00,False,Sold Out,0,https://cavaathleisure.com/products/yellow-cotton-baby-tee
https://cavaathleisure.com,10183968194876,Yellow Cotton Baby Tee,Women Topwear,CAVA Athleisure Pvt Ltd,52296231190844,XL,WTS1631YLXL,714.00,False,Sold Out,0,https://cavaathleisure.com/products/yellow-cotton-baby-tee
https://cavaathleisure.com,10183968194876,Yellow Cotton Baby Tee,Women Topwear,CAVA Athleisure Pvt Ltd,52296231223612,XXL,WTS1631YLXXL,714.00,False,Sold Out,0,https://cavaathleisure.com/products/yellow-cotton-baby-tee
https://cavaathleisure.com,10240784728380,Black Modal Quarter Zip,Men's T-shirts,CAVA Athleisure Pvt Ltd,52502866297148,S,MJK1007BKS,1999.00,True,Available,1,https://cavaathleisure.com/products/black-modal-quarter-zip
https://cavaathleisure.com,10240784728380,Black Modal Quarter Zip,Men's T-shirts,CAVA Athleisure Pvt Ltd,52502866329916,M,MJK1007BKM,1999.00,True,Available,1,https://cavaathleisure.com/products/black-modal-quarter-zip
https://cavaathleisure.com,10240784728380,Black Modal Quarter Zip,Men's T-shirts,CAVA Athleisure Pvt Ltd,52502866362684,L,MJK1007BKL,1999.00,True,Available,1,https://cavaathleisure.com/products/black-modal-quarter-zip
https://cavaathleisure.com,10240784728380,Black Modal Quarter Zip,Men's T-shirts,CAVA Athleisure Pvt Ltd,52502866395452,XL,MJK1007BKXL,1999.00,True,Available,1,https://cavaathleisure.com/products/black-modal-quarter-zip
https://cavaathleisure.com,10240784728380,Black Modal Quarter Zip,Men's T-shirts,CAVA Athleisure Pvt Ltd,52502866428220,XXL,MJK1007BKXXL,1999.00,True,Available,1,https://cavaathleisure.com/products/black-modal-quarter-zip
https://cavaathleisure.com,10240766279996,Yellow Club Cardigan,Women Topwear,CAVA Athleisure Pvt Ltd,52502730309948,S,WJK3614YLS,1299.00,True,Available,1,https://cavaathleisure.com/products/yellow-club-cardigan
https://cavaathleisure.com,10240766279996,Yellow Club Cardigan,Women Topwear,CAVA Athleisure Pvt Ltd,52502730342716,M,WJK3614YLM,1299.00,True,Available,1,https://cavaathleisure.com/products/yellow-club-cardigan
https://cavaathleisure.com,10240766279996,Yellow Club Cardigan,Women Topwear,CAVA Athleisure Pvt Ltd,52502730375484,L,WJK3614YLL,1299.00,True,Available,1,https://cavaathleisure.com/products/yellow-club-cardigan
https://cavaathleisure.com,10240766279996,Yellow Club Cardigan,Women Topwear,CAVA Athleisure Pvt Ltd,52502730408252,XL,WJK3614YLXL,1299.00,False,Sold Out,0,https://cavaathleisure.com/products/yellow-club-cardigan
https://cavaathleisure.com,10183967998268,Pink Cotton Baby Tee,Women Topwear,CAVA Athleisure Pvt Ltd,52296229388604,XS,WTS1631PNXS,714.00,False,Sold Out,0,https://cavaathleisure.com/products/pink-cotton-baby-tee
https://cavaathleisure.com,10183967998268,Pink Cotton Baby Tee,Women Topwear,CAVA Athleisure Pvt Ltd,52296229421372,S,WTS1631PNS,714.00,False,Sold Out,0,https://cavaathleisure.com/products/pink-cotton-baby-tee
https://cavaathleisure.com,10183967998268,Pink Cotton Baby Tee,Women Topwear,CAVA Athleisure Pvt Ltd,52296229454140,M,WTS1631PNM,714.00,False,Sold Out,0,https://cavaathleisure.com/products/pink-cotton-baby-tee
https://cavaathleisure.com,10183967998268,Pink Cotton Baby Tee,Women Topwear,CAVA Athleisure Pvt Ltd,52296229486908,L,WTS1631PNL,714.00,False,Sold Out,0,https://cavaathleisure.com/products/pink-cotton-baby-tee
https://cavaathleisure.com,10183967998268,Pink Cotton Baby Tee,Women Topwear,CAVA Athleisure Pvt Ltd,52296229519676,XL,WTS1631PNXL,714.00,True,Available,1,https://cavaathleisure.com/products/pink-cotton-baby-tee
https://cavaathleisure.com,10183967998268,Pink Cotton Baby Tee,Women Topwear,CAVA Athleisure Pvt Ltd,52296229552444,XXL,WTS1631PNXXL,714.00,False,Sold Out,0,https://cavaathleisure.com/products/pink-cotton-baby-tee
https://cavaathleisure.com,10183966359868,Black Cotton Baby Tee,Women Topwear,CAVA Athleisure Pvt Ltd,52296217067836,XS,WTS1631BKXS,714.00,False,Sold Out,0,https://cavaathleisure.com/products/black-cotton-baby-tee
https://cavaathleisure.com,10183966359868,Black Cotton Baby Tee,Women Topwear,CAVA Athleisure Pvt Ltd,52296217100604,S,WTS1631BKS,714.00,False,Sold Out,0,https://cavaathleisure.com/products/black-cotton-baby-tee
https://cavaathleisure.com,10183966359868,Black Cotton Baby Tee,Women Topwear,CAVA Athleisure Pvt Ltd,52296217133372,M,WTS1631BKM,714.00,False,Sold Out,0,https://cavaathleisure.com/products/black-cotton-baby-tee
https://cavaathleisure.com,10183966359868,Black Cotton Baby Tee,Women Topwear,CAVA Athleisure Pvt Ltd,52296217166140,L,WTS1631BKL,714.00,False,Sold Out,0,https://cavaathleisure.com/products/black-cotton-baby-tee
https://cavaathleisure.com,10183966359868,Black Cotton Baby Tee,Women Topwear,CAVA Athleisure Pvt Ltd,52296217198908,XL,WTS1631BKXL,714.00,False,Sold Out,0,https://cavaathleisure.com/products/black-cotton-baby-tee
https://cavaathleisure.com,10183966359868,Black Cotton Baby Tee,Women Topwear,CAVA Athleisure Pvt Ltd,52296217231676,XXL,WTS1631BKXXL,714.00,False,Sold Out,0,https://cavaathleisure.com/products/black-cotton-baby-tee
https://cavaathleisure.com,10183968129340,Grey Cotton Baby Tee,Women Topwear,CAVA Athleisure Pvt Ltd,52296230404412,XS,WTS1631GMLXS,714.00,False,Sold Out,0,https://cavaathleisure.com/products/grey-cotton-baby-tee
https://cavaathleisure.com,10183968129340,Grey Cotton Baby Tee,Women Topwear,CAVA Athleisure Pvt Ltd,52296230437180,S,WTS1631GMLS,714.00,False,Sold Out,0,https://cavaathleisure.com/products/grey-cotton-baby-tee
https://cavaathleisure.com,10183968129340,Grey Cotton Baby Tee,Women Topwear,CAVA Athleisure Pvt Ltd,52296230469948,M,WTS1631GMLM,714.00,False,Sold Out,0,https://cavaathleisure.com/products/grey-cotton-baby-tee
https://cavaathleisure.com,10183968129340,Grey Cotton Baby Tee,Women Topwear,CAVA Athleisure Pvt Ltd,52296230502716,L,WTS1631GMLL,714.00,False,Sold Out,0,https://cavaathleisure.com/products/grey-cotton-baby-tee
https://cavaathleisure.com,10183968129340,Grey Cotton Baby Tee,Women Topwear,CAVA Athleisure Pvt Ltd,52296230535484,XL,WTS1631GMLXL,714.00,True,Available,1,https://cavaathleisure.com/products/grey-cotton-baby-tee
https://cavaathleisure.com,10183968129340,Grey Cotton Baby Tee,Women Topwear,CAVA Athleisure Pvt Ltd,52296230568252,XXL,WTS1631GMLXXL,714.00,True,Available,1,https://cavaathleisure.com/products/grey-cotton-baby-tee
https://cavaathleisure.com,10176328532284,Pink Racerback Tank,Women Topwear,CAVA Athleisure Pvt Ltd,52264830566716,XS,WTN10SET5BPNXS,1199.00,False,Sold Out,0,https://cavaathleisure.com/products/pink-racerback-tank
https://cavaathleisure.com,10176328532284,Pink Racerback Tank,Women Topwear,CAVA Athleisure Pvt Ltd,52264830599484,S,WTN10SET5BPNS,1199.00,False,Sold Out,0,https://cavaathleisure.com/products/pink-racerback-tank
https://cavaathleisure.com,10176328532284,Pink Racerback Tank,Women Topwear,CAVA Athleisure Pvt Ltd,52264830632252,M,WTN10SET5BPNM,1199.00,False,Sold Out,0,https://cavaathleisure.com/products/pink-racerback-tank
https://cavaathleisure.com,10176328532284,Pink Racerback Tank,Women Topwear,CAVA Athleisure Pvt Ltd,52264830665020,L,WTN10SET5BPNL,1199.00,False,Sold Out,0,https://cavaathleisure.com/products/pink-racerback-tank
https://cavaathleisure.com,10176328532284,Pink Racerback Tank,Women Topwear,CAVA Athleisure Pvt Ltd,52264830697788,XL,WTN10SET5BPNXL,1199.00,False,Sold Out,0,https://cavaathleisure.com/products/pink-racerback-tank
https://cavaathleisure.com,10176328532284,Pink Racerback Tank,Women Topwear,CAVA Athleisure Pvt Ltd,52264830730556,XXL,WTN10SET5BPNXXL,1199.00,False,Sold Out,0,https://cavaathleisure.com/products/pink-racerback-tank
https://cavaathleisure.com,10163460309308,Butter Yellow Ultra Support Sports Bra,Sports Bras,CAVA Athleisure Pvt Ltd,52181558100284,XS,WSB14CS01YLXS,1399.00,True,Available,1,https://cavaathleisure.com/products/butter-yellow-ultra-support-sports-bra
https://cavaathleisure.com,10163460309308,Butter Yellow Ultra Support Sports Bra,Sports Bras,CAVA Athleisure Pvt Ltd,52181558133052,S,WSB14CS01YLS,1399.00,True,Available,1,https://cavaathleisure.com/products/butter-yellow-ultra-support-sports-bra
https://cavaathleisure.com,10163460309308,Butter Yellow Ultra Support Sports Bra,Sports Bras,CAVA Athleisure Pvt Ltd,52181558165820,M,WSB14CS01YLM,1399.00,True,Available,1,https://cavaathleisure.com/products/butter-yellow-ultra-support-sports-bra
https://cavaathleisure.com,10163460309308,Butter Yellow Ultra Support Sports Bra,Sports Bras,CAVA Athleisure Pvt Ltd,52181558198588,L,WSB14CS01YLL,1399.00,True,Available,1,https://cavaathleisure.com/products/butter-yellow-ultra-support-sports-bra
https://cavaathleisure.com,10163460309308,Butter Yellow Ultra Support Sports Bra,Sports Bras,CAVA Athleisure Pvt Ltd,52181558231356,XL,WSB14CS01YLXL,1399.00,True,Available,1,https://cavaathleisure.com/products/butter-yellow-ultra-support-sports-bra
https://cavaathleisure.com,10163460309308,Butter Yellow Ultra Support Sports Bra,Sports Bras,CAVA Athleisure Pvt Ltd,52181558264124,XXL,WSB14CS01YLXXL,1399.00,True,Available,1,https://cavaathleisure.com/products/butter-yellow-ultra-support-sports-bra
https://cavaathleisure.com,10225688609084,Ruby Hourglass Snug Leggings,Leggings,CAVA Athleisure Pvt Ltd,52446380425532,XS,WLG1045RDXS,1299.00,False,Sold Out,0,https://cavaathleisure.com/products/ruby-hourglass-snug-legging
https://cavaathleisure.com,10225688609084,Ruby Hourglass Snug Leggings,Leggings,CAVA Athleisure Pvt Ltd,52446380458300,S,WLG1045RDS,1299.00,False,Sold Out,0,https://cavaathleisure.com/products/ruby-hourglass-snug-legging
https://cavaathleisure.com,10225688609084,Ruby Hourglass Snug Leggings,Leggings,CAVA Athleisure Pvt Ltd,52446380491068,M,WLG1045RDM,1299.00,False,Sold Out,0,https://cavaathleisure.com/products/ruby-hourglass-snug-legging
https://cavaathleisure.com,10225688609084,Ruby Hourglass Snug Leggings,Leggings,CAVA Athleisure Pvt Ltd,52446380523836,L,WLG1045RDL,1299.00,False,Sold Out,0,https://cavaathleisure.com/products/ruby-hourglass-snug-legging
https://cavaathleisure.com,10225688609084,Ruby Hourglass Snug Leggings,Leggings,CAVA Athleisure Pvt Ltd,52446380556604,XL,WLG1045RDXL,1299.00,False,Sold Out,0,https://cavaathleisure.com/products/ruby-hourglass-snug-legging
https://cavaathleisure.com,10225688609084,Ruby Hourglass Snug Leggings,Leggings,CAVA Athleisure Pvt Ltd,52446380589372,XXL,WLG1045RDXXL,1299.00,False,Sold Out,0,https://cavaathleisure.com/products/ruby-hourglass-snug-legging
https://cavaathleisure.com,10152875884860,Sculpt Insert Card,,CAVA Athleisure Pvt Ltd,52133968544060,Default Title,SCULPT-TQ-CD,0.00,True,Available,1,https://cavaathleisure.com/products/sculpt-insert-card
https://cavaathleisure.com,8384529236284,Beige Signature Sprint Joggers,Men's Joggers,CAVA athleisure,45360537698620,XS,MNJR702-Volar-11-Bge-XS,957.00,True,Available,1,https://cavaathleisure.com/products/beige-signature-sprint-joggers
https://cavaathleisure.com,8384529236284,Beige Signature Sprint Joggers,Men's Joggers,CAVA athleisure,45360537731388,S,MNJR702-Volar-11-Bge-S,957.00,True,Available,1,https://cavaathleisure.com/products/beige-signature-sprint-joggers
https://cavaathleisure.com,8384529236284,Beige Signature Sprint Joggers,Men's Joggers,CAVA athleisure,45360537764156,M,MNJR702-Volar-11-Bge-M,957.00,False,Sold Out,0,https://cavaathleisure.com/products/beige-signature-sprint-joggers
https://cavaathleisure.com,8384529236284,Beige Signature Sprint Joggers,Men's Joggers,CAVA athleisure,45360537796924,L,MNJR702-Volar-11-Bge-L,957.00,False,Sold Out,0,https://cavaathleisure.com/products/beige-signature-sprint-joggers
https://cavaathleisure.com,8384529236284,Beige Signature Sprint Joggers,Men's Joggers,CAVA athleisure,45360537829692,XL,MNJR702-Volar-11-Bge-XL,957.00,False,Sold Out,0,https://cavaathleisure.com/products/beige-signature-sprint-joggers
https://cavaathleisure.com,8384529236284,Beige Signature Sprint Joggers,Men's Joggers,CAVA athleisure,45391135572284,XXL,MNJR702-Volar-11-Bge-XXL,957.00,False,Sold Out,0,https://cavaathleisure.com/products/beige-signature-sprint-joggers
https://cavaathleisure.com,9000959115580,Sienna Red Silhouette Zip Top,Women's Tops,CAVA athleisure,48138748428604,XS,TP-CAVA-ACU03-Dkred-XS,714.00,False,Sold Out,0,https://cavaathleisure.com/products/sienna-red-silhouette-zip-top
https://cavaathleisure.com,9000959115580,Sienna Red Silhouette Zip Top,Women's Tops,CAVA athleisure,48138748461372,S,TP-CAVA-ACU03-Dkred-S,714.00,False,Sold Out,0,https://cavaathleisure.com/products/sienna-red-silhouette-zip-top
https://cavaathleisure.com,9000959115580,Sienna Red Silhouette Zip Top,Women's Tops,CAVA athleisure,48138748494140,M,TP-CAVA-ACU03-Dkred-M,714.00,False,Sold Out,0,https://cavaathleisure.com/products/sienna-red-silhouette-zip-top
https://cavaathleisure.com,9000959115580,Sienna Red Silhouette Zip Top,Women's Tops,CAVA athleisure,48138748526908,L,TP-CAVA-ACU03-Dkred-L,714.00,False,Sold Out,0,https://cavaathleisure.com/products/sienna-red-silhouette-zip-top
https://cavaathleisure.com,9000959115580,Sienna Red Silhouette Zip Top,Women's Tops,CAVA athleisure,48138748559676,XL,TP-CAVA-ACU03-Dkred-XL,714.00,False,Sold Out,0,https://cavaathleisure.com/products/sienna-red-silhouette-zip-top
https://cavaathleisure.com,9000959115580,Sienna Red Silhouette Zip Top,Women's Tops,CAVA athleisure,48138748592444,XXL,TP-CAVA-ACU03-Dkred-XXL,714.00,False,Sold Out,0,https://cavaathleisure.com/products/sienna-red-silhouette-zip-top
https://cavaathleisure.com,9000936767804,Aegean Blue Silhouette Zip Top,Women's Tops,CAVA athleisure,48138701799740,XS,TP-CAVA-ACU03-Astral-XS,850.00,False,Sold Out,0,https://cavaathleisure.com/products/aegean-blue-silhouette-zip-top
https://cavaathleisure.com,9000936767804,Aegean Blue Silhouette Zip Top,Women's Tops,CAVA athleisure,48138701832508,S,TP-CAVA-ACU03-Astral-S,850.00,False,Sold Out,0,https://cavaathleisure.com/products/aegean-blue-silhouette-zip-top
https://cavaathleisure.com,9000936767804,Aegean Blue Silhouette Zip Top,Women's Tops,CAVA athleisure,48138701865276,M,TP-CAVA-ACU03-Astral-M,850.00,False,Sold Out,0,https://cavaathleisure.com/products/aegean-blue-silhouette-zip-top
https://cavaathleisure.com,9000936767804,Aegean Blue Silhouette Zip Top,Women's Tops,CAVA athleisure,48138743906620,L,TP-CAVA-ACU03-Astral-L,850.00,False,Sold Out,0,https://cavaathleisure.com/products/aegean-blue-silhouette-zip-top
https://cavaathleisure.com,9000936767804,Aegean Blue Silhouette Zip Top,Women's Tops,CAVA athleisure,48138743939388,XL,TP-CAVA-ACU03-Astral-XL,850.00,False,Sold Out,0,https://cavaathleisure.com/products/aegean-blue-silhouette-zip-top
https://cavaathleisure.com,9000936767804,Aegean Blue Silhouette Zip Top,Women's Tops,CAVA athleisure,48138743972156,XXL,TP-CAVA-ACU03-Astral-XXL,850.00,False,Sold Out,0,https://cavaathleisure.com/products/aegean-blue-silhouette-zip-top
https://cavaathleisure.com,9000987820348,Iris Purple Silhouette Zip Top,Women's Tops,CAVA athleisure,48138808852796,XS,TP-CAVA-ACU03-Purple-XS,1104.00,False,Sold Out,0,https://cavaathleisure.com/products/iris-purple-silhouette-zip-top
https://cavaathleisure.com,9000987820348,Iris Purple Silhouette Zip Top,Women's Tops,CAVA athleisure,48138808885564,S,TP-CAVA-ACU03-Purple-S,1104.00,False,Sold Out,0,https://cavaathleisure.com/products/iris-purple-silhouette-zip-top
https://cavaathleisure.com,9000987820348,Iris Purple Silhouette Zip Top,Women's Tops,CAVA athleisure,48138808918332,M,TP-CAVA-ACU03-Purple-M,1104.00,False,Sold Out,0,https://cavaathleisure.com/products/iris-purple-silhouette-zip-top
https://cavaathleisure.com,9000987820348,Iris Purple Silhouette Zip Top,Women's Tops,CAVA athleisure,48138808951100,L,TP-CAVA-ACU03-Purple-L,1104.00,False,Sold Out,0,https://cavaathleisure.com/products/iris-purple-silhouette-zip-top
https://cavaathleisure.com,9000987820348,Iris Purple Silhouette Zip Top,Women's Tops,CAVA athleisure,48138808983868,XL,TP-CAVA-ACU03-Purple-XL,1104.00,False,Sold Out,0,https://cavaathleisure.com/products/iris-purple-silhouette-zip-top
https://cavaathleisure.com,9000987820348,Iris Purple Silhouette Zip Top,Women's Tops,CAVA athleisure,48138809016636,XXL,TP-CAVA-ACU03-Purple-XXL,1104.00,False,Sold Out,0,https://cavaathleisure.com/products/iris-purple-silhouette-zip-top
https://cavaathleisure.com,10030525448508,Supima Crew Necks - Pack of 3,Men's T-shirts,CAVA Athleisure Pvt Ltd,51719498629436,S,MTS5CS101BKGRBGS,2923.00,False,Sold Out,0,https://cavaathleisure.com/products/supima-crew-necks-pack-of-3
https://cavaathleisure.com,10030525448508,Supima Crew Necks - Pack of 3,Men's T-shirts,CAVA Athleisure Pvt Ltd,51719498662204,M,MTS5CS101BKGRBGM,2923.00,False,Sold Out,0,https://cavaathleisure.com/products/supima-crew-necks-pack-of-3
https://cavaathleisure.com,10030525448508,Supima Crew Necks - Pack of 3,Men's T-shirts,CAVA Athleisure Pvt Ltd,51719498694972,L,MTS5CS101BKGRBGL,2923.00,False,Sold Out,0,https://cavaathleisure.com/products/supima-crew-necks-pack-of-3
https://cavaathleisure.com,10030525448508,Supima Crew Necks - Pack of 3,Men's T-shirts,CAVA Athleisure Pvt Ltd,51719498727740,XL,MTS5CS101BKGRBGXL,2923.00,False,Sold Out,0,https://cavaathleisure.com/products/supima-crew-necks-pack-of-3
https://cavaathleisure.com,10030525448508,Supima Crew Necks - Pack of 3,Men's T-shirts,CAVA Athleisure Pvt Ltd,51719498760508,XXL,MTS5CS101BKGRBGXXL,2923.00,False,Sold Out,0,https://cavaathleisure.com/products/supima-crew-necks-pack-of-3
https://cavaathleisure.com,10071325606204,Supima Polo T-shirts - Pack of 2,,CAVA Athleisure Pvt Ltd,51818330751292,S,MTS5CS103PUBGS,2039.00,False,Sold Out,0,https://cavaathleisure.com/products/supima-polo-tshirts-pack-of-2
https://cavaathleisure.com,10071325606204,Supima Polo T-shirts - Pack of 2,,CAVA Athleisure Pvt Ltd,51818330784060,M,MTS5CS103PUBGM,2039.00,False,Sold Out,0,https://cavaathleisure.com/products/supima-polo-tshirts-pack-of-2
https://cavaathleisure.com,10071325606204,Supima Polo T-shirts - Pack of 2,,CAVA Athleisure Pvt Ltd,51818330816828,L,MTS5CS103PUBGL,2039.00,False,Sold Out,0,https://cavaathleisure.com/products/supima-polo-tshirts-pack-of-2
https://cavaathleisure.com,10071325606204,Supima Polo T-shirts - Pack of 2,,CAVA Athleisure Pvt Ltd,51818330849596,XL,MTS5CS103PUBGXL,2039.00,False,Sold Out,0,https://cavaathleisure.com/products/supima-polo-tshirts-pack-of-2
https://cavaathleisure.com,10071325606204,Supima Polo T-shirts - Pack of 2,,CAVA Athleisure Pvt Ltd,51818330882364,XXL,MTS5CS103PUBGXXL,2039.00,False,Sold Out,0,https://cavaathleisure.com/products/supima-polo-tshirts-pack-of-2
https://cavaathleisure.com,10030541930812,Supima Polo T-shirts  - Pack of 2,Polos,CAVA Athleisure Pvt Ltd,51719497711932,S,MTS5CS103BKPUS,2039.00,False,Sold Out,0,https://cavaathleisure.com/products/supima-polo-t-shirts-pack-of-2
https://cavaathleisure.com,10030541930812,Supima Polo T-shirts  - Pack of 2,Polos,CAVA Athleisure Pvt Ltd,51719497744700,M,MTS5CS103BKPUM,2039.00,False,Sold Out,0,https://cavaathleisure.com/products/supima-polo-t-shirts-pack-of-2
https://cavaathleisure.com,10030541930812,Supima Polo T-shirts  - Pack of 2,Polos,CAVA Athleisure Pvt Ltd,51719497777468,L,MTS5CS103BKPUL,2039.00,False,Sold Out,0,https://cavaathleisure.com/products/supima-polo-t-shirts-pack-of-2
https://cavaathleisure.com,10030541930812,Supima Polo T-shirts  - Pack of 2,Polos,CAVA Athleisure Pvt Ltd,51719497810236,XL,MTS5CS103BKPUXL,2039.00,False,Sold Out,0,https://cavaathleisure.com/products/supima-polo-t-shirts-pack-of-2
https://cavaathleisure.com,10030541930812,Supima Polo T-shirts  - Pack of 2,Polos,CAVA Athleisure Pvt Ltd,51719497843004,XXL,MTS5CS103BKPUXXL,2039.00,False,Sold Out,0,https://cavaathleisure.com/products/supima-polo-t-shirts-pack-of-2
https://cavaathleisure.com,10083415032124,Techpique Cropped Polo - Pack of 3,Crop Tops,CAVA Athleisure Pvt Ltd,51859971834172,XS,WTP10CS03BKNYWHXS,3115.00,False,Sold Out,0,https://cavaathleisure.com/products/techpique-cropped-polo-pack-of-3
https://cavaathleisure.com,10083415032124,Techpique Cropped Polo - Pack of 3,Crop Tops,CAVA Athleisure Pvt Ltd,51859971866940,S,WTP10CS03BKNYWHS,3115.00,False,Sold Out,0,https://cavaathleisure.com/products/techpique-cropped-polo-pack-of-3
https://cavaathleisure.com,10083415032124,Techpique Cropped Polo - Pack of 3,Crop Tops,CAVA Athleisure Pvt Ltd,51859971899708,M,WTP10CS03BKNYWHM,3115.00,False,Sold Out,0,https://cavaathleisure.com/products/techpique-cropped-polo-pack-of-3
https://cavaathleisure.com,10083415032124,Techpique Cropped Polo - Pack of 3,Crop Tops,CAVA Athleisure Pvt Ltd,51859971932476,L,WTP10CS03BKNYWHL,3115.00,False,Sold Out,0,https://cavaathleisure.com/products/techpique-cropped-polo-pack-of-3
https://cavaathleisure.com,10083415032124,Techpique Cropped Polo - Pack of 3,Crop Tops,CAVA Athleisure Pvt Ltd,51859971965244,XL,WTP10CS03BKNYWHXL,3115.00,False,Sold Out,0,https://cavaathleisure.com/products/techpique-cropped-polo-pack-of-3
https://cavaathleisure.com,10083415032124,Techpique Cropped Polo - Pack of 3,Crop Tops,CAVA Athleisure Pvt Ltd,51859971998012,XXL,WTP10CS03BKNYWHXXL,3115.00,False,Sold Out,0,https://cavaathleisure.com/products/techpique-cropped-polo-pack-of-3
https://cavaathleisure.com,10116506714428,Everyday Overlap Tees - Pack of 3,,CAVA Athleisure Pvt Ltd,51970926084412,XS,TPSET2BNBKPNXS,3058.00,False,Sold Out,0,https://cavaathleisure.com/products/everyday-overlap-tees-pack-of-3
https://cavaathleisure.com,10116506714428,Everyday Overlap Tees - Pack of 3,,CAVA Athleisure Pvt Ltd,51970926117180,S,TPSET2BNBKPNS,3058.00,False,Sold Out,0,https://cavaathleisure.com/products/everyday-overlap-tees-pack-of-3
https://cavaathleisure.com,10116506714428,Everyday Overlap Tees - Pack of 3,,CAVA Athleisure Pvt Ltd,51970926149948,M,TPSET2BNBKPNM,3058.00,False,Sold Out,0,https://cavaathleisure.com/products/everyday-overlap-tees-pack-of-3
https://cavaathleisure.com,10116506714428,Everyday Overlap Tees - Pack of 3,,CAVA Athleisure Pvt Ltd,51970926182716,L,TPSET2BNBKPNL,3058.00,False,Sold Out,0,https://cavaathleisure.com/products/everyday-overlap-tees-pack-of-3
https://cavaathleisure.com,10116506714428,Everyday Overlap Tees - Pack of 3,,CAVA Athleisure Pvt Ltd,51970926215484,XL,TPSET2BNBKPNXL,3058.00,False,Sold Out,0,https://cavaathleisure.com/products/everyday-overlap-tees-pack-of-3
https://cavaathleisure.com,10116506714428,Everyday Overlap Tees - Pack of 3,,CAVA Athleisure Pvt Ltd,51970926248252,XXL,TPSET2BNBKPNXXL,3058.00,False,Sold Out,0,https://cavaathleisure.com/products/everyday-overlap-tees-pack-of-3
https://cavaathleisure.com,10116508320060,Electric Overlap Tees - Pack of 2,,CAVA Athleisure Pvt Ltd,51970929197372,XS,WTP1SET2NYGRXS,2199.00,False,Sold Out,0,https://cavaathleisure.com/products/electric-overlap-tees-pack-of-2
https://cavaathleisure.com,10116508320060,Electric Overlap Tees - Pack of 2,,CAVA Athleisure Pvt Ltd,51970929230140,S,WTP1SET2NYGRS,2199.00,False,Sold Out,0,https://cavaathleisure.com/products/electric-overlap-tees-pack-of-2
https://cavaathleisure.com,10116508320060,Electric Overlap Tees - Pack of 2,,CAVA Athleisure Pvt Ltd,51970929262908,M,WTP1SET2NYGRM,2199.00,False,Sold Out,0,https://cavaathleisure.com/products/electric-overlap-tees-pack-of-2
https://cavaathleisure.com,10116508320060,Electric Overlap Tees - Pack of 2,,CAVA Athleisure Pvt Ltd,51970929295676,L,WTP1SET2NYGRL,2199.00,False,Sold Out,0,https://cavaathleisure.com/products/electric-overlap-tees-pack-of-2
https://cavaathleisure.com,10116508320060,Electric Overlap Tees - Pack of 2,,CAVA Athleisure Pvt Ltd,51970929328444,XL,WTP1SET2NYGRXL,2199.00,False,Sold Out,0,https://cavaathleisure.com/products/electric-overlap-tees-pack-of-2
https://cavaathleisure.com,10116508320060,Electric Overlap Tees - Pack of 2,,CAVA Athleisure Pvt Ltd,51970929361212,XXL,WTP1SET2NYGRXXL,2199.00,False,Sold Out,0,https://cavaathleisure.com/products/electric-overlap-tees-pack-of-2
https://cavaathleisure.com,10083438264636,Tank Us Later Cropped - Pack of 2,Crop Tops,CAVA Athleisure Pvt Ltd,51860022329660,XS,WTN10CS09BKWHXS,2468.00,False,Sold Out,0,https://cavaathleisure.com/products/tank-us-later-cropped-pack-of-2
https://cavaathleisure.com,10083438264636,Tank Us Later Cropped - Pack of 2,Crop Tops,CAVA Athleisure Pvt Ltd,51860022362428,S,WTN10CS09BKWHS,2468.00,False,Sold Out,0,https://cavaathleisure.com/products/tank-us-later-cropped-pack-of-2
https://cavaathleisure.com,10083438264636,Tank Us Later Cropped - Pack of 2,Crop Tops,CAVA Athleisure Pvt Ltd,51860022395196,M,WTN10CS09BKWHM,2468.00,False,Sold Out,0,https://cavaathleisure.com/products/tank-us-later-cropped-pack-of-2
https://cavaathleisure.com,10083438264636,Tank Us Later Cropped - Pack of 2,Crop Tops,CAVA Athleisure Pvt Ltd,51860022427964,L,WTN10CS09BKWHL,2468.00,False,Sold Out,0,https://cavaathleisure.com/products/tank-us-later-cropped-pack-of-2
https://cavaathleisure.com,10083438264636,Tank Us Later Cropped - Pack of 2,Crop Tops,CAVA Athleisure Pvt Ltd,51860022460732,XL,WTN10CS09BKWHXL,2468.00,False,Sold Out,0,https://cavaathleisure.com/products/tank-us-later-cropped-pack-of-2
https://cavaathleisure.com,10083438264636,Tank Us Later Cropped - Pack of 2,Crop Tops,CAVA Athleisure Pvt Ltd,51860022493500,XXL,WTN10CS09BKWHXXL,2468.00,False,Sold Out,0,https://cavaathleisure.com/products/tank-us-later-cropped-pack-of-2
https://cavaathleisure.com,10128487612732,Burgundy Sculpt Core Top,Women's Tops,CAVA Athleisure Pvt Ltd,52021457092924,XS,WTP901RDXS,799.00,False,Sold Out,0,https://cavaathleisure.com/products/burgundy-sculpt-core-top
https://cavaathleisure.com,10128487612732,Burgundy Sculpt Core Top,Women's Tops,CAVA Athleisure Pvt Ltd,52021457125692,S,WTP901RDS,799.00,True,Available,1,https://cavaathleisure.com/products/burgundy-sculpt-core-top
https://cavaathleisure.com,10128487612732,Burgundy Sculpt Core Top,Women's Tops,CAVA Athleisure Pvt Ltd,52021457158460,M,WTP901RDM,799.00,False,Sold Out,0,https://cavaathleisure.com/products/burgundy-sculpt-core-top
https://cavaathleisure.com,10128487612732,Burgundy Sculpt Core Top,Women's Tops,CAVA Athleisure Pvt Ltd,52021457191228,L,WTP901RDL,799.00,False,Sold Out,0,https://cavaathleisure.com/products/burgundy-sculpt-core-top
https://cavaathleisure.com,10128487612732,Burgundy Sculpt Core Top,Women's Tops,CAVA Athleisure Pvt Ltd,52021457223996,XL,WTP901RDXL,799.00,True,Available,1,https://cavaathleisure.com/products/burgundy-sculpt-core-top
https://cavaathleisure.com,10128487612732,Burgundy Sculpt Core Top,Women's Tops,CAVA Athleisure Pvt Ltd,52021457256764,XXL,WTP901RDXXL,799.00,False,Sold Out,0,https://cavaathleisure.com/products/burgundy-sculpt-core-top
https://cavaathleisure.com,10128486793532,Black Sculpt Core Top,Women's Tops,CAVA Athleisure Pvt Ltd,52021440184636,XS,WTP901BKXS,799.00,True,Available,1,https://cavaathleisure.com/products/black-sculpt-core-top
https://cavaathleisure.com,10128486793532,Black Sculpt Core Top,Women's Tops,CAVA Athleisure Pvt Ltd,52021440217404,S,WTP901BKS,799.00,False,Sold Out,0,https://cavaathleisure.com/products/black-sculpt-core-top
https://cavaathleisure.com,10128486793532,Black Sculpt Core Top,Women's Tops,CAVA Athleisure Pvt Ltd,52021440250172,M,WTP901BKM,799.00,True,Available,1,https://cavaathleisure.com/products/black-sculpt-core-top
https://cavaathleisure.com,10128486793532,Black Sculpt Core Top,Women's Tops,CAVA Athleisure Pvt Ltd,52021440282940,L,WTP901BKL,799.00,True,Available,1,https://cavaathleisure.com/products/black-sculpt-core-top
https://cavaathleisure.com,10128486793532,Black Sculpt Core Top,Women's Tops,CAVA Athleisure Pvt Ltd,52021440315708,XL,WTP901BKXL,799.00,True,Available,1,https://cavaathleisure.com/products/black-sculpt-core-top
https://cavaathleisure.com,10128486793532,Black Sculpt Core Top,Women's Tops,CAVA Athleisure Pvt Ltd,52021440348476,XXL,WTP901BKXXL,799.00,False,Sold Out,0,https://cavaathleisure.com/products/black-sculpt-core-top
https://cavaathleisure.com,10128491610428,Storm Blue Sculpt Core Top,Women's Tops,CAVA Athleisure Pvt Ltd,52021532983612,XS,WTP901SBLXS,799.00,False,Sold Out,0,https://cavaathleisure.com/products/storm-blue-sculpt-core-top
https://cavaathleisure.com,10128491610428,Storm Blue Sculpt Core Top,Women's Tops,CAVA Athleisure Pvt Ltd,52021533016380,S,WTP901SBLS,799.00,False,Sold Out,0,https://cavaathleisure.com/products/storm-blue-sculpt-core-top
https://cavaathleisure.com,10128491610428,Storm Blue Sculpt Core Top,Women's Tops,CAVA Athleisure Pvt Ltd,52021533049148,M,WTP901SBLM,799.00,False,Sold Out,0,https://cavaathleisure.com/products/storm-blue-sculpt-core-top
https://cavaathleisure.com,10128491610428,Storm Blue Sculpt Core Top,Women's Tops,CAVA Athleisure Pvt Ltd,52021533081916,L,WTP901SBLL,799.00,False,Sold Out,0,https://cavaathleisure.com/products/storm-blue-sculpt-core-top
https://cavaathleisure.com,10128491610428,Storm Blue Sculpt Core Top,Women's Tops,CAVA Athleisure Pvt Ltd,52021533114684,XL,WTP901SBLXL,799.00,False,Sold Out,0,https://cavaathleisure.com/products/storm-blue-sculpt-core-top
https://cavaathleisure.com,10128491610428,Storm Blue Sculpt Core Top,Women's Tops,CAVA Athleisure Pvt Ltd,52021533147452,XXL,WTP901SBLXXL,799.00,False,Sold Out,0,https://cavaathleisure.com/products/storm-blue-sculpt-core-top
https://cavaathleisure.com,10128493314364,Storm Blue Sculpt V-Neck Top,Women's Tops,CAVA Athleisure Pvt Ltd,52021549564220,XS,WTP904SBLXS,879.00,False,Sold Out,0,https://cavaathleisure.com/products/storm-blue-sculpt-v-neck-top
https://cavaathleisure.com,10128493314364,Storm Blue Sculpt V-Neck Top,Women's Tops,CAVA Athleisure Pvt Ltd,52021549596988,S,WTP904SBLS,879.00,False,Sold Out,0,https://cavaathleisure.com/products/storm-blue-sculpt-v-neck-top
https://cavaathleisure.com,10128493314364,Storm Blue Sculpt V-Neck Top,Women's Tops,CAVA Athleisure Pvt Ltd,52021549629756,M,WTP904SBLM,879.00,False,Sold Out,0,https://cavaathleisure.com/products/storm-blue-sculpt-v-neck-top
https://cavaathleisure.com,10128493314364,Storm Blue Sculpt V-Neck Top,Women's Tops,CAVA Athleisure Pvt Ltd,52021549662524,L,WTP904SBLL,879.00,False,Sold Out,0,https://cavaathleisure.com/products/storm-blue-sculpt-v-neck-top
https://cavaathleisure.com,10128493314364,Storm Blue Sculpt V-Neck Top,Women's Tops,CAVA Athleisure Pvt Ltd,52021549695292,XL,WTP904SBLXL,879.00,False,Sold Out,0,https://cavaathleisure.com/products/storm-blue-sculpt-v-neck-top
https://cavaathleisure.com,10128493314364,Storm Blue Sculpt V-Neck Top,Women's Tops,CAVA Athleisure Pvt Ltd,52021549728060,XXL,WTP904SBLXXL,879.00,False,Sold Out,0,https://cavaathleisure.com/products/storm-blue-sculpt-v-neck-top
https://cavaathleisure.com,10128487940412,Ice Blue Sculpt Core Top,Women's Tops,CAVA Athleisure Pvt Ltd,52021459747132,XS,WTP901BLXS,799.00,True,Available,1,https://cavaathleisure.com/products/ice-blue-sculpt-core-top
https://cavaathleisure.com,10128487940412,Ice Blue Sculpt Core Top,Women's Tops,CAVA Athleisure Pvt Ltd,52021459779900,S,WTP901BLS,799.00,True,Available,1,https://cavaathleisure.com/products/ice-blue-sculpt-core-top
https://cavaathleisure.com,10128487940412,Ice Blue Sculpt Core Top,Women's Tops,CAVA Athleisure Pvt Ltd,52021459812668,M,WTP901BLM,799.00,True,Available,1,https://cavaathleisure.com/products/ice-blue-sculpt-core-top
https://cavaathleisure.com,10128487940412,Ice Blue Sculpt Core Top,Women's Tops,CAVA Athleisure Pvt Ltd,52021459845436,L,WTP901BLL,799.00,False,Sold Out,0,https://cavaathleisure.com/products/ice-blue-sculpt-core-top
https://cavaathleisure.com,10128487940412,Ice Blue Sculpt Core Top,Women's Tops,CAVA Athleisure Pvt Ltd,52021459878204,XL,WTP901BLXL,799.00,False,Sold Out,0,https://cavaathleisure.com/products/ice-blue-sculpt-core-top
https://cavaathleisure.com,10128487940412,Ice Blue Sculpt Core Top,Women's Tops,CAVA Athleisure Pvt Ltd,52021459910972,XXL,WTP901BLXXL,799.00,True,Available,1,https://cavaathleisure.com/products/ice-blue-sculpt-core-top
https://cavaathleisure.com,10128493871420,Navy Sculpt V-Neck Top,Women's Tops,CAVA Athleisure Pvt Ltd,52021557002556,XS,WTP904NYXS,879.00,False,Sold Out,0,https://cavaathleisure.com/products/navy-sculpt-v-neck-top
https://cavaathleisure.com,10128493871420,Navy Sculpt V-Neck Top,Women's Tops,CAVA Athleisure Pvt Ltd,52021557035324,S,WTP904NYS,879.00,False,Sold Out,0,https://cavaathleisure.com/products/navy-sculpt-v-neck-top
https://cavaathleisure.com,10128493871420,Navy Sculpt V-Neck Top,Women's Tops,CAVA Athleisure Pvt Ltd,52021557068092,M,WTP904NYM,879.00,False,Sold Out,0,https://cavaathleisure.com/products/navy-sculpt-v-neck-top
https://cavaathleisure.com,10128493871420,Navy Sculpt V-Neck Top,Women's Tops,CAVA Athleisure Pvt Ltd,52021557100860,L,WTP904NYL,879.00,False,Sold Out,0,https://cavaathleisure.com/products/navy-sculpt-v-neck-top
https://cavaathleisure.com,10128493871420,Navy Sculpt V-Neck Top,Women's Tops,CAVA Athleisure Pvt Ltd,52021557133628,XL,WTP904NYXL,879.00,False,Sold Out,0,https://cavaathleisure.com/products/navy-sculpt-v-neck-top
https://cavaathleisure.com,10128493871420,Navy Sculpt V-Neck Top,Women's Tops,CAVA Athleisure Pvt Ltd,52021557166396,XXL,WTP904NYXXL,879.00,False,Sold Out,0,https://cavaathleisure.com/products/navy-sculpt-v-neck-top
https://cavaathleisure.com,10128490234172,White Sculpt Core Top,Women's Tops,CAVA Athleisure Pvt Ltd,52021507653948,XS,WTP901WHXS,799.00,True,Available,1,https://cavaathleisure.com/products/white-sculpt-core-top
https://cavaathleisure.com,10128490234172,White Sculpt Core Top,Women's Tops,CAVA Athleisure Pvt Ltd,52021507686716,S,WTP901WHS,799.00,True,Available,1,https://cavaathleisure.com/products/white-sculpt-core-top
https://cavaathleisure.com,10128490234172,White Sculpt Core Top,Women's Tops,CAVA Athleisure Pvt Ltd,52021507719484,M,WTP901WHM,799.00,True,Available,1,https://cavaathleisure.com/products/white-sculpt-core-top
https://cavaathleisure.com,10128490234172,White Sculpt Core Top,Women's Tops,CAVA Athleisure Pvt Ltd,52021507752252,L,WTP901WHL,799.00,True,Available,1,https://cavaathleisure.com/products/white-sculpt-core-top
https://cavaathleisure.com,10128490234172,White Sculpt Core Top,Women's Tops,CAVA Athleisure Pvt Ltd,52021507785020,XL,WTP901WHXL,799.00,False,Sold Out,0,https://cavaathleisure.com/products/white-sculpt-core-top
https://cavaathleisure.com,10128490234172,White Sculpt Core Top,Women's Tops,CAVA Athleisure Pvt Ltd,52021507817788,XXL,WTP901WHXXL,799.00,False,Sold Out,0,https://cavaathleisure.com/products/white-sculpt-core-top
https://cavaathleisure.com,10132240335164,Ice Blue Sculpt Crew Top,Women's Tops,CAVA Athleisure Pvt Ltd,52040897593660,XS,WTP902BLXS,899.00,False,Sold Out,0,https://cavaathleisure.com/products/ice-blue-sculpt-crew-top
https://cavaathleisure.com,10132240335164,Ice Blue Sculpt Crew Top,Women's Tops,CAVA Athleisure Pvt Ltd,52040897626428,S,WTP902BLS,899.00,False,Sold Out,0,https://cavaathleisure.com/products/ice-blue-sculpt-crew-top
https://cavaathleisure.com,10132240335164,Ice Blue Sculpt Crew Top,Women's Tops,CAVA Athleisure Pvt Ltd,52040897659196,M,WTP902BLM,899.00,False,Sold Out,0,https://cavaathleisure.com/products/ice-blue-sculpt-crew-top
https://cavaathleisure.com,10132240335164,Ice Blue Sculpt Crew Top,Women's Tops,CAVA Athleisure Pvt Ltd,52040897691964,L,WTP902BLL,899.00,False,Sold Out,0,https://cavaathleisure.com/products/ice-blue-sculpt-crew-top
https://cavaathleisure.com,10132240335164,Ice Blue Sculpt Crew Top,Women's Tops,CAVA Athleisure Pvt Ltd,52040897724732,XL,WTP902BLXL,899.00,False,Sold Out,0,https://cavaathleisure.com/products/ice-blue-sculpt-crew-top
https://cavaathleisure.com,10132240335164,Ice Blue Sculpt Crew Top,Women's Tops,CAVA Athleisure Pvt Ltd,52040897757500,XXL,WTP902BLXXL,899.00,False,Sold Out,0,https://cavaathleisure.com/products/ice-blue-sculpt-crew-top
https://cavaathleisure.com,10132231881020,Black Sculpt Crew Top,Women's Tops,CAVA Athleisure Pvt Ltd,52040881537340,XS,WTP902BKXS,899.00,False,Sold Out,0,https://cavaathleisure.com/products/black-sculpt-crew-top
https://cavaathleisure.com,10132231881020,Black Sculpt Crew Top,Women's Tops,CAVA Athleisure Pvt Ltd,52040881570108,S,WTP902BKS,899.00,True,Available,1,https://cavaathleisure.com/products/black-sculpt-crew-top
https://cavaathleisure.com,10132231881020,Black Sculpt Crew Top,Women's Tops,CAVA Athleisure Pvt Ltd,52040881602876,M,WTP902BKM,899.00,False,Sold Out,0,https://cavaathleisure.com/products/black-sculpt-crew-top
https://cavaathleisure.com,10132231881020,Black Sculpt Crew Top,Women's Tops,CAVA Athleisure Pvt Ltd,52040881635644,L,WTP902BKL,899.00,False,Sold Out,0,https://cavaathleisure.com/products/black-sculpt-crew-top
https://cavaathleisure.com,10132231881020,Black Sculpt Crew Top,Women's Tops,CAVA Athleisure Pvt Ltd,52040881668412,XL,WTP902BKXL,899.00,False,Sold Out,0,https://cavaathleisure.com/products/black-sculpt-crew-top
https://cavaathleisure.com,10132231881020,Black Sculpt Crew Top,Women's Tops,CAVA Athleisure Pvt Ltd,52040881701180,XXL,WTP902BKXXL,899.00,False,Sold Out,0,https://cavaathleisure.com/products/black-sculpt-crew-top
https://cavaathleisure.com,10132237353276,Burgundy Sculpt Crew Top,Women's Tops,CAVA Athleisure Pvt Ltd,52040891334972,XS,WTP902RDXS,899.00,False,Sold Out,0,https://cavaathleisure.com/products/burgundy-sculpt-crew-top
https://cavaathleisure.com,10132237353276,Burgundy Sculpt Crew Top,Women's Tops,CAVA Athleisure Pvt Ltd,52040891367740,S,WTP902RDS,899.00,False,Sold Out,0,https://cavaathleisure.com/products/burgundy-sculpt-crew-top
https://cavaathleisure.com,10132237353276,Burgundy Sculpt Crew Top,Women's Tops,CAVA Athleisure Pvt Ltd,52040891400508,M,WTP902RDM,899.00,True,Available,1,https://cavaathleisure.com/products/burgundy-sculpt-crew-top
https://cavaathleisure.com,10132237353276,Burgundy Sculpt Crew Top,Women's Tops,CAVA Athleisure Pvt Ltd,52040891433276,L,WTP902RDL,899.00,True,Available,1,https://cavaathleisure.com/products/burgundy-sculpt-crew-top
https://cavaathleisure.com,10132237353276,Burgundy Sculpt Crew Top,Women's Tops,CAVA Athleisure Pvt Ltd,52040891466044,XL,WTP902RDXL,899.00,False,Sold Out,0,https://cavaathleisure.com/products/burgundy-sculpt-crew-top
https://cavaathleisure.com,10132237353276,Burgundy Sculpt Crew Top,Women's Tops,CAVA Athleisure Pvt Ltd,52040891498812,XXL,WTP902RDXXL,899.00,False,Sold Out,0,https://cavaathleisure.com/products/burgundy-sculpt-crew-top
https://cavaathleisure.com,10132247576892,Storm Blue Sculpt Crew Top,Women's Tops,CAVA Athleisure Pvt Ltd,52040911749436,XS,WTP902SBLXS,899.00,False,Sold Out,0,https://cavaathleisure.com/products/storm-blue-sculpt-crew-top
https://cavaathleisure.com,10132247576892,Storm Blue Sculpt Crew Top,Women's Tops,CAVA Athleisure Pvt Ltd,52040911782204,S,WTP902SBLS,899.00,False,Sold Out,0,https://cavaathleisure.com/products/storm-blue-sculpt-crew-top
https://cavaathleisure.com,10132247576892,Storm Blue Sculpt Crew Top,Women's Tops,CAVA Athleisure Pvt Ltd,52040911814972,M,WTP902SBLM,899.00,False,Sold Out,0,https://cavaathleisure.com/products/storm-blue-sculpt-crew-top
https://cavaathleisure.com,10132247576892,Storm Blue Sculpt Crew Top,Women's Tops,CAVA Athleisure Pvt Ltd,52040911847740,L,WTP902SBLL,899.00,False,Sold Out,0,https://cavaathleisure.com/products/storm-blue-sculpt-crew-top
https://cavaathleisure.com,10132247576892,Storm Blue Sculpt Crew Top,Women's Tops,CAVA Athleisure Pvt Ltd,52040911880508,XL,WTP902SBLXL,899.00,False,Sold Out,0,https://cavaathleisure.com/products/storm-blue-sculpt-crew-top
https://cavaathleisure.com,10132247576892,Storm Blue Sculpt Crew Top,Women's Tops,CAVA Athleisure Pvt Ltd,52040911913276,XXL,WTP902SBLXXL,899.00,False,Sold Out,0,https://cavaathleisure.com/products/storm-blue-sculpt-crew-top
https://cavaathleisure.com,10132225261884,Brown Sculpt V-Neck Top,Women's Tops,CAVA Athleisure Pvt Ltd,52040864563516,XS,WTP904BNXS,879.00,True,Available,1,https://cavaathleisure.com/products/brown-sculpt-v-neck-top
https://cavaathleisure.com,10132225261884,Brown Sculpt V-Neck Top,Women's Tops,CAVA Athleisure Pvt Ltd,52040864596284,S,WTP904BNS,879.00,True,Available,1,https://cavaathleisure.com/products/brown-sculpt-v-neck-top
https://cavaathleisure.com,10132225261884,Brown Sculpt V-Neck Top,Women's Tops,CAVA Athleisure Pvt Ltd,52040864629052,M,WTP904BNM,879.00,True,Available,1,https://cavaathleisure.com/products/brown-sculpt-v-neck-top
https://cavaathleisure.com,10132225261884,Brown Sculpt V-Neck Top,Women's Tops,CAVA Athleisure Pvt Ltd,52040864661820,L,WTP904BNL,879.00,True,Available,1,https://cavaathleisure.com/products/brown-sculpt-v-neck-top
https://cavaathleisure.com,10132225261884,Brown Sculpt V-Neck Top,Women's Tops,CAVA Athleisure Pvt Ltd,52040864694588,XL,WTP904BNXL,879.00,False,Sold Out,0,https://cavaathleisure.com/products/brown-sculpt-v-neck-top
https://cavaathleisure.com,10132225261884,Brown Sculpt V-Neck Top,Women's Tops,CAVA Athleisure Pvt Ltd,52040864727356,XXL,WTP904BNXXL,879.00,False,Sold Out,0,https://cavaathleisure.com/products/brown-sculpt-v-neck-top
https://cavaathleisure.com,10132256227644,Black Sculpt Scoop Top,Women's Tops,CAVA Athleisure Pvt Ltd,52040928067900,XS,WTP903BKXS,899.00,False,Sold Out,0,https://cavaathleisure.com/products/black-sculpt-scoop-top
https://cavaathleisure.com,10132256227644,Black Sculpt Scoop Top,Women's Tops,CAVA Athleisure Pvt Ltd,52040928100668,S,WTP903BKS,899.00,True,Available,1,https://cavaathleisure.com/products/black-sculpt-scoop-top
https://cavaathleisure.com,10132256227644,Black Sculpt Scoop Top,Women's Tops,CAVA Athleisure Pvt Ltd,52040928133436,M,WTP903BKM,899.00,False,Sold Out,0,https://cavaathleisure.com/products/black-sculpt-scoop-top
https://cavaathleisure.com,10132256227644,Black Sculpt Scoop Top,Women's Tops,CAVA Athleisure Pvt Ltd,52040928166204,L,WTP903BKL,899.00,False,Sold Out,0,https://cavaathleisure.com/products/black-sculpt-scoop-top
https://cavaathleisure.com,10132256227644,Black Sculpt Scoop Top,Women's Tops,CAVA Athleisure Pvt Ltd,52040928198972,XL,WTP903BKXL,899.00,False,Sold Out,0,https://cavaathleisure.com/products/black-sculpt-scoop-top
https://cavaathleisure.com,10132256227644,Black Sculpt Scoop Top,Women's Tops,CAVA Athleisure Pvt Ltd,52040928231740,XXL,WTP903BKXXL,899.00,False,Sold Out,0,https://cavaathleisure.com/products/black-sculpt-scoop-top
https://cavaathleisure.com,10132566868284,Burgundy Sculpt Scoop Top,Women's Tops,CAVA Athleisure Pvt Ltd,52041437643068,XS,WTP903RDXS,899.00,False,Sold Out,0,https://cavaathleisure.com/products/burgundy-sculpt-scoop-top
https://cavaathleisure.com,10132566868284,Burgundy Sculpt Scoop Top,Women's Tops,CAVA Athleisure Pvt Ltd,52041437675836,S,WTP903RDS,899.00,True,Available,1,https://cavaathleisure.com/products/burgundy-sculpt-scoop-top
https://cavaathleisure.com,10132566868284,Burgundy Sculpt Scoop Top,Women's Tops,CAVA Athleisure Pvt Ltd,52041437708604,M,WTP903RDM,899.00,False,Sold Out,0,https://cavaathleisure.com/products/burgundy-sculpt-scoop-top
https://cavaathleisure.com,10132566868284,Burgundy Sculpt Scoop Top,Women's Tops,CAVA Athleisure Pvt Ltd,52041437741372,L,WTP903RDL,899.00,False,Sold Out,0,https://cavaathleisure.com/products/burgundy-sculpt-scoop-top
https://cavaathleisure.com,10132566868284,Burgundy Sculpt Scoop Top,Women's Tops,CAVA Athleisure Pvt Ltd,52041437774140,XL,WTP903RDXL,899.00,False,Sold Out,0,https://cavaathleisure.com/products/burgundy-sculpt-scoop-top
https://cavaathleisure.com,10132566868284,Burgundy Sculpt Scoop Top,Women's Tops,CAVA Athleisure Pvt Ltd,52041437806908,XXL,WTP903RDXXL,899.00,False,Sold Out,0,https://cavaathleisure.com/products/burgundy-sculpt-scoop-top
https://cavaathleisure.com,10132253835580,Hot Pink Sculpt Crew Top,Women's Tops,CAVA Athleisure Pvt Ltd,52040923283772,XS,WTP902PNXS,899.00,True,Available,1,https://cavaathleisure.com/products/hot-pink-sculpt-crew-top
https://cavaathleisure.com,10132253835580,Hot Pink Sculpt Crew Top,Women's Tops,CAVA Athleisure Pvt Ltd,52040923316540,S,WTP902PNS,899.00,True,Available,1,https://cavaathleisure.com/products/hot-pink-sculpt-crew-top
https://cavaathleisure.com,10132253835580,Hot Pink Sculpt Crew Top,Women's Tops,CAVA Athleisure Pvt Ltd,52040923349308,M,WTP902PNM,899.00,True,Available,1,https://cavaathleisure.com/products/hot-pink-sculpt-crew-top
https://cavaathleisure.com,10132253835580,Hot Pink Sculpt Crew Top,Women's Tops,CAVA Athleisure Pvt Ltd,52040923382076,L,WTP902PNL,899.00,True,Available,1,https://cavaathleisure.com/products/hot-pink-sculpt-crew-top
https://cavaathleisure.com,10132253835580,Hot Pink Sculpt Crew Top,Women's Tops,CAVA Athleisure Pvt Ltd,52040923414844,XL,WTP902PNXL,899.00,False,Sold Out,0,https://cavaathleisure.com/products/hot-pink-sculpt-crew-top
https://cavaathleisure.com,10132253835580,Hot Pink Sculpt Crew Top,Women's Tops,CAVA Athleisure Pvt Ltd,52040923447612,XXL,WTP902PNXXL,899.00,True,Available,1,https://cavaathleisure.com/products/hot-pink-sculpt-crew-top
https://cavaathleisure.com,10132243054908,White Sculpt Crew Top,Women's Tops,CAVA Athleisure Pvt Ltd,52040903393596,XS,WTP902WHXS,899.00,True,Available,1,https://cavaathleisure.com/products/white-sculpt-crew-top
https://cavaathleisure.com,10132243054908,White Sculpt Crew Top,Women's Tops,CAVA Athleisure Pvt Ltd,52040903426364,S,WTP902WHS,899.00,True,Available,1,https://cavaathleisure.com/products/white-sculpt-crew-top
https://cavaathleisure.com,10132243054908,White Sculpt Crew Top,Women's Tops,CAVA Athleisure Pvt Ltd,52040903459132,M,WTP902WHM,899.00,True,Available,1,https://cavaathleisure.com/products/white-sculpt-crew-top
https://cavaathleisure.com,10132243054908,White Sculpt Crew Top,Women's Tops,CAVA Athleisure Pvt Ltd,52040903491900,L,WTP902WHL,899.00,True,Available,1,https://cavaathleisure.com/products/white-sculpt-crew-top
https://cavaathleisure.com,10132243054908,White Sculpt Crew Top,Women's Tops,CAVA Athleisure Pvt Ltd,52040903524668,XL,WTP902WHXL,899.00,True,Available,1,https://cavaathleisure.com/products/white-sculpt-crew-top
https://cavaathleisure.com,10132243054908,White Sculpt Crew Top,Women's Tops,CAVA Athleisure Pvt Ltd,52040903557436,XXL,WTP902WHXXL,899.00,True,Available,1,https://cavaathleisure.com/products/white-sculpt-crew-top
https://cavaathleisure.com,10132728611132,Navy Sculpt Core Leggings,Leggings,CAVA Athleisure Pvt Ltd,52041855336764,XS,WLG902NYXS,1199.00,True,Available,1,https://cavaathleisure.com/products/navy-sculpt-core-leggings
https://cavaathleisure.com,10132728611132,Navy Sculpt Core Leggings,Leggings,CAVA Athleisure Pvt Ltd,52041855369532,S,WLG902NYS,1199.00,True,Available,1,https://cavaathleisure.com/products/navy-sculpt-core-leggings
https://cavaathleisure.com,10132728611132,Navy Sculpt Core Leggings,Leggings,CAVA Athleisure Pvt Ltd,52041855402300,M,WLG902NYM,1199.00,False,Sold Out,0,https://cavaathleisure.com/products/navy-sculpt-core-leggings
https://cavaathleisure.com,10132728611132,Navy Sculpt Core Leggings,Leggings,CAVA Athleisure Pvt Ltd,52041855435068,L,WLG902NYL,1199.00,False,Sold Out,0,https://cavaathleisure.com/products/navy-sculpt-core-leggings
https://cavaathleisure.com,10132728611132,Navy Sculpt Core Leggings,Leggings,CAVA Athleisure Pvt Ltd,52041855467836,XL,WLG902NYXL,1199.00,False,Sold Out,0,https://cavaathleisure.com/products/navy-sculpt-core-leggings
https://cavaathleisure.com,10132728611132,Navy Sculpt Core Leggings,Leggings,CAVA Athleisure Pvt Ltd,52041855500604,XXL,WLG902NYXXL,1199.00,False,Sold Out,0,https://cavaathleisure.com/products/navy-sculpt-core-leggings
https://cavaathleisure.com,10132722123068,Black Sculpt Core Leggings,Leggings,CAVA Athleisure Pvt Ltd,52041841901884,XS,WLG902BKXS,1199.00,True,Available,1,https://cavaathleisure.com/products/black-sculpt-core-leggings
https://cavaathleisure.com,10132722123068,Black Sculpt Core Leggings,Leggings,CAVA Athleisure Pvt Ltd,52041841934652,S,WLG902BKS,1199.00,True,Available,1,https://cavaathleisure.com/products/black-sculpt-core-leggings
https://cavaathleisure.com,10132722123068,Black Sculpt Core Leggings,Leggings,CAVA Athleisure Pvt Ltd,52041841967420,M,WLG902BKM,1199.00,True,Available,1,https://cavaathleisure.com/products/black-sculpt-core-leggings
https://cavaathleisure.com,10132722123068,Black Sculpt Core Leggings,Leggings,CAVA Athleisure Pvt Ltd,52041842000188,L,WLG902BKL,1199.00,True,Available,1,https://cavaathleisure.com/products/black-sculpt-core-leggings
https://cavaathleisure.com,10132722123068,Black Sculpt Core Leggings,Leggings,CAVA Athleisure Pvt Ltd,52041842032956,XL,WLG902BKXL,1199.00,True,Available,1,https://cavaathleisure.com/products/black-sculpt-core-leggings
https://cavaathleisure.com,10132722123068,Black Sculpt Core Leggings,Leggings,CAVA Athleisure Pvt Ltd,52041842065724,XXL,WLG902BKXXL,1199.00,True,Available,1,https://cavaathleisure.com/products/black-sculpt-core-leggings
https://cavaathleisure.com,10132725596476,Brown Sculpt Core Leggings,Leggings,CAVA Athleisure Pvt Ltd,52041849372988,XS,WLG902BNXS,1199.00,True,Available,1,https://cavaathleisure.com/products/brown-sculpt-core-leggings
https://cavaathleisure.com,10132725596476,Brown Sculpt Core Leggings,Leggings,CAVA Athleisure Pvt Ltd,52041849405756,S,WLG902BNS,1199.00,True,Available,1,https://cavaathleisure.com/products/brown-sculpt-core-leggings
https://cavaathleisure.com,10132725596476,Brown Sculpt Core Leggings,Leggings,CAVA Athleisure Pvt Ltd,52041849438524,M,WLG902BNM,1199.00,True,Available,1,https://cavaathleisure.com/products/brown-sculpt-core-leggings
https://cavaathleisure.com,10132725596476,Brown Sculpt Core Leggings,Leggings,CAVA Athleisure Pvt Ltd,52041849471292,L,WLG902BNL,1199.00,True,Available,1,https://cavaathleisure.com/products/brown-sculpt-core-leggings
https://cavaathleisure.com,10132725596476,Brown Sculpt Core Leggings,Leggings,CAVA Athleisure Pvt Ltd,52041849504060,XL,WLG902BNXL,1199.00,True,Available,1,https://cavaathleisure.com/products/brown-sculpt-core-leggings
https://cavaathleisure.com,10132725596476,Brown Sculpt Core Leggings,Leggings,CAVA Athleisure Pvt Ltd,52041849536828,XXL,WLG902BNXXL,1199.00,True,Available,1,https://cavaathleisure.com/products/brown-sculpt-core-leggings
https://cavaathleisure.com,10132735230268,Ice Blue Sculpt Core Leggings,Leggings,CAVA Athleisure Pvt Ltd,52041869689148,XS,WLG902BLXS,1199.00,True,Available,1,https://cavaathleisure.com/products/ice-blue-sculpt-core-leggings
https://cavaathleisure.com,10132735230268,Ice Blue Sculpt Core Leggings,Leggings,CAVA Athleisure Pvt Ltd,52041869721916,S,WLG902BLS,1199.00,True,Available,1,https://cavaathleisure.com/products/ice-blue-sculpt-core-leggings
https://cavaathleisure.com,10132735230268,Ice Blue Sculpt Core Leggings,Leggings,CAVA Athleisure Pvt Ltd,52041869754684,M,WLG902BLM,1199.00,True,Available,1,https://cavaathleisure.com/products/ice-blue-sculpt-core-leggings
https://cavaathleisure.com,10132735230268,Ice Blue Sculpt Core Leggings,Leggings,CAVA Athleisure Pvt Ltd,52041869787452,L,WLG902BLL,1199.00,True,Available,1,https://cavaathleisure.com/products/ice-blue-sculpt-core-leggings
https://cavaathleisure.com,10132735230268,Ice Blue Sculpt Core Leggings,Leggings,CAVA Athleisure Pvt Ltd,52041869820220,XL,WLG902BLXL,1199.00,False,Sold Out,0,https://cavaathleisure.com/products/ice-blue-sculpt-core-leggings
https://cavaathleisure.com,10132735230268,Ice Blue Sculpt Core Leggings,Leggings,CAVA Athleisure Pvt Ltd,52041869852988,XXL,WLG902BLXXL,1199.00,False,Sold Out,0,https://cavaathleisure.com/products/ice-blue-sculpt-core-leggings
https://cavaathleisure.com,10132730741052,Burgundy Sculpt Core Leggings,Leggings,CAVA Athleisure Pvt Ltd,52041860448572,XS,WLG902RDXS,1199.00,True,Available,1,https://cavaathleisure.com/products/burgundy-sculpt-core-leggings
https://cavaathleisure.com,10132730741052,Burgundy Sculpt Core Leggings,Leggings,CAVA Athleisure Pvt Ltd,52041860481340,S,WLG902RDS,1199.00,True,Available,1,https://cavaathleisure.com/products/burgundy-sculpt-core-leggings
https://cavaathleisure.com,10132730741052,Burgundy Sculpt Core Leggings,Leggings,CAVA Athleisure Pvt Ltd,52041860514108,M,WLG902RDM,1199.00,True,Available,1,https://cavaathleisure.com/products/burgundy-sculpt-core-leggings
https://cavaathleisure.com,10132730741052,Burgundy Sculpt Core Leggings,Leggings,CAVA Athleisure Pvt Ltd,52041860546876,L,WLG902RDL,1199.00,True,Available,1,https://cavaathleisure.com/products/burgundy-sculpt-core-leggings
https://cavaathleisure.com,10132730741052,Burgundy Sculpt Core Leggings,Leggings,CAVA Athleisure Pvt Ltd,52041860579644,XL,WLG902RDXL,1199.00,True,Available,1,https://cavaathleisure.com/products/burgundy-sculpt-core-leggings
https://cavaathleisure.com,10132730741052,Burgundy Sculpt Core Leggings,Leggings,CAVA Athleisure Pvt Ltd,52041860612412,XXL,WLG902RDXXL,1199.00,True,Available,1,https://cavaathleisure.com/products/burgundy-sculpt-core-leggings
https://cavaathleisure.com,10132737098044,Hot Pink Sculpt Core Leggings,Leggings,CAVA Athleisure Pvt Ltd,52041873391932,XS,WLG902PNXS,1199.00,True,Available,1,https://cavaathleisure.com/products/hot-pink-sculpt-core-leggings
https://cavaathleisure.com,10132737098044,Hot Pink Sculpt Core Leggings,Leggings,CAVA Athleisure Pvt Ltd,52041873424700,S,WLG902PNS,1199.00,True,Available,1,https://cavaathleisure.com/products/hot-pink-sculpt-core-leggings
https://cavaathleisure.com,10132737098044,Hot Pink Sculpt Core Leggings,Leggings,CAVA Athleisure Pvt Ltd,52041873457468,M,WLG902PNM,1199.00,True,Available,1,https://cavaathleisure.com/products/hot-pink-sculpt-core-leggings
https://cavaathleisure.com,10132737098044,Hot Pink Sculpt Core Leggings,Leggings,CAVA Athleisure Pvt Ltd,52041873490236,L,WLG902PNL,1199.00,True,Available,1,https://cavaathleisure.com/products/hot-pink-sculpt-core-leggings
https://cavaathleisure.com,10132737098044,Hot Pink Sculpt Core Leggings,Leggings,CAVA Athleisure Pvt Ltd,52041873523004,XL,WLG902PNXL,1199.00,True,Available,1,https://cavaathleisure.com/products/hot-pink-sculpt-core-leggings
https://cavaathleisure.com,10132737098044,Hot Pink Sculpt Core Leggings,Leggings,CAVA Athleisure Pvt Ltd,52041873555772,XXL,WLG902PNXXL,1199.00,True,Available,1,https://cavaathleisure.com/products/hot-pink-sculpt-core-leggings
https://cavaathleisure.com,10132756037948,Navy Petite Sculpt Bootcut Leggings,Flare Pants,CAVA Athleisure Pvt Ltd,52041911107900,XS,WFP901NYXS,800.00,False,Sold Out,0,https://cavaathleisure.com/products/navy-sculpt-bootcut-leggings
https://cavaathleisure.com,10132756037948,Navy Petite Sculpt Bootcut Leggings,Flare Pants,CAVA Athleisure Pvt Ltd,52041911140668,S,WFP901NYS,800.00,False,Sold Out,0,https://cavaathleisure.com/products/navy-sculpt-bootcut-leggings
https://cavaathleisure.com,10132756037948,Navy Petite Sculpt Bootcut Leggings,Flare Pants,CAVA Athleisure Pvt Ltd,52041911173436,M,WFP901NYM,800.00,False,Sold Out,0,https://cavaathleisure.com/products/navy-sculpt-bootcut-leggings
https://cavaathleisure.com,10132756037948,Navy Petite Sculpt Bootcut Leggings,Flare Pants,CAVA Athleisure Pvt Ltd,52041911206204,L,WFP901NYL,800.00,False,Sold Out,0,https://cavaathleisure.com/products/navy-sculpt-bootcut-leggings
https://cavaathleisure.com,10132756037948,Navy Petite Sculpt Bootcut Leggings,Flare Pants,CAVA Athleisure Pvt Ltd,52041911238972,XL,WFP901NYXL,800.00,False,Sold Out,0,https://cavaathleisure.com/products/navy-sculpt-bootcut-leggings
https://cavaathleisure.com,10132756037948,Navy Petite Sculpt Bootcut Leggings,Flare Pants,CAVA Athleisure Pvt Ltd,52041911271740,XXL,WFP901NYXXL,800.00,False,Sold Out,0,https://cavaathleisure.com/products/navy-sculpt-bootcut-leggings
https://cavaathleisure.com,10132738769212,Storm Blue Sculpt Core Leggings,Leggings,CAVA Athleisure Pvt Ltd,52041876963644,XS,WLG902SBLXS,1199.00,True,Available,1,https://cavaathleisure.com/products/storm-blue-sculpt-core-leggings
https://cavaathleisure.com,10132738769212,Storm Blue Sculpt Core Leggings,Leggings,CAVA Athleisure Pvt Ltd,52041876996412,S,WLG902SBLS,1199.00,True,Available,1,https://cavaathleisure.com/products/storm-blue-sculpt-core-leggings
https://cavaathleisure.com,10132738769212,Storm Blue Sculpt Core Leggings,Leggings,CAVA Athleisure Pvt Ltd,52041877029180,M,WLG902SBLM,1199.00,True,Available,1,https://cavaathleisure.com/products/storm-blue-sculpt-core-leggings
https://cavaathleisure.com,10132738769212,Storm Blue Sculpt Core Leggings,Leggings,CAVA Athleisure Pvt Ltd,52041877061948,L,WLG902SBLL,1199.00,True,Available,1,https://cavaathleisure.com/products/storm-blue-sculpt-core-leggings
https://cavaathleisure.com,10132738769212,Storm Blue Sculpt Core Leggings,Leggings,CAVA Athleisure Pvt Ltd,52041877094716,XL,WLG902SBLXL,1199.00,True,Available,1,https://cavaathleisure.com/products/storm-blue-sculpt-core-leggings
https://cavaathleisure.com,10132738769212,Storm Blue Sculpt Core Leggings,Leggings,CAVA Athleisure Pvt Ltd,52041877127484,XXL,WLG902SBLXXL,1199.00,True,Available,1,https://cavaathleisure.com/products/storm-blue-sculpt-core-leggings
https://cavaathleisure.com,10132763083068,Burgundy Petite Sculpt Bootcut Leggings,Flare Pants,CAVA Athleisure Pvt Ltd,52041925132604,XS,WFP901RDXS,1299.00,True,Available,1,https://cavaathleisure.com/products/burgundy-sculpt-bootcut-leggings
https://cavaathleisure.com,10132763083068,Burgundy Petite Sculpt Bootcut Leggings,Flare Pants,CAVA Athleisure Pvt Ltd,52041925165372,S,WFP901RDS,1299.00,True,Available,1,https://cavaathleisure.com/products/burgundy-sculpt-bootcut-leggings
https://cavaathleisure.com,10132763083068,Burgundy Petite Sculpt Bootcut Leggings,Flare Pants,CAVA Athleisure Pvt Ltd,52041925198140,M,WFP901RDM,1299.00,True,Available,1,https://cavaathleisure.com/products/burgundy-sculpt-bootcut-leggings
https://cavaathleisure.com,10132763083068,Burgundy Petite Sculpt Bootcut Leggings,Flare Pants,CAVA Athleisure Pvt Ltd,52041925230908,L,WFP901RDL,1299.00,True,Available,1,https://cavaathleisure.com/products/burgundy-sculpt-bootcut-leggings
https://cavaathleisure.com,10132763083068,Burgundy Petite Sculpt Bootcut Leggings,Flare Pants,CAVA Athleisure Pvt Ltd,52041925263676,XL,WFP901RDXL,1299.00,True,Available,1,https://cavaathleisure.com/products/burgundy-sculpt-bootcut-leggings
https://cavaathleisure.com,10132763083068,Burgundy Petite Sculpt Bootcut Leggings,Flare Pants,CAVA Athleisure Pvt Ltd,52041925296444,XXL,WFP901RDXXL,1299.00,True,Available,1,https://cavaathleisure.com/products/burgundy-sculpt-bootcut-leggings
https://cavaathleisure.com,10132750893372,Brown Sculpt Bootcut Leggings,Flare Pants,CAVA Athleisure Pvt Ltd,52041900622140,XS,WFP901BNXS,1299.00,True,Available,1,https://cavaathleisure.com/products/brown-sculpt-bootcut-leggings
https://cavaathleisure.com,10132750893372,Brown Sculpt Bootcut Leggings,Flare Pants,CAVA Athleisure Pvt Ltd,52577153843516,XS,WFP01T9BNXS,1299.00,True,Available,1,https://cavaathleisure.com/products/brown-sculpt-bootcut-leggings
https://cavaathleisure.com,10132750893372,Brown Sculpt Bootcut Leggings,Flare Pants,CAVA Athleisure Pvt Ltd,52041900654908,S,WFP901BNS,1299.00,True,Available,1,https://cavaathleisure.com/products/brown-sculpt-bootcut-leggings
https://cavaathleisure.com,10132750893372,Brown Sculpt Bootcut Leggings,Flare Pants,CAVA Athleisure Pvt Ltd,52577153876284,S,WFP01T9BNS,1299.00,True,Available,1,https://cavaathleisure.com/products/brown-sculpt-bootcut-leggings
https://cavaathleisure.com,10132750893372,Brown Sculpt Bootcut Leggings,Flare Pants,CAVA Athleisure Pvt Ltd,52041900687676,M,WFP901BNM,1299.00,True,Available,1,https://cavaathleisure.com/products/brown-sculpt-bootcut-leggings
https://cavaathleisure.com,10132750893372,Brown Sculpt Bootcut Leggings,Flare Pants,CAVA Athleisure Pvt Ltd,52577153909052,M,WFP01T9BNM,1299.00,True,Available,1,https://cavaathleisure.com/products/brown-sculpt-bootcut-leggings
https://cavaathleisure.com,10132750893372,Brown Sculpt Bootcut Leggings,Flare Pants,CAVA Athleisure Pvt Ltd,52041900720444,L,WFP901BNL,1299.00,True,Available,1,https://cavaathleisure.com/products/brown-sculpt-bootcut-leggings
https://cavaathleisure.com,10132750893372,Brown Sculpt Bootcut Leggings,Flare Pants,CAVA Athleisure Pvt Ltd,52577153941820,L,WFP01T9BNL,1299.00,True,Available,1,https://cavaathleisure.com/products/brown-sculpt-bootcut-leggings
https://cavaathleisure.com,10132750893372,Brown Sculpt Bootcut Leggings,Flare Pants,CAVA Athleisure Pvt Ltd,52041900753212,XL,WFP901BNXL,1299.00,False,Sold Out,0,https://cavaathleisure.com/products/brown-sculpt-bootcut-leggings
https://cavaathleisure.com,10132750893372,Brown Sculpt Bootcut Leggings,Flare Pants,CAVA Athleisure Pvt Ltd,52577153974588,XL,WFP01T9BNXL,1299.00,True,Available,1,https://cavaathleisure.com/products/brown-sculpt-bootcut-leggings
https://cavaathleisure.com,10132750893372,Brown Sculpt Bootcut Leggings,Flare Pants,CAVA Athleisure Pvt Ltd,52041900785980,XXL,WFP901BNXXL,1299.00,False,Sold Out,0,https://cavaathleisure.com/products/brown-sculpt-bootcut-leggings
https://cavaathleisure.com,10132750893372,Brown Sculpt Bootcut Leggings,Flare Pants,CAVA Athleisure Pvt Ltd,52577154007356,XXL,WFP01T9BNXXL,1299.00,True,Available,1,https://cavaathleisure.com/products/brown-sculpt-bootcut-leggings
https://cavaathleisure.com,10132747813180,Black Sculpt Bootcut Leggings,Flare Pants,CAVA Athleisure Pvt Ltd,52041894396220,XS,WFP901BKXS,1299.00,True,Available,1,https://cavaathleisure.com/products/black-sculpt-bootcut-leggings
https://cavaathleisure.com,10132747813180,Black Sculpt Bootcut Leggings,Flare Pants,CAVA Athleisure Pvt Ltd,52577169146172,XS,WFP01T9BKXS,1299.00,True,Available,1,https://cavaathleisure.com/products/black-sculpt-bootcut-leggings
https://cavaathleisure.com,10132747813180,Black Sculpt Bootcut Leggings,Flare Pants,CAVA Athleisure Pvt Ltd,52041894428988,S,WFP901BKS,1299.00,True,Available,1,https://cavaathleisure.com/products/black-sculpt-bootcut-leggings
https://cavaathleisure.com,10132747813180,Black Sculpt Bootcut Leggings,Flare Pants,CAVA Athleisure Pvt Ltd,52577169178940,S,WFP01T9BKS,1299.00,True,Available,1,https://cavaathleisure.com/products/black-sculpt-bootcut-leggings
https://cavaathleisure.com,10132747813180,Black Sculpt Bootcut Leggings,Flare Pants,CAVA Athleisure Pvt Ltd,52041894461756,M,WFP901BKM,1299.00,True,Available,1,https://cavaathleisure.com/products/black-sculpt-bootcut-leggings
https://cavaathleisure.com,10132747813180,Black Sculpt Bootcut Leggings,Flare Pants,CAVA Athleisure Pvt Ltd,52577169211708,M,WFP01T9BKM,1299.00,True,Available,1,https://cavaathleisure.com/products/black-sculpt-bootcut-leggings
https://cavaathleisure.com,10132747813180,Black Sculpt Bootcut Leggings,Flare Pants,CAVA Athleisure Pvt Ltd,52041894494524,L,WFP901BKL,1299.00,True,Available,1,https://cavaathleisure.com/products/black-sculpt-bootcut-leggings
https://cavaathleisure.com,10132747813180,Black Sculpt Bootcut Leggings,Flare Pants,CAVA Athleisure Pvt Ltd,52577169244476,L,WFP01T9BKL,1299.00,True,Available,1,https://cavaathleisure.com/products/black-sculpt-bootcut-leggings
https://cavaathleisure.com,10132747813180,Black Sculpt Bootcut Leggings,Flare Pants,CAVA Athleisure Pvt Ltd,52041894527292,XL,WFP901BKXL,1299.00,True,Available,1,https://cavaathleisure.com/products/black-sculpt-bootcut-leggings
https://cavaathleisure.com,10132747813180,Black Sculpt Bootcut Leggings,Flare Pants,CAVA Athleisure Pvt Ltd,52577169277244,XL,WFP01T9BKXL,1299.00,True,Available,1,https://cavaathleisure.com/products/black-sculpt-bootcut-leggings
https://cavaathleisure.com,10132747813180,Black Sculpt Bootcut Leggings,Flare Pants,CAVA Athleisure Pvt Ltd,52041894560060,XXL,WFP901BKXXL,1299.00,False,Sold Out,0,https://cavaathleisure.com/products/black-sculpt-bootcut-leggings
https://cavaathleisure.com,10132747813180,Black Sculpt Bootcut Leggings,Flare Pants,CAVA Athleisure Pvt Ltd,52577169310012,XXL,WFP01T9BKXXL,1299.00,True,Available,1,https://cavaathleisure.com/products/black-sculpt-bootcut-leggings
https://cavaathleisure.com,10132779368764,Ice Blue Petite Sculpt Bootcut Leggings,Flare Pants,CAVA Athleisure Pvt Ltd,52041968025916,XS,WFP901BLXS,1299.00,True,Available,1,https://cavaathleisure.com/products/ice-blue-sculpt-bootcut-leggings
https://cavaathleisure.com,10132779368764,Ice Blue Petite Sculpt Bootcut Leggings,Flare Pants,CAVA Athleisure Pvt Ltd,52041968058684,S,WFP901BLS,1299.00,True,Available,1,https://cavaathleisure.com/products/ice-blue-sculpt-bootcut-leggings
https://cavaathleisure.com,10132779368764,Ice Blue Petite Sculpt Bootcut Leggings,Flare Pants,CAVA Athleisure Pvt Ltd,52041968091452,M,WFP901BLM,1299.00,True,Available,1,https://cavaathleisure.com/products/ice-blue-sculpt-bootcut-leggings
https://cavaathleisure.com,10132779368764,Ice Blue Petite Sculpt Bootcut Leggings,Flare Pants,CAVA Athleisure Pvt Ltd,52041968124220,L,WFP901BLL,1299.00,True,Available,1,https://cavaathleisure.com/products/ice-blue-sculpt-bootcut-leggings
https://cavaathleisure.com,10132779368764,Ice Blue Petite Sculpt Bootcut Leggings,Flare Pants,CAVA Athleisure Pvt Ltd,52041968156988,XL,WFP901BLXL,1299.00,True,Available,1,https://cavaathleisure.com/products/ice-blue-sculpt-bootcut-leggings
https://cavaathleisure.com,10132779368764,Ice Blue Petite Sculpt Bootcut Leggings,Flare Pants,CAVA Athleisure Pvt Ltd,52041968189756,XXL,WFP901BLXXL,1299.00,True,Available,1,https://cavaathleisure.com/products/ice-blue-sculpt-bootcut-leggings
https://cavaathleisure.com,10132921483580,Black Sculpt V-Neck Top,Women's Tops,CAVA Athleisure Pvt Ltd,52042234822972,XS,WTP904BKXS,899.00,True,Available,1,https://cavaathleisure.com/products/black-sculpt-v-neck-top
https://cavaathleisure.com,10132921483580,Black Sculpt V-Neck Top,Women's Tops,CAVA Athleisure Pvt Ltd,52042234855740,S,WTP904BKS,899.00,True,Available,1,https://cavaathleisure.com/products/black-sculpt-v-neck-top
https://cavaathleisure.com,10132921483580,Black Sculpt V-Neck Top,Women's Tops,CAVA Athleisure Pvt Ltd,52042234888508,M,WTP904BKM,899.00,False,Sold Out,0,https://cavaathleisure.com/products/black-sculpt-v-neck-top
https://cavaathleisure.com,10132921483580,Black Sculpt V-Neck Top,Women's Tops,CAVA Athleisure Pvt Ltd,52042234921276,L,WTP904BKL,899.00,False,Sold Out,0,https://cavaathleisure.com/products/black-sculpt-v-neck-top
https://cavaathleisure.com,10132921483580,Black Sculpt V-Neck Top,Women's Tops,CAVA Athleisure Pvt Ltd,52042234954044,XL,WTP904BKXL,899.00,False,Sold Out,0,https://cavaathleisure.com/products/black-sculpt-v-neck-top
https://cavaathleisure.com,10132921483580,Black Sculpt V-Neck Top,Women's Tops,CAVA Athleisure Pvt Ltd,52042234986812,XXL,WTP904BKXXL,899.00,False,Sold Out,0,https://cavaathleisure.com/products/black-sculpt-v-neck-top
https://cavaathleisure.com,10132785692988,Storm Blue Sculpt Bootcut Leggings,Flare Pants,CAVA Athleisure Pvt Ltd,52041981624636,XS,WFP901SBLXS,1299.00,False,Sold Out,0,https://cavaathleisure.com/products/storm-blue-sculpt-bootcut-leggings
https://cavaathleisure.com,10132785692988,Storm Blue Sculpt Bootcut Leggings,Flare Pants,CAVA Athleisure Pvt Ltd,52577136410940,XS,WFP01T9SBLXS,1299.00,False,Sold Out,0,https://cavaathleisure.com/products/storm-blue-sculpt-bootcut-leggings
https://cavaathleisure.com,10132785692988,Storm Blue Sculpt Bootcut Leggings,Flare Pants,CAVA Athleisure Pvt Ltd,52041981657404,S,WFP901SBLS,1299.00,True,Available,1,https://cavaathleisure.com/products/storm-blue-sculpt-bootcut-leggings
https://cavaathleisure.com,10132785692988,Storm Blue Sculpt Bootcut Leggings,Flare Pants,CAVA Athleisure Pvt Ltd,52577136443708,S,WFP01T9SBLS,1299.00,True,Available,1,https://cavaathleisure.com/products/storm-blue-sculpt-bootcut-leggings
https://cavaathleisure.com,10132785692988,Storm Blue Sculpt Bootcut Leggings,Flare Pants,CAVA Athleisure Pvt Ltd,52041981690172,M,WFP901SBLM,1299.00,False,Sold Out,0,https://cavaathleisure.com/products/storm-blue-sculpt-bootcut-leggings
https://cavaathleisure.com,10132785692988,Storm Blue Sculpt Bootcut Leggings,Flare Pants,CAVA Athleisure Pvt Ltd,52577136476476,M,WFP01T9SBLM,1299.00,True,Available,1,https://cavaathleisure.com/products/storm-blue-sculpt-bootcut-leggings
https://cavaathleisure.com,10132785692988,Storm Blue Sculpt Bootcut Leggings,Flare Pants,CAVA Athleisure Pvt Ltd,52041981722940,L,WFP901SBLL,1299.00,False,Sold Out,0,https://cavaathleisure.com/products/storm-blue-sculpt-bootcut-leggings
https://cavaathleisure.com,10132785692988,Storm Blue Sculpt Bootcut Leggings,Flare Pants,CAVA Athleisure Pvt Ltd,52577136509244,L,WFP01T9SBLL,1299.00,True,Available,1,https://cavaathleisure.com/products/storm-blue-sculpt-bootcut-leggings
https://cavaathleisure.com,10132785692988,Storm Blue Sculpt Bootcut Leggings,Flare Pants,CAVA Athleisure Pvt Ltd,52041981755708,XL,WFP901SBLXL,1299.00,False,Sold Out,0,https://cavaathleisure.com/products/storm-blue-sculpt-bootcut-leggings
https://cavaathleisure.com,10132785692988,Storm Blue Sculpt Bootcut Leggings,Flare Pants,CAVA Athleisure Pvt Ltd,52577136542012,XL,WFP01T9SBLXL,1299.00,True,Available,1,https://cavaathleisure.com/products/storm-blue-sculpt-bootcut-leggings
https://cavaathleisure.com,10132785692988,Storm Blue Sculpt Bootcut Leggings,Flare Pants,CAVA Athleisure Pvt Ltd,52041981788476,XXL,WFP901SBLXXL,1299.00,False,Sold Out,0,https://cavaathleisure.com/products/storm-blue-sculpt-bootcut-leggings
https://cavaathleisure.com,10132785692988,Storm Blue Sculpt Bootcut Leggings,Flare Pants,CAVA Athleisure Pvt Ltd,52577136574780,XXL,WFP01T9SBLXXL,1299.00,False,Sold Out,0,https://cavaathleisure.com/products/storm-blue-sculpt-bootcut-leggings
https://cavaathleisure.com,10132934525244,Navy Sculpt Scoop Top,Women's Tops,CAVA Athleisure Pvt Ltd,52042258350396,XS,WTP903NYXS,899.00,False,Sold Out,0,https://cavaathleisure.com/products/navy-sculpt-scoop-top
https://cavaathleisure.com,10132934525244,Navy Sculpt Scoop Top,Women's Tops,CAVA Athleisure Pvt Ltd,52042258383164,S,WTP903NYS,899.00,False,Sold Out,0,https://cavaathleisure.com/products/navy-sculpt-scoop-top
https://cavaathleisure.com,10132934525244,Navy Sculpt Scoop Top,Women's Tops,CAVA Athleisure Pvt Ltd,52042258415932,M,WTP903NYM,899.00,False,Sold Out,0,https://cavaathleisure.com/products/navy-sculpt-scoop-top
https://cavaathleisure.com,10132934525244,Navy Sculpt Scoop Top,Women's Tops,CAVA Athleisure Pvt Ltd,52042258448700,L,WTP903NYL,899.00,False,Sold Out,0,https://cavaathleisure.com/products/navy-sculpt-scoop-top
https://cavaathleisure.com,10132934525244,Navy Sculpt Scoop Top,Women's Tops,CAVA Athleisure Pvt Ltd,52042258481468,XL,WTP903NYXL,899.00,False,Sold Out,0,https://cavaathleisure.com/products/navy-sculpt-scoop-top
https://cavaathleisure.com,10132934525244,Navy Sculpt Scoop Top,Women's Tops,CAVA Athleisure Pvt Ltd,52042258514236,XXL,WTP903NYXXL,899.00,False,Sold Out,0,https://cavaathleisure.com/products/navy-sculpt-scoop-top
https://cavaathleisure.com,10132925022524,Burgundy Sculpt V-Neck Top,Women's Tops,CAVA Athleisure Pvt Ltd,52042244030780,XS,WTP904RDXS,899.00,True,Available,1,https://cavaathleisure.com/products/burgundy-sculpt-v-neck-top
https://cavaathleisure.com,10132925022524,Burgundy Sculpt V-Neck Top,Women's Tops,CAVA Athleisure Pvt Ltd,52042244063548,S,WTP904RDS,899.00,True,Available,1,https://cavaathleisure.com/products/burgundy-sculpt-v-neck-top
https://cavaathleisure.com,10132925022524,Burgundy Sculpt V-Neck Top,Women's Tops,CAVA Athleisure Pvt Ltd,52042244096316,M,WTP904RDM,899.00,True,Available,1,https://cavaathleisure.com/products/burgundy-sculpt-v-neck-top
https://cavaathleisure.com,10132925022524,Burgundy Sculpt V-Neck Top,Women's Tops,CAVA Athleisure Pvt Ltd,52042244129084,L,WTP904RDL,899.00,True,Available,1,https://cavaathleisure.com/products/burgundy-sculpt-v-neck-top
https://cavaathleisure.com,10132925022524,Burgundy Sculpt V-Neck Top,Women's Tops,CAVA Athleisure Pvt Ltd,52042244161852,XL,WTP904RDXL,899.00,True,Available,1,https://cavaathleisure.com/products/burgundy-sculpt-v-neck-top
https://cavaathleisure.com,10132925022524,Burgundy Sculpt V-Neck Top,Women's Tops,CAVA Athleisure Pvt Ltd,52042244194620,XXL,WTP904RDXXL,899.00,True,Available,1,https://cavaathleisure.com/products/burgundy-sculpt-v-neck-top
https://cavaathleisure.com,10132940063036,Brown Sculpt Scoop Top,Women's Tops,CAVA Athleisure Pvt Ltd,52042267001148,XS,WTP903BNXS,899.00,False,Sold Out,0,https://cavaathleisure.com/products/brown-sculpt-scoop-top
https://cavaathleisure.com,10132940063036,Brown Sculpt Scoop Top,Women's Tops,CAVA Athleisure Pvt Ltd,52042267033916,S,WTP903BNS,899.00,False,Sold Out,0,https://cavaathleisure.com/products/brown-sculpt-scoop-top
https://cavaathleisure.com,10132940063036,Brown Sculpt Scoop Top,Women's Tops,CAVA Athleisure Pvt Ltd,52042267066684,M,WTP903BNM,899.00,False,Sold Out,0,https://cavaathleisure.com/products/brown-sculpt-scoop-top
https://cavaathleisure.com,10132940063036,Brown Sculpt Scoop Top,Women's Tops,CAVA Athleisure Pvt Ltd,52042267099452,L,WTP903BNL,899.00,False,Sold Out,0,https://cavaathleisure.com/products/brown-sculpt-scoop-top
https://cavaathleisure.com,10132940063036,Brown Sculpt Scoop Top,Women's Tops,CAVA Athleisure Pvt Ltd,52042267132220,XL,WTP903BNXL,899.00,False,Sold Out,0,https://cavaathleisure.com/products/brown-sculpt-scoop-top
https://cavaathleisure.com,10132940063036,Brown Sculpt Scoop Top,Women's Tops,CAVA Athleisure Pvt Ltd,52042267164988,XXL,WTP903BNXXL,899.00,False,Sold Out,0,https://cavaathleisure.com/products/brown-sculpt-scoop-top
https://cavaathleisure.com,10132941996348,Storm Blue Sculpt Scoop Top,Women's Tops,CAVA Athleisure Pvt Ltd,52042269098300,XS,WTP903SBLXS,899.00,False,Sold Out,0,https://cavaathleisure.com/products/storm-blue-sculpt-scoop-top
https://cavaathleisure.com,10132941996348,Storm Blue Sculpt Scoop Top,Women's Tops,CAVA Athleisure Pvt Ltd,52042269131068,S,WTP903SBLS,899.00,False,Sold Out,0,https://cavaathleisure.com/products/storm-blue-sculpt-scoop-top
https://cavaathleisure.com,10132941996348,Storm Blue Sculpt Scoop Top,Women's Tops,CAVA Athleisure Pvt Ltd,52042269163836,M,WTP903SBLM,899.00,False,Sold Out,0,https://cavaathleisure.com/products/storm-blue-sculpt-scoop-top
https://cavaathleisure.com,10132941996348,Storm Blue Sculpt Scoop Top,Women's Tops,CAVA Athleisure Pvt Ltd,52042269196604,L,WTP903SBLL,899.00,False,Sold Out,0,https://cavaathleisure.com/products/storm-blue-sculpt-scoop-top
https://cavaathleisure.com,10132941996348,Storm Blue Sculpt Scoop Top,Women's Tops,CAVA Athleisure Pvt Ltd,52042269229372,XL,WTP903SBLXL,899.00,False,Sold Out,0,https://cavaathleisure.com/products/storm-blue-sculpt-scoop-top
https://cavaathleisure.com,10132941996348,Storm Blue Sculpt Scoop Top,Women's Tops,CAVA Athleisure Pvt Ltd,52042269262140,XXL,WTP903SBLXXL,899.00,False,Sold Out,0,https://cavaathleisure.com/products/storm-blue-sculpt-scoop-top
https://cavaathleisure.com,10132928627004,White Sculpt V-Neck Top,Women's Tops,CAVA Athleisure Pvt Ltd,52042250846524,XS,WTP904WHXS,899.00,True,Available,1,https://cavaathleisure.com/products/white-sculpt-v-neck-top
https://cavaathleisure.com,10132928627004,White Sculpt V-Neck Top,Women's Tops,CAVA Athleisure Pvt Ltd,52042250879292,S,WTP904WHS,899.00,True,Available,1,https://cavaathleisure.com/products/white-sculpt-v-neck-top
https://cavaathleisure.com,10132928627004,White Sculpt V-Neck Top,Women's Tops,CAVA Athleisure Pvt Ltd,52042250912060,M,WTP904WHM,899.00,True,Available,1,https://cavaathleisure.com/products/white-sculpt-v-neck-top
https://cavaathleisure.com,10132928627004,White Sculpt V-Neck Top,Women's Tops,CAVA Athleisure Pvt Ltd,52042250944828,L,WTP904WHL,899.00,True,Available,1,https://cavaathleisure.com/products/white-sculpt-v-neck-top
https://cavaathleisure.com,10132928627004,White Sculpt V-Neck Top,Women's Tops,CAVA Athleisure Pvt Ltd,52042250977596,XL,WTP904WHXL,899.00,True,Available,1,https://cavaathleisure.com/products/white-sculpt-v-neck-top
https://cavaathleisure.com,10132928627004,White Sculpt V-Neck Top,Women's Tops,CAVA Athleisure Pvt Ltd,52042251010364,XXL,WTP904WHXXL,899.00,True,Available,1,https://cavaathleisure.com/products/white-sculpt-v-neck-top
https://cavaathleisure.com,10132937179452,White Sculpt Scoop Top,Women's Tops,CAVA Athleisure Pvt Ltd,52042263265596,XS,WTP903WHXS,899.00,True,Available,1,https://cavaathleisure.com/products/white-sculpt-scoop-top
https://cavaathleisure.com,10132937179452,White Sculpt Scoop Top,Women's Tops,CAVA Athleisure Pvt Ltd,52042263298364,S,WTP903WHS,899.00,True,Available,1,https://cavaathleisure.com/products/white-sculpt-scoop-top
https://cavaathleisure.com,10132937179452,White Sculpt Scoop Top,Women's Tops,CAVA Athleisure Pvt Ltd,52042263331132,M,WTP903WHM,899.00,True,Available,1,https://cavaathleisure.com/products/white-sculpt-scoop-top
https://cavaathleisure.com,10132937179452,White Sculpt Scoop Top,Women's Tops,CAVA Athleisure Pvt Ltd,52042263363900,L,WTP903WHL,899.00,False,Sold Out,0,https://cavaathleisure.com/products/white-sculpt-scoop-top
https://cavaathleisure.com,10132937179452,White Sculpt Scoop Top,Women's Tops,CAVA Athleisure Pvt Ltd,52042263396668,XL,WTP903WHXL,899.00,True,Available,1,https://cavaathleisure.com/products/white-sculpt-scoop-top
https://cavaathleisure.com,10132937179452,White Sculpt Scoop Top,Women's Tops,CAVA Athleisure Pvt Ltd,52042263429436,XXL,WTP903WHXXL,899.00,False,Sold Out,0,https://cavaathleisure.com/products/white-sculpt-scoop-top
https://cavaathleisure.com,10132783792444,Hot Pink Sculpt Bootcut Leggings,Flare Pants,CAVA Athleisure Pvt Ltd,52041977692476,XS,WFP901PNXS,1299.00,True,Available,1,https://cavaathleisure.com/products/hot-pink-sculpt-bootcut-leggings
https://cavaathleisure.com,10132783792444,Hot Pink Sculpt Bootcut Leggings,Flare Pants,CAVA Athleisure Pvt Ltd,52577149124924,XS,WFP01T9PNXS,1299.00,True,Available,1,https://cavaathleisure.com/products/hot-pink-sculpt-bootcut-leggings
https://cavaathleisure.com,10132783792444,Hot Pink Sculpt Bootcut Leggings,Flare Pants,CAVA Athleisure Pvt Ltd,52041977725244,S,WFP901PNS,1299.00,True,Available,1,https://cavaathleisure.com/products/hot-pink-sculpt-bootcut-leggings
https://cavaathleisure.com,10132783792444,Hot Pink Sculpt Bootcut Leggings,Flare Pants,CAVA Athleisure Pvt Ltd,52577149157692,S,WFP01T9PNS,1299.00,True,Available,1,https://cavaathleisure.com/products/hot-pink-sculpt-bootcut-leggings
https://cavaathleisure.com,10132783792444,Hot Pink Sculpt Bootcut Leggings,Flare Pants,CAVA Athleisure Pvt Ltd,52041977758012,M,WFP901PNM,1299.00,True,Available,1,https://cavaathleisure.com/products/hot-pink-sculpt-bootcut-leggings
https://cavaathleisure.com,10132783792444,Hot Pink Sculpt Bootcut Leggings,Flare Pants,CAVA Athleisure Pvt Ltd,52577149190460,M,WFP01T9PNM,1299.00,True,Available,1,https://cavaathleisure.com/products/hot-pink-sculpt-bootcut-leggings
https://cavaathleisure.com,10132783792444,Hot Pink Sculpt Bootcut Leggings,Flare Pants,CAVA Athleisure Pvt Ltd,52041977790780,L,WFP901PNL,1299.00,True,Available,1,https://cavaathleisure.com/products/hot-pink-sculpt-bootcut-leggings
https://cavaathleisure.com,10132783792444,Hot Pink Sculpt Bootcut Leggings,Flare Pants,CAVA Athleisure Pvt Ltd,52577149223228,L,WFP01T9PNL,1299.00,True,Available,1,https://cavaathleisure.com/products/hot-pink-sculpt-bootcut-leggings
https://cavaathleisure.com,10132783792444,Hot Pink Sculpt Bootcut Leggings,Flare Pants,CAVA Athleisure Pvt Ltd,52041977823548,XL,WFP901PNXL,1299.00,True,Available,1,https://cavaathleisure.com/products/hot-pink-sculpt-bootcut-leggings
https://cavaathleisure.com,10132783792444,Hot Pink Sculpt Bootcut Leggings,Flare Pants,CAVA Athleisure Pvt Ltd,52577149255996,XL,WFP01T9PNXL,1299.00,True,Available,1,https://cavaathleisure.com/products/hot-pink-sculpt-bootcut-leggings
https://cavaathleisure.com,10132783792444,Hot Pink Sculpt Bootcut Leggings,Flare Pants,CAVA Athleisure Pvt Ltd,52041977856316,XXL,WFP901PNXXL,1299.00,True,Available,1,https://cavaathleisure.com/products/hot-pink-sculpt-bootcut-leggings
https://cavaathleisure.com,10132783792444,Hot Pink Sculpt Bootcut Leggings,Flare Pants,CAVA Athleisure Pvt Ltd,52577149288764,XXL,WFP01T9PNXXL,1299.00,True,Available,1,https://cavaathleisure.com/products/hot-pink-sculpt-bootcut-leggings
https://cavaathleisure.com,10132957593916,Black Sculpt Capri,Leggings,CAVA Athleisure Pvt Ltd,52042288038204,XS,WLG903BKXS,999.00,False,Sold Out,0,https://cavaathleisure.com/products/black-sculpt-capri
https://cavaathleisure.com,10132957593916,Black Sculpt Capri,Leggings,CAVA Athleisure Pvt Ltd,52042288070972,S,WLG903BKS,999.00,True,Available,1,https://cavaathleisure.com/products/black-sculpt-capri
https://cavaathleisure.com,10132957593916,Black Sculpt Capri,Leggings,CAVA Athleisure Pvt Ltd,52042288103740,M,WLG903BKM,999.00,False,Sold Out,0,https://cavaathleisure.com/products/black-sculpt-capri
https://cavaathleisure.com,10132957593916,Black Sculpt Capri,Leggings,CAVA Athleisure Pvt Ltd,52042288136508,L,WLG903BKL,999.00,False,Sold Out,0,https://cavaathleisure.com/products/black-sculpt-capri
https://cavaathleisure.com,10132957593916,Black Sculpt Capri,Leggings,CAVA Athleisure Pvt Ltd,52042288169276,XL,WLG903BKXL,999.00,False,Sold Out,0,https://cavaathleisure.com/products/black-sculpt-capri
https://cavaathleisure.com,10132957593916,Black Sculpt Capri,Leggings,CAVA Athleisure Pvt Ltd,52042288202044,XXL,WLG903BKXXL,999.00,False,Sold Out,0,https://cavaathleisure.com/products/black-sculpt-capri
https://cavaathleisure.com,10132946092348,Ice Blue Sculpt Booty Shorts,Women's Shorts,CAVA Athleisure Pvt Ltd,52042275062076,XS,WSH904BLXS,999.00,True,Available,1,https://cavaathleisure.com/products/ice-blue-sculpt-booty-shorts
https://cavaathleisure.com,10132946092348,Ice Blue Sculpt Booty Shorts,Women's Shorts,CAVA Athleisure Pvt Ltd,52042275094844,S,WSH904BLS,999.00,True,Available,1,https://cavaathleisure.com/products/ice-blue-sculpt-booty-shorts
https://cavaathleisure.com,10132946092348,Ice Blue Sculpt Booty Shorts,Women's Shorts,CAVA Athleisure Pvt Ltd,52042275127612,M,WSH904BLM,999.00,True,Available,1,https://cavaathleisure.com/products/ice-blue-sculpt-booty-shorts
https://cavaathleisure.com,10132946092348,Ice Blue Sculpt Booty Shorts,Women's Shorts,CAVA Athleisure Pvt Ltd,52042275160380,L,WSH904BLL,999.00,True,Available,1,https://cavaathleisure.com/products/ice-blue-sculpt-booty-shorts
https://cavaathleisure.com,10132946092348,Ice Blue Sculpt Booty Shorts,Women's Shorts,CAVA Athleisure Pvt Ltd,52042275193148,XL,WSH904BLXL,999.00,False,Sold Out,0,https://cavaathleisure.com/products/ice-blue-sculpt-booty-shorts
https://cavaathleisure.com,10132946092348,Ice Blue Sculpt Booty Shorts,Women's Shorts,CAVA Athleisure Pvt Ltd,52042275225916,XXL,WSH904BLXXL,999.00,False,Sold Out,0,https://cavaathleisure.com/products/ice-blue-sculpt-booty-shorts
https://cavaathleisure.com,10132960117052,Navy Sculpt Capri,Leggings,CAVA Athleisure Pvt Ltd,52042290987324,XS,WLG903NYXS,999.00,False,Sold Out,0,https://cavaathleisure.com/products/navy-sculpt-capri
https://cavaathleisure.com,10132960117052,Navy Sculpt Capri,Leggings,CAVA Athleisure Pvt Ltd,52042291020092,S,WLG903NYS,999.00,True,Available,1,https://cavaathleisure.com/products/navy-sculpt-capri
https://cavaathleisure.com,10132960117052,Navy Sculpt Capri,Leggings,CAVA Athleisure Pvt Ltd,52042291052860,M,WLG903NYM,999.00,False,Sold Out,0,https://cavaathleisure.com/products/navy-sculpt-capri
https://cavaathleisure.com,10132960117052,Navy Sculpt Capri,Leggings,CAVA Athleisure Pvt Ltd,52042291085628,L,WLG903NYL,999.00,False,Sold Out,0,https://cavaathleisure.com/products/navy-sculpt-capri
https://cavaathleisure.com,10132960117052,Navy Sculpt Capri,Leggings,CAVA Athleisure Pvt Ltd,52042291118396,XL,WLG903NYXL,999.00,False,Sold Out,0,https://cavaathleisure.com/products/navy-sculpt-capri
https://cavaathleisure.com,10132960117052,Navy Sculpt Capri,Leggings,CAVA Athleisure Pvt Ltd,52042291151164,XXL,WLG903NYXXL,999.00,False,Sold Out,0,https://cavaathleisure.com/products/navy-sculpt-capri
https://cavaathleisure.com,10142076404028,Basic Supima Polo T-shirt - Pack of 2,Men's T-shirts,CAVA Athleisure Pvt Ltd,52089216368956,S,MTS5CS103BKBGS,2039.00,True,Available,1,https://cavaathleisure.com/products/basic-supima-polo-t-shirt-pack-of-2
https://cavaathleisure.com,10142076404028,Basic Supima Polo T-shirt - Pack of 2,Men's T-shirts,CAVA Athleisure Pvt Ltd,52089216401724,M,MTS5CS103BKBGM,2039.00,False,Sold Out,0,https://cavaathleisure.com/products/basic-supima-polo-t-shirt-pack-of-2
https://cavaathleisure.com,10142076404028,Basic Supima Polo T-shirt - Pack of 2,Men's T-shirts,CAVA Athleisure Pvt Ltd,52089216434492,L,MTS5CS103BKBGL,2039.00,False,Sold Out,0,https://cavaathleisure.com/products/basic-supima-polo-t-shirt-pack-of-2
https://cavaathleisure.com,10142076404028,Basic Supima Polo T-shirt - Pack of 2,Men's T-shirts,CAVA Athleisure Pvt Ltd,52089216467260,XL,MTS5CS103BKBGXL,2039.00,False,Sold Out,0,https://cavaathleisure.com/products/basic-supima-polo-t-shirt-pack-of-2
https://cavaathleisure.com,10142076404028,Basic Supima Polo T-shirt - Pack of 2,Men's T-shirts,CAVA Athleisure Pvt Ltd,52089216500028,XXL,MTS5CS103BKBGXXL,2039.00,False,Sold Out,0,https://cavaathleisure.com/products/basic-supima-polo-t-shirt-pack-of-2
https://cavaathleisure.com,10132948713788,Hot Pink Sculpt Booty Shorts,Women's Shorts,CAVA Athleisure Pvt Ltd,52042277912892,XS,WSH904PNXS,999.00,True,Available,1,https://cavaathleisure.com/products/hot-pink-sculpt-booty-shorts
https://cavaathleisure.com,10132948713788,Hot Pink Sculpt Booty Shorts,Women's Shorts,CAVA Athleisure Pvt Ltd,52042277945660,S,WSH904PNS,999.00,True,Available,1,https://cavaathleisure.com/products/hot-pink-sculpt-booty-shorts
https://cavaathleisure.com,10132948713788,Hot Pink Sculpt Booty Shorts,Women's Shorts,CAVA Athleisure Pvt Ltd,52042277978428,M,WSH904PNM,999.00,True,Available,1,https://cavaathleisure.com/products/hot-pink-sculpt-booty-shorts
https://cavaathleisure.com,10132948713788,Hot Pink Sculpt Booty Shorts,Women's Shorts,CAVA Athleisure Pvt Ltd,52042278011196,L,WSH904PNL,999.00,True,Available,1,https://cavaathleisure.com/products/hot-pink-sculpt-booty-shorts
https://cavaathleisure.com,10132948713788,Hot Pink Sculpt Booty Shorts,Women's Shorts,CAVA Athleisure Pvt Ltd,52042278043964,XL,WSH904PNXL,999.00,True,Available,1,https://cavaathleisure.com/products/hot-pink-sculpt-booty-shorts
https://cavaathleisure.com,10132948713788,Hot Pink Sculpt Booty Shorts,Women's Shorts,CAVA Athleisure Pvt Ltd,52042278076732,XXL,WSH904PNXXL,999.00,True,Available,1,https://cavaathleisure.com/products/hot-pink-sculpt-booty-shorts
https://cavaathleisure.com,10132970340668,Black Sculpt Booty Shorts,Women's Shorts,CAVA Athleisure Pvt Ltd,52042302423356,XS,WSH904BKXS,999.00,False,Sold Out,0,https://cavaathleisure.com/products/black-sculpt-booty-shorts
https://cavaathleisure.com,10132970340668,Black Sculpt Booty Shorts,Women's Shorts,CAVA Athleisure Pvt Ltd,52042302456124,S,WSH904BKS,999.00,False,Sold Out,0,https://cavaathleisure.com/products/black-sculpt-booty-shorts
https://cavaathleisure.com,10132970340668,Black Sculpt Booty Shorts,Women's Shorts,CAVA Athleisure Pvt Ltd,52042302488892,M,WSH904BKM,999.00,False,Sold Out,0,https://cavaathleisure.com/products/black-sculpt-booty-shorts
https://cavaathleisure.com,10132970340668,Black Sculpt Booty Shorts,Women's Shorts,CAVA Athleisure Pvt Ltd,52042302521660,L,WSH904BKL,999.00,True,Available,1,https://cavaathleisure.com/products/black-sculpt-booty-shorts
https://cavaathleisure.com,10132970340668,Black Sculpt Booty Shorts,Women's Shorts,CAVA Athleisure Pvt Ltd,52042302554428,XL,WSH904BKXL,999.00,False,Sold Out,0,https://cavaathleisure.com/products/black-sculpt-booty-shorts
https://cavaathleisure.com,10132970340668,Black Sculpt Booty Shorts,Women's Shorts,CAVA Athleisure Pvt Ltd,52042302587196,XXL,WSH904BKXXL,999.00,False,Sold Out,0,https://cavaathleisure.com/products/black-sculpt-booty-shorts
https://cavaathleisure.com,10132963098940,Burgundy Sculpt Capri,Leggings,CAVA Athleisure Pvt Ltd,52042294690108,XS,WLG903RDXS,999.00,True,Available,1,https://cavaathleisure.com/products/burgundy-sculpt-capri
https://cavaathleisure.com,10132963098940,Burgundy Sculpt Capri,Leggings,CAVA Athleisure Pvt Ltd,52042294722876,S,WLG903RDS,999.00,True,Available,1,https://cavaathleisure.com/products/burgundy-sculpt-capri
https://cavaathleisure.com,10132963098940,Burgundy Sculpt Capri,Leggings,CAVA Athleisure Pvt Ltd,52042294755644,M,WLG903RDM,999.00,True,Available,1,https://cavaathleisure.com/products/burgundy-sculpt-capri
https://cavaathleisure.com,10132963098940,Burgundy Sculpt Capri,Leggings,CAVA Athleisure Pvt Ltd,52042294788412,L,WLG903RDL,999.00,False,Sold Out,0,https://cavaathleisure.com/products/burgundy-sculpt-capri
https://cavaathleisure.com,10132963098940,Burgundy Sculpt Capri,Leggings,CAVA Athleisure Pvt Ltd,52042294821180,XL,WLG903RDXL,999.00,False,Sold Out,0,https://cavaathleisure.com/products/burgundy-sculpt-capri
https://cavaathleisure.com,10132963098940,Burgundy Sculpt Capri,Leggings,CAVA Athleisure Pvt Ltd,52042294853948,XXL,WLG903RDXXL,999.00,False,Sold Out,0,https://cavaathleisure.com/products/burgundy-sculpt-capri
https://cavaathleisure.com,10142076436796,Core Supima Polo T-shirt - Pack of 2,Men's T-shirts,CAVA Athleisure Pvt Ltd,52089179144508,S,MTS16CS103GRNYS,2039.00,False,Sold Out,0,https://cavaathleisure.com/products/core-supima-polo-t-shirt-pack-of-2
https://cavaathleisure.com,10142076436796,Core Supima Polo T-shirt - Pack of 2,Men's T-shirts,CAVA Athleisure Pvt Ltd,52089179177276,M,MTS16CS103GRNYM,2039.00,False,Sold Out,0,https://cavaathleisure.com/products/core-supima-polo-t-shirt-pack-of-2
https://cavaathleisure.com,10142076436796,Core Supima Polo T-shirt - Pack of 2,Men's T-shirts,CAVA Athleisure Pvt Ltd,52089179210044,L,MTS16CS103GRNYL,2039.00,False,Sold Out,0,https://cavaathleisure.com/products/core-supima-polo-t-shirt-pack-of-2
https://cavaathleisure.com,10142076436796,Core Supima Polo T-shirt - Pack of 2,Men's T-shirts,CAVA Athleisure Pvt Ltd,52089179242812,XL,MTS16CS103GRNYXL,2039.00,False,Sold Out,0,https://cavaathleisure.com/products/core-supima-polo-t-shirt-pack-of-2
https://cavaathleisure.com,10142076436796,Core Supima Polo T-shirt - Pack of 2,Men's T-shirts,CAVA Athleisure Pvt Ltd,52089179275580,XXL,MTS16CS103GRNYXXL,2039.00,False,Sold Out,0,https://cavaathleisure.com/products/core-supima-polo-t-shirt-pack-of-2
https://cavaathleisure.com,10142076797244,Neutral Supima Crew Neck T-shirt - Pack of 2,Men's T-shirts,CAVA Athleisure Pvt Ltd,52089183306044,S,MTS16CS101BLWHS,1799.00,False,Sold Out,0,https://cavaathleisure.com/products/neutral-supima-crew-neck-t-shirt-pack-of-2
https://cavaathleisure.com,10142076797244,Neutral Supima Crew Neck T-shirt - Pack of 2,Men's T-shirts,CAVA Athleisure Pvt Ltd,52089183338812,M,MTS16CS101BLWHM,1799.00,False,Sold Out,0,https://cavaathleisure.com/products/neutral-supima-crew-neck-t-shirt-pack-of-2
https://cavaathleisure.com,10142076797244,Neutral Supima Crew Neck T-shirt - Pack of 2,Men's T-shirts,CAVA Athleisure Pvt Ltd,52089183371580,L,MTS16CS101BLWHL,1799.00,False,Sold Out,0,https://cavaathleisure.com/products/neutral-supima-crew-neck-t-shirt-pack-of-2
https://cavaathleisure.com,10142076797244,Neutral Supima Crew Neck T-shirt - Pack of 2,Men's T-shirts,CAVA Athleisure Pvt Ltd,52089183404348,XL,MTS16CS101BLWHXL,1799.00,False,Sold Out,0,https://cavaathleisure.com/products/neutral-supima-crew-neck-t-shirt-pack-of-2
https://cavaathleisure.com,10142076797244,Neutral Supima Crew Neck T-shirt - Pack of 2,Men's T-shirts,CAVA Athleisure Pvt Ltd,52089183437116,XXL,MTS16CS101BLWHXXL,1799.00,False,Sold Out,0,https://cavaathleisure.com/products/neutral-supima-crew-neck-t-shirt-pack-of-2
https://cavaathleisure.com,10142077059388,Daily Supima Crew Neck T-shirt - Pack of 3,Men's T-shirts,CAVA Athleisure Pvt Ltd,52089187172668,S,MTS16CS101BLGRWHS,2698.00,False,Sold Out,0,https://cavaathleisure.com/products/daily-supima-crew-neck-t-shirt-pack-of-3
https://cavaathleisure.com,10142077059388,Daily Supima Crew Neck T-shirt - Pack of 3,Men's T-shirts,CAVA Athleisure Pvt Ltd,52089187205436,M,MTS16CS101BLGRWHM,2698.00,False,Sold Out,0,https://cavaathleisure.com/products/daily-supima-crew-neck-t-shirt-pack-of-3
https://cavaathleisure.com,10142077059388,Daily Supima Crew Neck T-shirt - Pack of 3,Men's T-shirts,CAVA Athleisure Pvt Ltd,52089187238204,L,MTS16CS101BLGRWHL,2698.00,False,Sold Out,0,https://cavaathleisure.com/products/daily-supima-crew-neck-t-shirt-pack-of-3
https://cavaathleisure.com,10142077059388,Daily Supima Crew Neck T-shirt - Pack of 3,Men's T-shirts,CAVA Athleisure Pvt Ltd,52089187270972,XL,MTS16CS101BLGRWHXL,2698.00,False,Sold Out,0,https://cavaathleisure.com/products/daily-supima-crew-neck-t-shirt-pack-of-3
https://cavaathleisure.com,10142077059388,Daily Supima Crew Neck T-shirt - Pack of 3,Men's T-shirts,CAVA Athleisure Pvt Ltd,52089187303740,XXL,MTS16CS101BLGRWHXXL,2698.00,False,Sold Out,0,https://cavaathleisure.com/products/daily-supima-crew-neck-t-shirt-pack-of-3
https://cavaathleisure.com,10142076600636,Everyday Supima Polo T-shirt - Pack of 2,Men's T-shirts,CAVA Athleisure Pvt Ltd,52089180979516,S,MTS5CS103BKBLS,2039.00,True,Available,1,https://cavaathleisure.com/products/everyday-supima-polo-t-shirt-pack-of-2
https://cavaathleisure.com,10142076600636,Everyday Supima Polo T-shirt - Pack of 2,Men's T-shirts,CAVA Athleisure Pvt Ltd,52089181012284,M,MTS5CS103BKBLM,2039.00,False,Sold Out,0,https://cavaathleisure.com/products/everyday-supima-polo-t-shirt-pack-of-2
https://cavaathleisure.com,10142076600636,Everyday Supima Polo T-shirt - Pack of 2,Men's T-shirts,CAVA Athleisure Pvt Ltd,52089181045052,L,MTS5CS103BKBLL,2039.00,False,Sold Out,0,https://cavaathleisure.com/products/everyday-supima-polo-t-shirt-pack-of-2
https://cavaathleisure.com,10142076600636,Everyday Supima Polo T-shirt - Pack of 2,Men's T-shirts,CAVA Athleisure Pvt Ltd,52089181077820,XL,MTS5CS103BKBLXL,2039.00,False,Sold Out,0,https://cavaathleisure.com/products/everyday-supima-polo-t-shirt-pack-of-2
https://cavaathleisure.com,10142076600636,Everyday Supima Polo T-shirt - Pack of 2,Men's T-shirts,CAVA Athleisure Pvt Ltd,52089181110588,XXL,MTS5CS103BKBLXXL,2039.00,False,Sold Out,0,https://cavaathleisure.com/products/everyday-supima-polo-t-shirt-pack-of-2
https://cavaathleisure.com,10142077124924,Staple Supima V-Neck T-shirt - Pack of 3,Men's T-shirts,CAVA Athleisure Pvt Ltd,52089192841532,S,MTS5CS102BKPUWHS,2698.00,False,Sold Out,0,https://cavaathleisure.com/products/staple-supima-v-neck-t-shirt-pack-of-3
https://cavaathleisure.com,10142077124924,Staple Supima V-Neck T-shirt - Pack of 3,Men's T-shirts,CAVA Athleisure Pvt Ltd,52089192874300,M,MTS5CS102BKPUWHM,2698.00,False,Sold Out,0,https://cavaathleisure.com/products/staple-supima-v-neck-t-shirt-pack-of-3
https://cavaathleisure.com,10142077124924,Staple Supima V-Neck T-shirt - Pack of 3,Men's T-shirts,CAVA Athleisure Pvt Ltd,52089192907068,L,MTS5CS102BKPUWHL,2698.00,False,Sold Out,0,https://cavaathleisure.com/products/staple-supima-v-neck-t-shirt-pack-of-3
https://cavaathleisure.com,10142077124924,Staple Supima V-Neck T-shirt - Pack of 3,Men's T-shirts,CAVA Athleisure Pvt Ltd,52089192939836,XL,MTS5CS102BKPUWHXL,2698.00,False,Sold Out,0,https://cavaathleisure.com/products/staple-supima-v-neck-t-shirt-pack-of-3
https://cavaathleisure.com,10142077124924,Staple Supima V-Neck T-shirt - Pack of 3,Men's T-shirts,CAVA Athleisure Pvt Ltd,52089192972604,XXL,MTS5CS102BKPUWHXXL,2698.00,False,Sold Out,0,https://cavaathleisure.com/products/staple-supima-v-neck-t-shirt-pack-of-3
https://cavaathleisure.com,10142077092156,Modern Supima Crew Neck T-shirt - Pack of 2,Men's T-shirts,CAVA Athleisure Pvt Ltd,52089190908220,S,MTS16CS101GRPUS,1799.00,False,Sold Out,0,https://cavaathleisure.com/products/modern-supima-crew-neck-t-shirt-pack-of-2
https://cavaathleisure.com,10142077092156,Modern Supima Crew Neck T-shirt - Pack of 2,Men's T-shirts,CAVA Athleisure Pvt Ltd,52089190940988,M,MTS16CS101GRPUM,1799.00,False,Sold Out,0,https://cavaathleisure.com/products/modern-supima-crew-neck-t-shirt-pack-of-2
https://cavaathleisure.com,10142077092156,Modern Supima Crew Neck T-shirt - Pack of 2,Men's T-shirts,CAVA Athleisure Pvt Ltd,52089190973756,L,MTS16CS101GRPUL,1799.00,False,Sold Out,0,https://cavaathleisure.com/products/modern-supima-crew-neck-t-shirt-pack-of-2
https://cavaathleisure.com,10142077092156,Modern Supima Crew Neck T-shirt - Pack of 2,Men's T-shirts,CAVA Athleisure Pvt Ltd,52089191006524,XL,MTS16CS101GRPUXL,1799.00,False,Sold Out,0,https://cavaathleisure.com/products/modern-supima-crew-neck-t-shirt-pack-of-2
https://cavaathleisure.com,10142077092156,Modern Supima Crew Neck T-shirt - Pack of 2,Men's T-shirts,CAVA Athleisure Pvt Ltd,52089191039292,XXL,MTS16CS101GRPUXXL,1799.00,True,Available,1,https://cavaathleisure.com/products/modern-supima-crew-neck-t-shirt-pack-of-2
https://cavaathleisure.com,10142077452604,Classic Supima Polo T-shirt - Pack of 3,Men's T-shirts,CAVA Athleisure Pvt Ltd,52089200083260,S,MTS5CS103BKGRBGS,3058.00,False,Sold Out,0,https://cavaathleisure.com/products/classic-supima-polo-t-shirt-pack-of-3
https://cavaathleisure.com,10142077452604,Classic Supima Polo T-shirt - Pack of 3,Men's T-shirts,CAVA Athleisure Pvt Ltd,52089200116028,M,MTS5CS103BKGRBM,3058.00,False,Sold Out,0,https://cavaathleisure.com/products/classic-supima-polo-t-shirt-pack-of-3
https://cavaathleisure.com,10142077452604,Classic Supima Polo T-shirt - Pack of 3,Men's T-shirts,CAVA Athleisure Pvt Ltd,52089200148796,L,MTS5CS103BKGRBL,3058.00,False,Sold Out,0,https://cavaathleisure.com/products/classic-supima-polo-t-shirt-pack-of-3
https://cavaathleisure.com,10142077452604,Classic Supima Polo T-shirt - Pack of 3,Men's T-shirts,CAVA Athleisure Pvt Ltd,52089200181564,XL,MTS5CS103BKGRBXL,3058.00,False,Sold Out,0,https://cavaathleisure.com/products/classic-supima-polo-t-shirt-pack-of-3
https://cavaathleisure.com,10142077452604,Classic Supima Polo T-shirt - Pack of 3,Men's T-shirts,CAVA Athleisure Pvt Ltd,52089200214332,XXL,MTS5CS103BKGRBXXL,3058.00,False,Sold Out,0,https://cavaathleisure.com/products/classic-supima-polo-t-shirt-pack-of-3
https://cavaathleisure.com,10142077255996,Minimal Supima Crew Neck T-shirt - Pack of 2,Men's T-shirts,CAVA Athleisure Pvt Ltd,52089196282172,S,MTS5CS101BKGRS,1799.00,False,Sold Out,0,https://cavaathleisure.com/products/minimal-supima-crew-neck-t-shirt-pack-of-2
https://cavaathleisure.com,10142077255996,Minimal Supima Crew Neck T-shirt - Pack of 2,Men's T-shirts,CAVA Athleisure Pvt Ltd,52089196314940,M,MTS5CS101BKGRM,1799.00,False,Sold Out,0,https://cavaathleisure.com/products/minimal-supima-crew-neck-t-shirt-pack-of-2
https://cavaathleisure.com,10142077255996,Minimal Supima Crew Neck T-shirt - Pack of 2,Men's T-shirts,CAVA Athleisure Pvt Ltd,52089196347708,L,MTS5CS101BKGRL,1799.00,False,Sold Out,0,https://cavaathleisure.com/products/minimal-supima-crew-neck-t-shirt-pack-of-2
https://cavaathleisure.com,10142077255996,Minimal Supima Crew Neck T-shirt - Pack of 2,Men's T-shirts,CAVA Athleisure Pvt Ltd,52089196380476,XL,MTS5CS101BKGRXL,1799.00,False,Sold Out,0,https://cavaathleisure.com/products/minimal-supima-crew-neck-t-shirt-pack-of-2
https://cavaathleisure.com,10142077255996,Minimal Supima Crew Neck T-shirt - Pack of 2,Men's T-shirts,CAVA Athleisure Pvt Ltd,52089196413244,XXL,MTS5CS101BKGRXXL,1799.00,False,Sold Out,0,https://cavaathleisure.com/products/minimal-supima-crew-neck-t-shirt-pack-of-2
https://cavaathleisure.com,10145724563772,Club Sports Oversized Tees - Pack of 3,Men's T-shirts,CAVA Athleisure Pvt Ltd,52110195523900,S,MTS1613WHGRBWHTS,2599.00,False,Sold Out,0,https://cavaathleisure.com/products/club-sports-oversized-tees-pack-of-3
https://cavaathleisure.com,10145724563772,Club Sports Oversized Tees - Pack of 3,Men's T-shirts,CAVA Athleisure Pvt Ltd,52110195556668,M,MTS1613WHGRBWHTM,2599.00,False,Sold Out,0,https://cavaathleisure.com/products/club-sports-oversized-tees-pack-of-3
https://cavaathleisure.com,10145724563772,Club Sports Oversized Tees - Pack of 3,Men's T-shirts,CAVA Athleisure Pvt Ltd,52110195589436,L,MTS1613WHGRBWHTL,2599.00,False,Sold Out,0,https://cavaathleisure.com/products/club-sports-oversized-tees-pack-of-3
https://cavaathleisure.com,10145724563772,Club Sports Oversized Tees - Pack of 3,Men's T-shirts,CAVA Athleisure Pvt Ltd,52110195622204,XL,MTS1613WHGRBWHTXL,2599.00,False,Sold Out,0,https://cavaathleisure.com/products/club-sports-oversized-tees-pack-of-3
https://cavaathleisure.com,10145724563772,Club Sports Oversized Tees - Pack of 3,Men's T-shirts,CAVA Athleisure Pvt Ltd,52110195654972,XXL,MTS1613WHGRBWHTXXL,2599.00,False,Sold Out,0,https://cavaathleisure.com/products/club-sports-oversized-tees-pack-of-3
https://cavaathleisure.com,10145726726460,Athletic Oversized Tees - Pack of 2,Men's T-shirts,CAVA Athleisure Pvt Ltd,52110198145340,S,MTS1613GYWHS,1699.00,False,Sold Out,0,https://cavaathleisure.com/products/athletic-oversized-tees-pack-of-2
https://cavaathleisure.com,10145726726460,Athletic Oversized Tees - Pack of 2,Men's T-shirts,CAVA Athleisure Pvt Ltd,52110198178108,M,MTS1613GYWHM,1699.00,False,Sold Out,0,https://cavaathleisure.com/products/athletic-oversized-tees-pack-of-2
https://cavaathleisure.com,10145726726460,Athletic Oversized Tees - Pack of 2,Men's T-shirts,CAVA Athleisure Pvt Ltd,52110198210876,L,MTS1613GYWHL,1699.00,False,Sold Out,0,https://cavaathleisure.com/products/athletic-oversized-tees-pack-of-2
https://cavaathleisure.com,10145726726460,Athletic Oversized Tees - Pack of 2,Men's T-shirts,CAVA Athleisure Pvt Ltd,52110198243644,XL,MTS1613GYWHXL,1699.00,False,Sold Out,0,https://cavaathleisure.com/products/athletic-oversized-tees-pack-of-2
https://cavaathleisure.com,10145726726460,Athletic Oversized Tees - Pack of 2,Men's T-shirts,CAVA Athleisure Pvt Ltd,52110198276412,XXL,MTS1613GYWHXXL,1699.00,False,Sold Out,0,https://cavaathleisure.com/products/athletic-oversized-tees-pack-of-2
https://cavaathleisure.com,10145725120828,Courtside Oversized Tees - Pack of 2,Men's T-shirts,CAVA Athleisure Pvt Ltd,52110196343100,S,MTS1613NYGRS,1699.00,False,Sold Out,0,https://cavaathleisure.com/products/courtside-oversized-tees-pack-of-2
https://cavaathleisure.com,10145725120828,Courtside Oversized Tees - Pack of 2,Men's T-shirts,CAVA Athleisure Pvt Ltd,52110196375868,M,MTS1613NYGRM,1699.00,False,Sold Out,0,https://cavaathleisure.com/products/courtside-oversized-tees-pack-of-2
https://cavaathleisure.com,10145725120828,Courtside Oversized Tees - Pack of 2,Men's T-shirts,CAVA Athleisure Pvt Ltd,52110196408636,L,MTS1613NYGRL,1699.00,False,Sold Out,0,https://cavaathleisure.com/products/courtside-oversized-tees-pack-of-2
https://cavaathleisure.com,10145725120828,Courtside Oversized Tees - Pack of 2,Men's T-shirts,CAVA Athleisure Pvt Ltd,52110196441404,XL,MTS1613NYGRXL,1699.00,False,Sold Out,0,https://cavaathleisure.com/products/courtside-oversized-tees-pack-of-2
https://cavaathleisure.com,10145725120828,Courtside Oversized Tees - Pack of 2,Men's T-shirts,CAVA Athleisure Pvt Ltd,52110196474172,XXL,MTS1613NYGRXXL,1699.00,False,Sold Out,0,https://cavaathleisure.com/products/courtside-oversized-tees-pack-of-2
https://cavaathleisure.com,10142077223228,Essential Supima Crew Neck T-shirt - Pack of 2,Men's T-shirts,CAVA Athleisure Pvt Ltd,52089194545468,S,MTS5CS101BKBGS,1799.00,False,Sold Out,0,https://cavaathleisure.com/products/essential-supima-crew-neck-t-shirt-pack-of-2
https://cavaathleisure.com,10142077223228,Essential Supima Crew Neck T-shirt - Pack of 2,Men's T-shirts,CAVA Athleisure Pvt Ltd,52089194578236,M,MTS5CS101BKBGM,1799.00,False,Sold Out,0,https://cavaathleisure.com/products/essential-supima-crew-neck-t-shirt-pack-of-2
https://cavaathleisure.com,10142077223228,Essential Supima Crew Neck T-shirt - Pack of 2,Men's T-shirts,CAVA Athleisure Pvt Ltd,52089194611004,L,MTS5CS101BKBGL,1799.00,True,Available,1,https://cavaathleisure.com/products/essential-supima-crew-neck-t-shirt-pack-of-2
https://cavaathleisure.com,10142077223228,Essential Supima Crew Neck T-shirt - Pack of 2,Men's T-shirts,CAVA Athleisure Pvt Ltd,52089194643772,XL,MTS5CS101BKBGXL,1799.00,False,Sold Out,0,https://cavaathleisure.com/products/essential-supima-crew-neck-t-shirt-pack-of-2
https://cavaathleisure.com,10142077223228,Essential Supima Crew Neck T-shirt - Pack of 2,Men's T-shirts,CAVA Athleisure Pvt Ltd,52089194676540,XXL,MTS5CS101BKBGXXL,1799.00,True,Available,1,https://cavaathleisure.com/products/essential-supima-crew-neck-t-shirt-pack-of-2
https://cavaathleisure.com,10145727414588,Hoopers Oversized Tees - Pack of 2,Men's T-shirts,CAVA Athleisure Pvt Ltd,52110199030076,S,MTS1613GYHCWHBCS,1699.00,False,Sold Out,0,https://cavaathleisure.com/products/hoopers-oversized-tees-pack-of-2
https://cavaathleisure.com,10145727414588,Hoopers Oversized Tees - Pack of 2,Men's T-shirts,CAVA Athleisure Pvt Ltd,52110199062844,M,MTS1613GYHCWHBCM,1699.00,False,Sold Out,0,https://cavaathleisure.com/products/hoopers-oversized-tees-pack-of-2
https://cavaathleisure.com,10145727414588,Hoopers Oversized Tees - Pack of 2,Men's T-shirts,CAVA Athleisure Pvt Ltd,52110199095612,L,MTS1613GYHCWHBCL,1699.00,False,Sold Out,0,https://cavaathleisure.com/products/hoopers-oversized-tees-pack-of-2
https://cavaathleisure.com,10145727414588,Hoopers Oversized Tees - Pack of 2,Men's T-shirts,CAVA Athleisure Pvt Ltd,52110199128380,XL,MTS1613GYHCWHBCXL,1699.00,False,Sold Out,0,https://cavaathleisure.com/products/hoopers-oversized-tees-pack-of-2
https://cavaathleisure.com,10145727414588,Hoopers Oversized Tees - Pack of 2,Men's T-shirts,CAVA Athleisure Pvt Ltd,52110199161148,XXL,MTS1613GYHCWHBCXXL,1699.00,False,Sold Out,0,https://cavaathleisure.com/products/hoopers-oversized-tees-pack-of-2
https://cavaathleisure.com,10145735246140,Game Day Oversized Tees - Pack of 2,Men's T-shirts,CAVA Athleisure Pvt Ltd,52110223180092,S,MTS1613WHPCGRBCS,1699.00,False,Sold Out,0,https://cavaathleisure.com/products/game-day-oversized-tees-pack-of-2
https://cavaathleisure.com,10145735246140,Game Day Oversized Tees - Pack of 2,Men's T-shirts,CAVA Athleisure Pvt Ltd,52110223212860,M,MTS1613WHPCGRBCM,1699.00,False,Sold Out,0,https://cavaathleisure.com/products/game-day-oversized-tees-pack-of-2
https://cavaathleisure.com,10145735246140,Game Day Oversized Tees - Pack of 2,Men's T-shirts,CAVA Athleisure Pvt Ltd,52110223245628,L,MTS1613WHPCGRBCL,1699.00,False,Sold Out,0,https://cavaathleisure.com/products/game-day-oversized-tees-pack-of-2
https://cavaathleisure.com,10145735246140,Game Day Oversized Tees - Pack of 2,Men's T-shirts,CAVA Athleisure Pvt Ltd,52110223278396,XL,MTS1613WHPCGRBCXL,1699.00,False,Sold Out,0,https://cavaathleisure.com/products/game-day-oversized-tees-pack-of-2
https://cavaathleisure.com,10145735246140,Game Day Oversized Tees - Pack of 2,Men's T-shirts,CAVA Athleisure Pvt Ltd,52110223311164,XXL,MTS1613WHPCGRBCXXL,1699.00,False,Sold Out,0,https://cavaathleisure.com/products/game-day-oversized-tees-pack-of-2
https://cavaathleisure.com,10145734558012,Training Oversized Tees - Pack of 2,Men's T-shirts,CAVA Athleisure Pvt Ltd,52110221803836,S,MTS1613WHGRS,1699.00,False,Sold Out,0,https://cavaathleisure.com/products/training-oversized-tees-pack-of-2
https://cavaathleisure.com,10145734558012,Training Oversized Tees - Pack of 2,Men's T-shirts,CAVA Athleisure Pvt Ltd,52110221836604,M,MTS1613WHGRM,1699.00,False,Sold Out,0,https://cavaathleisure.com/products/training-oversized-tees-pack-of-2
https://cavaathleisure.com,10145734558012,Training Oversized Tees - Pack of 2,Men's T-shirts,CAVA Athleisure Pvt Ltd,52110221869372,L,MTS1613WHGRL,1699.00,False,Sold Out,0,https://cavaathleisure.com/products/training-oversized-tees-pack-of-2
https://cavaathleisure.com,10145734558012,Training Oversized Tees - Pack of 2,Men's T-shirts,CAVA Athleisure Pvt Ltd,52110221902140,XL,MTS1613WHGRXL,1699.00,False,Sold Out,0,https://cavaathleisure.com/products/training-oversized-tees-pack-of-2
https://cavaathleisure.com,10145734558012,Training Oversized Tees - Pack of 2,Men's T-shirts,CAVA Athleisure Pvt Ltd,52110221934908,XXL,MTS1613WHGRXXL,1699.00,False,Sold Out,0,https://cavaathleisure.com/products/training-oversized-tees-pack-of-2
https://cavaathleisure.com,10145735409980,Pickleball Oversized Tees - Pack of 2,Men's T-shirts,CAVA Athleisure Pvt Ltd,52110223606076,S,MTS1613WHPCGRPCS,1699.00,False,Sold Out,0,https://cavaathleisure.com/products/pickleball-oversized-tees-pack-of-2
https://cavaathleisure.com,10145735409980,Pickleball Oversized Tees - Pack of 2,Men's T-shirts,CAVA Athleisure Pvt Ltd,52110223638844,M,MTS1613WHPCGRPCM,1699.00,False,Sold Out,0,https://cavaathleisure.com/products/pickleball-oversized-tees-pack-of-2
https://cavaathleisure.com,10145735409980,Pickleball Oversized Tees - Pack of 2,Men's T-shirts,CAVA Athleisure Pvt Ltd,52110223671612,L,MTS1613WHPCGRPCL,1699.00,False,Sold Out,0,https://cavaathleisure.com/products/pickleball-oversized-tees-pack-of-2
https://cavaathleisure.com,10145735409980,Pickleball Oversized Tees - Pack of 2,Men's T-shirts,CAVA Athleisure Pvt Ltd,52110223704380,XL,MTS1613WHPCGRPCXL,1699.00,False,Sold Out,0,https://cavaathleisure.com/products/pickleball-oversized-tees-pack-of-2
https://cavaathleisure.com,10145735409980,Pickleball Oversized Tees - Pack of 2,Men's T-shirts,CAVA Athleisure Pvt Ltd,52110223737148,XXL,MTS1613WHPCGRPCXXL,1699.00,False,Sold Out,0,https://cavaathleisure.com/products/pickleball-oversized-tees-pack-of-2
https://cavaathleisure.com,10145769881916,Basic Sculpt Core Tops - Pack of 2,Women's T-shirts,CAVA Athleisure Pvt Ltd,52110512947516,XS,WTP901WHBKXS,1599.00,False,Sold Out,0,https://cavaathleisure.com/products/basic-sculpt-core-tops-pack-of-2
https://cavaathleisure.com,10145769881916,Basic Sculpt Core Tops - Pack of 2,Women's T-shirts,CAVA Athleisure Pvt Ltd,52110512980284,S,WTP901WHBKS,1599.00,False,Sold Out,0,https://cavaathleisure.com/products/basic-sculpt-core-tops-pack-of-2
https://cavaathleisure.com,10145769881916,Basic Sculpt Core Tops - Pack of 2,Women's T-shirts,CAVA Athleisure Pvt Ltd,52110513013052,M,WTP901WHBKM,1599.00,False,Sold Out,0,https://cavaathleisure.com/products/basic-sculpt-core-tops-pack-of-2
https://cavaathleisure.com,10145769881916,Basic Sculpt Core Tops - Pack of 2,Women's T-shirts,CAVA Athleisure Pvt Ltd,52110513045820,L,WTP901WHBKL,1599.00,False,Sold Out,0,https://cavaathleisure.com/products/basic-sculpt-core-tops-pack-of-2
https://cavaathleisure.com,10145769881916,Basic Sculpt Core Tops - Pack of 2,Women's T-shirts,CAVA Athleisure Pvt Ltd,52110513078588,XL,WTP901WHBKXL,1599.00,False,Sold Out,0,https://cavaathleisure.com/products/basic-sculpt-core-tops-pack-of-2
https://cavaathleisure.com,10145769881916,Basic Sculpt Core Tops - Pack of 2,Women's T-shirts,CAVA Athleisure Pvt Ltd,52110513111356,XXL,WTP901WHBKXXL,1599.00,False,Sold Out,0,https://cavaathleisure.com/products/basic-sculpt-core-tops-pack-of-2
https://cavaathleisure.com,10145825259836,Essential Sculpt Scoop Tops - Pack of 3,Women's T-shirts,CAVA Athleisure Pvt Ltd,52110645559612,XS,WTP903SBLRDBKXS,2599.00,False,Sold Out,0,https://cavaathleisure.com/products/essential-sculpt-scoop-tops-pack-of-3
https://cavaathleisure.com,10145825259836,Essential Sculpt Scoop Tops - Pack of 3,Women's T-shirts,CAVA Athleisure Pvt Ltd,52110645592380,S,WTP903SBLRDBKS,2599.00,False,Sold Out,0,https://cavaathleisure.com/products/essential-sculpt-scoop-tops-pack-of-3
https://cavaathleisure.com,10145825259836,Essential Sculpt Scoop Tops - Pack of 3,Women's T-shirts,CAVA Athleisure Pvt Ltd,52110645625148,M,WTP903SBLRDBKM,2599.00,False,Sold Out,0,https://cavaathleisure.com/products/essential-sculpt-scoop-tops-pack-of-3
https://cavaathleisure.com,10145825259836,Essential Sculpt Scoop Tops - Pack of 3,Women's T-shirts,CAVA Athleisure Pvt Ltd,52110645657916,L,WTP903SBLRDBKL,2599.00,False,Sold Out,0,https://cavaathleisure.com/products/essential-sculpt-scoop-tops-pack-of-3
https://cavaathleisure.com,10145825259836,Essential Sculpt Scoop Tops - Pack of 3,Women's T-shirts,CAVA Athleisure Pvt Ltd,52110645690684,XL,WTP903SBLRDBKXL,2599.00,False,Sold Out,0,https://cavaathleisure.com/products/essential-sculpt-scoop-tops-pack-of-3
https://cavaathleisure.com,10145825259836,Essential Sculpt Scoop Tops - Pack of 3,Women's T-shirts,CAVA Athleisure Pvt Ltd,52110645723452,XXL,WTP903SBLRDBKXXL,2599.00,False,Sold Out,0,https://cavaathleisure.com/products/essential-sculpt-scoop-tops-pack-of-3
https://cavaathleisure.com,10145814839612,Basic Sculpt Crew Tops - Pack of 2,Women's T-shirts,CAVA Athleisure Pvt Ltd,52110609088828,XS,WTP902WHBKXS,1699.00,False,Sold Out,0,https://cavaathleisure.com/products/basic-sculpt-crew-tops-pack-of-2
https://cavaathleisure.com,10145814839612,Basic Sculpt Crew Tops - Pack of 2,Women's T-shirts,CAVA Athleisure Pvt Ltd,52110609121596,S,WTP902WHBKS,1699.00,True,Available,1,https://cavaathleisure.com/products/basic-sculpt-crew-tops-pack-of-2
https://cavaathleisure.com,10145814839612,Basic Sculpt Crew Tops - Pack of 2,Women's T-shirts,CAVA Athleisure Pvt Ltd,52110609154364,M,WTP902WHBKM,1699.00,False,Sold Out,0,https://cavaathleisure.com/products/basic-sculpt-crew-tops-pack-of-2
https://cavaathleisure.com,10145814839612,Basic Sculpt Crew Tops - Pack of 2,Women's T-shirts,CAVA Athleisure Pvt Ltd,52110609187132,L,WTP902WHBKL,1699.00,False,Sold Out,0,https://cavaathleisure.com/products/basic-sculpt-crew-tops-pack-of-2
https://cavaathleisure.com,10145814839612,Basic Sculpt Crew Tops - Pack of 2,Women's T-shirts,CAVA Athleisure Pvt Ltd,52110609219900,XL,WTP902WHBKXL,1699.00,False,Sold Out,0,https://cavaathleisure.com/products/basic-sculpt-crew-tops-pack-of-2
https://cavaathleisure.com,10145814839612,Basic Sculpt Crew Tops - Pack of 2,Women's T-shirts,CAVA Athleisure Pvt Ltd,52110609252668,XXL,WTP902WHBKXXL,1699.00,False,Sold Out,0,https://cavaathleisure.com/products/basic-sculpt-crew-tops-pack-of-2
https://cavaathleisure.com,10145813070140,Basic Sculpt Scoop Tops - Pack of 2,Women's T-shirts,CAVA Athleisure Pvt Ltd,52110603223356,XS,WTP903WHBKXS,1799.00,False,Sold Out,0,https://cavaathleisure.com/products/basic-sculpt-scoop-tops-pack-of-2
https://cavaathleisure.com,10145813070140,Basic Sculpt Scoop Tops - Pack of 2,Women's T-shirts,CAVA Athleisure Pvt Ltd,52110603256124,S,WTP903WHBKS,1799.00,True,Available,1,https://cavaathleisure.com/products/basic-sculpt-scoop-tops-pack-of-2
https://cavaathleisure.com,10145813070140,Basic Sculpt Scoop Tops - Pack of 2,Women's T-shirts,CAVA Athleisure Pvt Ltd,52110603288892,M,WTP903WHBKM,1799.00,False,Sold Out,0,https://cavaathleisure.com/products/basic-sculpt-scoop-tops-pack-of-2
https://cavaathleisure.com,10145813070140,Basic Sculpt Scoop Tops - Pack of 2,Women's T-shirts,CAVA Athleisure Pvt Ltd,52110603321660,L,WTP903WHBKL,1799.00,False,Sold Out,0,https://cavaathleisure.com/products/basic-sculpt-scoop-tops-pack-of-2
https://cavaathleisure.com,10145813070140,Basic Sculpt Scoop Tops - Pack of 2,Women's T-shirts,CAVA Athleisure Pvt Ltd,52110603354428,XL,WTP903WHBKXL,1799.00,False,Sold Out,0,https://cavaathleisure.com/products/basic-sculpt-scoop-tops-pack-of-2
https://cavaathleisure.com,10145813070140,Basic Sculpt Scoop Tops - Pack of 2,Women's T-shirts,CAVA Athleisure Pvt Ltd,52110603387196,XXL,WTP903WHBKXXL,1799.00,False,Sold Out,0,https://cavaathleisure.com/products/basic-sculpt-scoop-tops-pack-of-2
https://cavaathleisure.com,10145830011196,Staple Sculpt V-Neck Tops - Pack of 3,Women's T-shirts,CAVA Athleisure Pvt Ltd,52110655488316,XS,WTP904RDNYSBXS,2399.00,False,Sold Out,0,https://cavaathleisure.com/products/staple-sculpt-v-neck-tops-pack-of-3
https://cavaathleisure.com,10145830011196,Staple Sculpt V-Neck Tops - Pack of 3,Women's T-shirts,CAVA Athleisure Pvt Ltd,52110655521084,S,WTP904RDNYSBS,2399.00,False,Sold Out,0,https://cavaathleisure.com/products/staple-sculpt-v-neck-tops-pack-of-3
https://cavaathleisure.com,10145830011196,Staple Sculpt V-Neck Tops - Pack of 3,Women's T-shirts,CAVA Athleisure Pvt Ltd,52110655553852,M,WTP904RDNYSBM,2399.00,False,Sold Out,0,https://cavaathleisure.com/products/staple-sculpt-v-neck-tops-pack-of-3
https://cavaathleisure.com,10145830011196,Staple Sculpt V-Neck Tops - Pack of 3,Women's T-shirts,CAVA Athleisure Pvt Ltd,52110655586620,L,WTP904RDNYSBL,2399.00,False,Sold Out,0,https://cavaathleisure.com/products/staple-sculpt-v-neck-tops-pack-of-3
https://cavaathleisure.com,10145830011196,Staple Sculpt V-Neck Tops - Pack of 3,Women's T-shirts,CAVA Athleisure Pvt Ltd,52110655619388,XL,WTP904RDNYSBXL,2399.00,False,Sold Out,0,https://cavaathleisure.com/products/staple-sculpt-v-neck-tops-pack-of-3
https://cavaathleisure.com,10145830011196,Staple Sculpt V-Neck Tops - Pack of 3,Women's T-shirts,CAVA Athleisure Pvt Ltd,52110655652156,XXL,WTP904RDNYSBXXL,2399.00,False,Sold Out,0,https://cavaathleisure.com/products/staple-sculpt-v-neck-tops-pack-of-3
https://cavaathleisure.com,10145831321916,Pop Sculpt Crew Tops - Pack of 3,Women's T-shirts,CAVA Athleisure Pvt Ltd,52110659060028,XS,WTP902PNWHBLXS,2399.00,False,Sold Out,0,https://cavaathleisure.com/products/pop-sculpt-crew-tops-pack-of-3
https://cavaathleisure.com,10145831321916,Pop Sculpt Crew Tops - Pack of 3,Women's T-shirts,CAVA Athleisure Pvt Ltd,52110659092796,S,WTP902PNWHBLS,2399.00,False,Sold Out,0,https://cavaathleisure.com/products/pop-sculpt-crew-tops-pack-of-3
https://cavaathleisure.com,10145831321916,Pop Sculpt Crew Tops - Pack of 3,Women's T-shirts,CAVA Athleisure Pvt Ltd,52110659125564,M,WTP902PNWHBLM,2399.00,False,Sold Out,0,https://cavaathleisure.com/products/pop-sculpt-crew-tops-pack-of-3
https://cavaathleisure.com,10145831321916,Pop Sculpt Crew Tops - Pack of 3,Women's T-shirts,CAVA Athleisure Pvt Ltd,52110659158332,L,WTP902PNWHBLL,2399.00,False,Sold Out,0,https://cavaathleisure.com/products/pop-sculpt-crew-tops-pack-of-3
https://cavaathleisure.com,10145831321916,Pop Sculpt Crew Tops - Pack of 3,Women's T-shirts,CAVA Athleisure Pvt Ltd,52110659191100,XL,WTP902PNWHBLXL,2399.00,False,Sold Out,0,https://cavaathleisure.com/products/pop-sculpt-crew-tops-pack-of-3
https://cavaathleisure.com,10145831321916,Pop Sculpt Crew Tops - Pack of 3,Women's T-shirts,CAVA Athleisure Pvt Ltd,52110659223868,XXL,WTP902PNWHBLXXL,2399.00,False,Sold Out,0,https://cavaathleisure.com/products/pop-sculpt-crew-tops-pack-of-3
https://cavaathleisure.com,10145815724348,Basic Sculpt V-Neck Tops - Pack of 2,Women's T-shirts,CAVA Athleisure Pvt Ltd,52110613741884,XS,WTP904WHBKXS,1699.00,True,Available,1,https://cavaathleisure.com/products/basic-sculpt-v-neck-tops-pack-of-2
https://cavaathleisure.com,10145815724348,Basic Sculpt V-Neck Tops - Pack of 2,Women's T-shirts,CAVA Athleisure Pvt Ltd,52110613774652,S,WTP904WHBKS,1699.00,True,Available,1,https://cavaathleisure.com/products/basic-sculpt-v-neck-tops-pack-of-2
https://cavaathleisure.com,10145815724348,Basic Sculpt V-Neck Tops - Pack of 2,Women's T-shirts,CAVA Athleisure Pvt Ltd,52110613807420,M,WTP904WHBKM,1699.00,False,Sold Out,0,https://cavaathleisure.com/products/basic-sculpt-v-neck-tops-pack-of-2
https://cavaathleisure.com,10145815724348,Basic Sculpt V-Neck Tops - Pack of 2,Women's T-shirts,CAVA Athleisure Pvt Ltd,52110613840188,L,WTP904WHBKL,1699.00,False,Sold Out,0,https://cavaathleisure.com/products/basic-sculpt-v-neck-tops-pack-of-2
https://cavaathleisure.com,10145815724348,Basic Sculpt V-Neck Tops - Pack of 2,Women's T-shirts,CAVA Athleisure Pvt Ltd,52110613872956,XL,WTP904WHBKXL,1699.00,False,Sold Out,0,https://cavaathleisure.com/products/basic-sculpt-v-neck-tops-pack-of-2
https://cavaathleisure.com,10145815724348,Basic Sculpt V-Neck Tops - Pack of 2,Women's T-shirts,CAVA Athleisure Pvt Ltd,52110613905724,XXL,WTP904WHBKXXL,1699.00,False,Sold Out,0,https://cavaathleisure.com/products/basic-sculpt-v-neck-tops-pack-of-2
https://cavaathleisure.com,10161808474428,Staple Overlap Tees - Pack of 2,Women's T-shirts,CAVA Athleisure Pvt Ltd,52171272519996,XS,TPRONSET2HFJBXS,2199.00,False,Sold Out,0,https://cavaathleisure.com/products/staple-overlap-tees-pack-of-2
https://cavaathleisure.com,10161808474428,Staple Overlap Tees - Pack of 2,Women's T-shirts,CAVA Athleisure Pvt Ltd,52171272552764,S,TPRONSET2HFJBS,2199.00,False,Sold Out,0,https://cavaathleisure.com/products/staple-overlap-tees-pack-of-2
https://cavaathleisure.com,10161808474428,Staple Overlap Tees - Pack of 2,Women's T-shirts,CAVA Athleisure Pvt Ltd,52171272585532,M,TPRONSET2HFJBM,2199.00,False,Sold Out,0,https://cavaathleisure.com/products/staple-overlap-tees-pack-of-2
https://cavaathleisure.com,10161808474428,Staple Overlap Tees - Pack of 2,Women's T-shirts,CAVA Athleisure Pvt Ltd,52171272618300,L,TPRONSET2HFJBL,2199.00,False,Sold Out,0,https://cavaathleisure.com/products/staple-overlap-tees-pack-of-2
https://cavaathleisure.com,10161808474428,Staple Overlap Tees - Pack of 2,Women's T-shirts,CAVA Athleisure Pvt Ltd,52171272651068,XL,TPRONSET2HFJBXL,2199.00,False,Sold Out,0,https://cavaathleisure.com/products/staple-overlap-tees-pack-of-2
https://cavaathleisure.com,10161808474428,Staple Overlap Tees - Pack of 2,Women's T-shirts,CAVA Athleisure Pvt Ltd,52171272683836,XXL,TPRONSET2HFJBXXL,2199.00,False,Sold Out,0,https://cavaathleisure.com/products/staple-overlap-tees-pack-of-2
https://cavaathleisure.com,10145828307260,Essential Sculpt V-Neck Tops - Pack of 3,Women's T-shirts,CAVA Athleisure Pvt Ltd,52110651949372,XS,WTP904WHBKBNXS,2399.00,True,Available,1,https://cavaathleisure.com/products/essential-sculpt-v-neck-tops-pack-of-3
https://cavaathleisure.com,10145828307260,Essential Sculpt V-Neck Tops - Pack of 3,Women's T-shirts,CAVA Athleisure Pvt Ltd,52110651982140,S,WTP904WHBKBNS,2399.00,True,Available,1,https://cavaathleisure.com/products/essential-sculpt-v-neck-tops-pack-of-3
https://cavaathleisure.com,10145828307260,Essential Sculpt V-Neck Tops - Pack of 3,Women's T-shirts,CAVA Athleisure Pvt Ltd,52110652014908,M,WTP904WHBKBNM,2399.00,False,Sold Out,0,https://cavaathleisure.com/products/essential-sculpt-v-neck-tops-pack-of-3
https://cavaathleisure.com,10145828307260,Essential Sculpt V-Neck Tops - Pack of 3,Women's T-shirts,CAVA Athleisure Pvt Ltd,52110652047676,L,WTP904WHBKBNL,2399.00,False,Sold Out,0,https://cavaathleisure.com/products/essential-sculpt-v-neck-tops-pack-of-3
https://cavaathleisure.com,10145828307260,Essential Sculpt V-Neck Tops - Pack of 3,Women's T-shirts,CAVA Athleisure Pvt Ltd,52110652080444,XL,WTP904WHBKBNXL,2399.00,False,Sold Out,0,https://cavaathleisure.com/products/essential-sculpt-v-neck-tops-pack-of-3
https://cavaathleisure.com,10145828307260,Essential Sculpt V-Neck Tops - Pack of 3,Women's T-shirts,CAVA Athleisure Pvt Ltd,52110652113212,XXL,WTP904WHBKBNXXL,2399.00,False,Sold Out,0,https://cavaathleisure.com/products/essential-sculpt-v-neck-tops-pack-of-3
https://cavaathleisure.com,10193386275132,Essential Sculpt Capris - Pack of 3,Leggings,CAVA Athleisure Pvt Ltd,52349752672572,XS,WLG903RDNYBKXS,3599.00,False,Sold Out,0,https://cavaathleisure.com/products/essential-sculpt-capris-pack-of-3
https://cavaathleisure.com,10193386275132,Essential Sculpt Capris - Pack of 3,Leggings,CAVA Athleisure Pvt Ltd,52349752705340,S,WLG903RDNYBKS,3599.00,True,Available,1,https://cavaathleisure.com/products/essential-sculpt-capris-pack-of-3
https://cavaathleisure.com,10193386275132,Essential Sculpt Capris - Pack of 3,Leggings,CAVA Athleisure Pvt Ltd,52349752738108,M,WLG903RDNYBKM,3599.00,False,Sold Out,0,https://cavaathleisure.com/products/essential-sculpt-capris-pack-of-3
https://cavaathleisure.com,10193386275132,Essential Sculpt Capris - Pack of 3,Leggings,CAVA Athleisure Pvt Ltd,52349752770876,L,WLG903RDNYBKL,3599.00,False,Sold Out,0,https://cavaathleisure.com/products/essential-sculpt-capris-pack-of-3
https://cavaathleisure.com,10193386275132,Essential Sculpt Capris - Pack of 3,Leggings,CAVA Athleisure Pvt Ltd,52349752803644,XL,WLG903RDNYBKXL,3599.00,False,Sold Out,0,https://cavaathleisure.com/products/essential-sculpt-capris-pack-of-3
https://cavaathleisure.com,10193386275132,Essential Sculpt Capris - Pack of 3,Leggings,CAVA Athleisure Pvt Ltd,52349752836412,XXL,WLG903RDNYBKXXL,3599.00,False,Sold Out,0,https://cavaathleisure.com/products/essential-sculpt-capris-pack-of-3
https://cavaathleisure.com,10193415668028,Basic Sculpt Capris - Pack of 2,Leggings,CAVA Athleisure Pvt Ltd,52349852156220,XS,WLG903NYBKXS,2599.00,False,Sold Out,0,https://cavaathleisure.com/products/basic-sculpt-capris-pack-of-2
https://cavaathleisure.com,10193415668028,Basic Sculpt Capris - Pack of 2,Leggings,CAVA Athleisure Pvt Ltd,52349852188988,S,WLG903NYBKS,2599.00,True,Available,1,https://cavaathleisure.com/products/basic-sculpt-capris-pack-of-2
https://cavaathleisure.com,10193415668028,Basic Sculpt Capris - Pack of 2,Leggings,CAVA Athleisure Pvt Ltd,52349852221756,M,WLG903NYBKM,2599.00,False,Sold Out,0,https://cavaathleisure.com/products/basic-sculpt-capris-pack-of-2
https://cavaathleisure.com,10193415668028,Basic Sculpt Capris - Pack of 2,Leggings,CAVA Athleisure Pvt Ltd,52349852254524,L,WLG903NYBKL,2599.00,False,Sold Out,0,https://cavaathleisure.com/products/basic-sculpt-capris-pack-of-2
https://cavaathleisure.com,10193415668028,Basic Sculpt Capris - Pack of 2,Leggings,CAVA Athleisure Pvt Ltd,52349852287292,XL,WLG903NYBKXL,2599.00,False,Sold Out,0,https://cavaathleisure.com/products/basic-sculpt-capris-pack-of-2
https://cavaathleisure.com,10193415668028,Basic Sculpt Capris - Pack of 2,Leggings,CAVA Athleisure Pvt Ltd,52349852320060,XXL,WLG903NYBKXXL,2599.00,False,Sold Out,0,https://cavaathleisure.com/products/basic-sculpt-capris-pack-of-2
https://cavaathleisure.com,10193416126780,Core Sculpt Capris - Pack of 2,Leggings,CAVA Athleisure Pvt Ltd,52349854253372,XS,WLG903BKRDXS,2599.00,False,Sold Out,0,https://cavaathleisure.com/products/core-sculpt-capris-pack-of-2
https://cavaathleisure.com,10193416126780,Core Sculpt Capris - Pack of 2,Leggings,CAVA Athleisure Pvt Ltd,52349854286140,S,WLG903BKRDS,2599.00,True,Available,1,https://cavaathleisure.com/products/core-sculpt-capris-pack-of-2
https://cavaathleisure.com,10193416126780,Core Sculpt Capris - Pack of 2,Leggings,CAVA Athleisure Pvt Ltd,52349854318908,M,WLG903BKRDM,2599.00,False,Sold Out,0,https://cavaathleisure.com/products/core-sculpt-capris-pack-of-2
https://cavaathleisure.com,10193416126780,Core Sculpt Capris - Pack of 2,Leggings,CAVA Athleisure Pvt Ltd,52349854351676,L,WLG903BKRDL,2599.00,False,Sold Out,0,https://cavaathleisure.com/products/core-sculpt-capris-pack-of-2
https://cavaathleisure.com,10193416126780,Core Sculpt Capris - Pack of 2,Leggings,CAVA Athleisure Pvt Ltd,52349854384444,XL,WLG903BKRDXL,2599.00,False,Sold Out,0,https://cavaathleisure.com/products/core-sculpt-capris-pack-of-2
https://cavaathleisure.com,10193416126780,Core Sculpt Capris - Pack of 2,Leggings,CAVA Athleisure Pvt Ltd,52349854417212,XXL,WLG903BKRDXXL,2599.00,False,Sold Out,0,https://cavaathleisure.com/products/core-sculpt-capris-pack-of-2
https://cavaathleisure.com,10193445650748,Essential Supima V Neck - Pack of 2,Men's T-shirts,CAVA Athleisure Pvt Ltd,52349958160700,S,MTSCS102BKWHS,2079.00,False,Sold Out,0,https://cavaathleisure.com/products/essential-supima-v-neck-pack-of-2
https://cavaathleisure.com,10193445650748,Essential Supima V Neck - Pack of 2,Men's T-shirts,CAVA Athleisure Pvt Ltd,52349958193468,M,MTSCS102BKWHM,2079.00,False,Sold Out,0,https://cavaathleisure.com/products/essential-supima-v-neck-pack-of-2
https://cavaathleisure.com,10193445650748,Essential Supima V Neck - Pack of 2,Men's T-shirts,CAVA Athleisure Pvt Ltd,52349958226236,L,MTSCS102BKWHL,2079.00,True,Available,1,https://cavaathleisure.com/products/essential-supima-v-neck-pack-of-2
https://cavaathleisure.com,10193445650748,Essential Supima V Neck - Pack of 2,Men's T-shirts,CAVA Athleisure Pvt Ltd,52349958259004,XL,MTSCS102BKWHXL,2079.00,False,Sold Out,0,https://cavaathleisure.com/products/essential-supima-v-neck-pack-of-2
https://cavaathleisure.com,10193445650748,Essential Supima V Neck - Pack of 2,Men's T-shirts,CAVA Athleisure Pvt Ltd,52349958291772,XXL,MTSCS102BKWHXXL,2079.00,True,Available,1,https://cavaathleisure.com/products/essential-supima-v-neck-pack-of-2
https://cavaathleisure.com,10193446306108,Staple Supima V Neck - Pack of 3,Men's T-shirts,CAVA Athleisure Pvt Ltd,52349962223932,S,MTS102BKBGWHS,2819.00,False,Sold Out,0,https://cavaathleisure.com/products/staple-supima-v-neck-pack-of-3
https://cavaathleisure.com,10193446306108,Staple Supima V Neck - Pack of 3,Men's T-shirts,CAVA Athleisure Pvt Ltd,52349962256700,M,MTS102BKBGWHM,2819.00,False,Sold Out,0,https://cavaathleisure.com/products/staple-supima-v-neck-pack-of-3
https://cavaathleisure.com,10193446306108,Staple Supima V Neck - Pack of 3,Men's T-shirts,CAVA Athleisure Pvt Ltd,52349962289468,L,MTS102BKBGWHL,2819.00,True,Available,1,https://cavaathleisure.com/products/staple-supima-v-neck-pack-of-3
https://cavaathleisure.com,10193446306108,Staple Supima V Neck - Pack of 3,Men's T-shirts,CAVA Athleisure Pvt Ltd,52349962322236,XL,MTS102BKBGWHXL,2819.00,False,Sold Out,0,https://cavaathleisure.com/products/staple-supima-v-neck-pack-of-3
https://cavaathleisure.com,10193446306108,Staple Supima V Neck - Pack of 3,Men's T-shirts,CAVA Athleisure Pvt Ltd,52349962355004,XXL,MTS102BKBGWHXXL,2819.00,True,Available,1,https://cavaathleisure.com/products/staple-supima-v-neck-pack-of-3
https://cavaathleisure.com,10193446469948,Modern Supima V Neck - Pack of 2,Men's T-shirts,CAVA Athleisure Pvt Ltd,52349963239740,S,MTS102PUGRS,1949.00,True,Available,1,https://cavaathleisure.com/products/modern-supima-v-neck-pack-of-2
https://cavaathleisure.com,10193446469948,Modern Supima V Neck - Pack of 2,Men's T-shirts,CAVA Athleisure Pvt Ltd,52349963272508,M,MTS102PUGRM,1949.00,False,Sold Out,0,https://cavaathleisure.com/products/modern-supima-v-neck-pack-of-2
https://cavaathleisure.com,10193446469948,Modern Supima V Neck - Pack of 2,Men's T-shirts,CAVA Athleisure Pvt Ltd,52349963305276,L,MTS102PUGRL,1949.00,False,Sold Out,0,https://cavaathleisure.com/products/modern-supima-v-neck-pack-of-2
https://cavaathleisure.com,10193446469948,Modern Supima V Neck - Pack of 2,Men's T-shirts,CAVA Athleisure Pvt Ltd,52349963338044,XL,MTS102PUGRXL,1949.00,True,Available,1,https://cavaathleisure.com/products/modern-supima-v-neck-pack-of-2
https://cavaathleisure.com,10193446469948,Modern Supima V Neck - Pack of 2,Men's T-shirts,CAVA Athleisure Pvt Ltd,52349963370812,XXL,MTS102PUGRXXL,1949.00,False,Sold Out,0,https://cavaathleisure.com/products/modern-supima-v-neck-pack-of-2
https://cavaathleisure.com,10193847025980,Aerial Contrast Crop Tank - Pack of 2,Crop Tops,CAVA Athleisure Pvt Ltd,52352839057724,XS,WTN1003BKRDXS,2599.00,False,Sold Out,0,https://cavaathleisure.com/products/aerial-contrast-crop-tank-pack-of-2
https://cavaathleisure.com,10193847025980,Aerial Contrast Crop Tank - Pack of 2,Crop Tops,CAVA Athleisure Pvt Ltd,52352839090492,S,WTN1003BKRDS,2599.00,False,Sold Out,0,https://cavaathleisure.com/products/aerial-contrast-crop-tank-pack-of-2
https://cavaathleisure.com,10193847025980,Aerial Contrast Crop Tank - Pack of 2,Crop Tops,CAVA Athleisure Pvt Ltd,52352839123260,M,WTN1003BKRDM,2599.00,False,Sold Out,0,https://cavaathleisure.com/products/aerial-contrast-crop-tank-pack-of-2
https://cavaathleisure.com,10193847025980,Aerial Contrast Crop Tank - Pack of 2,Crop Tops,CAVA Athleisure Pvt Ltd,52352839156028,L,WTN1003BKRDL,2599.00,False,Sold Out,0,https://cavaathleisure.com/products/aerial-contrast-crop-tank-pack-of-2
https://cavaathleisure.com,10193847025980,Aerial Contrast Crop Tank - Pack of 2,Crop Tops,CAVA Athleisure Pvt Ltd,52352839188796,XL,WTN1003BKRDXL,2599.00,False,Sold Out,0,https://cavaathleisure.com/products/aerial-contrast-crop-tank-pack-of-2
https://cavaathleisure.com,10193847025980,Aerial Contrast Crop Tank - Pack of 2,Crop Tops,CAVA Athleisure Pvt Ltd,52352839221564,XXL,WTN1003BKRDXXL,2599.00,False,Sold Out,0,https://cavaathleisure.com/products/aerial-contrast-crop-tank-pack-of-2
https://cavaathleisure.com,10193833165116,Aerial Contrast Leggings - Pack of 2,Leggings,CAVA Athleisure Pvt Ltd,52352823034172,XS,WLG1011BKRDXS,3249.00,False,Sold Out,0,https://cavaathleisure.com/products/aerial-contrast-leggings-pack-of-2
https://cavaathleisure.com,10193833165116,Aerial Contrast Leggings - Pack of 2,Leggings,CAVA Athleisure Pvt Ltd,52352823066940,S,WLG1011BKRDS,3249.00,True,Available,1,https://cavaathleisure.com/products/aerial-contrast-leggings-pack-of-2
https://cavaathleisure.com,10193833165116,Aerial Contrast Leggings - Pack of 2,Leggings,CAVA Athleisure Pvt Ltd,52352823099708,M,WLG1011BKRDM,3249.00,False,Sold Out,0,https://cavaathleisure.com/products/aerial-contrast-leggings-pack-of-2
https://cavaathleisure.com,10193833165116,Aerial Contrast Leggings - Pack of 2,Leggings,CAVA Athleisure Pvt Ltd,52352823132476,L,WLG1011BKRDL,3249.00,False,Sold Out,0,https://cavaathleisure.com/products/aerial-contrast-leggings-pack-of-2
https://cavaathleisure.com,10193833165116,Aerial Contrast Leggings - Pack of 2,Leggings,CAVA Athleisure Pvt Ltd,52352823165244,XL,WLG1011BKRDXL,3249.00,False,Sold Out,0,https://cavaathleisure.com/products/aerial-contrast-leggings-pack-of-2
https://cavaathleisure.com,10193833165116,Aerial Contrast Leggings - Pack of 2,Leggings,CAVA Athleisure Pvt Ltd,52352823198012,XXL,WLG1011BKRDXXL,3249.00,False,Sold Out,0,https://cavaathleisure.com/products/aerial-contrast-leggings-pack-of-2
https://cavaathleisure.com,10183966163260,Yellow Cotton Wrap Top,Women Topwear,CAVA Athleisure Pvt Ltd,52296215068988,XS,WTP1624YLXS,714.00,False,Sold Out,0,https://cavaathleisure.com/products/yellow-cotton-wrap-top
https://cavaathleisure.com,10183966163260,Yellow Cotton Wrap Top,Women Topwear,CAVA Athleisure Pvt Ltd,52296215101756,S,WTP1624YLS,714.00,False,Sold Out,0,https://cavaathleisure.com/products/yellow-cotton-wrap-top
https://cavaathleisure.com,10183966163260,Yellow Cotton Wrap Top,Women Topwear,CAVA Athleisure Pvt Ltd,52296215134524,M,WTP1624YLM,714.00,False,Sold Out,0,https://cavaathleisure.com/products/yellow-cotton-wrap-top
https://cavaathleisure.com,10183966163260,Yellow Cotton Wrap Top,Women Topwear,CAVA Athleisure Pvt Ltd,52296215167292,L,WTP1624YLL,714.00,False,Sold Out,0,https://cavaathleisure.com/products/yellow-cotton-wrap-top
https://cavaathleisure.com,10183966163260,Yellow Cotton Wrap Top,Women Topwear,CAVA Athleisure Pvt Ltd,52296215200060,XL,WTP1624YLXL,714.00,False,Sold Out,0,https://cavaathleisure.com/products/yellow-cotton-wrap-top
https://cavaathleisure.com,10183966163260,Yellow Cotton Wrap Top,Women Topwear,CAVA Athleisure Pvt Ltd,52296215232828,XXL,WTP1624YLXXL,714.00,False,Sold Out,0,https://cavaathleisure.com/products/yellow-cotton-wrap-top
https://cavaathleisure.com,10183965999420,Pink Cotton Wrap Top,Women Topwear,CAVA Athleisure Pvt Ltd,52296214577468,XS,WTP1624PNXS,714.00,False,Sold Out,0,https://cavaathleisure.com/products/pink-cotton-wrap-top
https://cavaathleisure.com,10183965999420,Pink Cotton Wrap Top,Women Topwear,CAVA Athleisure Pvt Ltd,52296214610236,S,WTP1624PNS,714.00,False,Sold Out,0,https://cavaathleisure.com/products/pink-cotton-wrap-top
https://cavaathleisure.com,10183965999420,Pink Cotton Wrap Top,Women Topwear,CAVA Athleisure Pvt Ltd,52296214643004,M,WTP1624PNM,714.00,False,Sold Out,0,https://cavaathleisure.com/products/pink-cotton-wrap-top
https://cavaathleisure.com,10183965999420,Pink Cotton Wrap Top,Women Topwear,CAVA Athleisure Pvt Ltd,52296214675772,L,WTP1624PNL,714.00,False,Sold Out,0,https://cavaathleisure.com/products/pink-cotton-wrap-top
https://cavaathleisure.com,10183965999420,Pink Cotton Wrap Top,Women Topwear,CAVA Athleisure Pvt Ltd,52296214708540,XL,WTP1624PNXL,714.00,False,Sold Out,0,https://cavaathleisure.com/products/pink-cotton-wrap-top
https://cavaathleisure.com,10183965999420,Pink Cotton Wrap Top,Women Topwear,CAVA Athleisure Pvt Ltd,52296214741308,XXL,WTP1624PNXXL,714.00,False,Sold Out,0,https://cavaathleisure.com/products/pink-cotton-wrap-top
https://cavaathleisure.com,10183966097724,Grey Cotton Wrap Top,Women Topwear,CAVA Athleisure Pvt Ltd,52296214839612,XS,WTP1624GMLXS,714.00,False,Sold Out,0,https://cavaathleisure.com/products/grey-cotton-wrap-top
https://cavaathleisure.com,10183966097724,Grey Cotton Wrap Top,Women Topwear,CAVA Athleisure Pvt Ltd,52296214872380,S,WTP1624GMLS,714.00,False,Sold Out,0,https://cavaathleisure.com/products/grey-cotton-wrap-top
https://cavaathleisure.com,10183966097724,Grey Cotton Wrap Top,Women Topwear,CAVA Athleisure Pvt Ltd,52296214905148,M,WTP1624GMLM,714.00,False,Sold Out,0,https://cavaathleisure.com/products/grey-cotton-wrap-top
https://cavaathleisure.com,10183966097724,Grey Cotton Wrap Top,Women Topwear,CAVA Athleisure Pvt Ltd,52296214937916,L,WTP1624GMLL,714.00,False,Sold Out,0,https://cavaathleisure.com/products/grey-cotton-wrap-top
https://cavaathleisure.com,10183966097724,Grey Cotton Wrap Top,Women Topwear,CAVA Athleisure Pvt Ltd,52296214970684,XL,WTP1624GMLXL,714.00,False,Sold Out,0,https://cavaathleisure.com/products/grey-cotton-wrap-top
https://cavaathleisure.com,10183966097724,Grey Cotton Wrap Top,Women Topwear,CAVA Athleisure Pvt Ltd,52296215003452,XXL,WTP1624GMLXXL,714.00,False,Sold Out,0,https://cavaathleisure.com/products/grey-cotton-wrap-top
https://cavaathleisure.com,10183962689852,Black Cotton Wrap Top,Women Topwear,CAVA Athleisure Pvt Ltd,52296188723516,XS,WTP1624BKXS,714.00,False,Sold Out,0,https://cavaathleisure.com/products/black-cotton-wrap-top
https://cavaathleisure.com,10183962689852,Black Cotton Wrap Top,Women Topwear,CAVA Athleisure Pvt Ltd,52296188756284,S,WTP1624BKS,714.00,False,Sold Out,0,https://cavaathleisure.com/products/black-cotton-wrap-top
https://cavaathleisure.com,10183962689852,Black Cotton Wrap Top,Women Topwear,CAVA Athleisure Pvt Ltd,52296188789052,M,WTP1624BKM,714.00,False,Sold Out,0,https://cavaathleisure.com/products/black-cotton-wrap-top
https://cavaathleisure.com,10183962689852,Black Cotton Wrap Top,Women Topwear,CAVA Athleisure Pvt Ltd,52296188821820,L,WTP1624BKL,714.00,False,Sold Out,0,https://cavaathleisure.com/products/black-cotton-wrap-top
https://cavaathleisure.com,10183962689852,Black Cotton Wrap Top,Women Topwear,CAVA Athleisure Pvt Ltd,52296188854588,XL,WTP1624BKXL,714.00,False,Sold Out,0,https://cavaathleisure.com/products/black-cotton-wrap-top
https://cavaathleisure.com,10183962689852,Black Cotton Wrap Top,Women Topwear,CAVA Athleisure Pvt Ltd,52296188887356,XXL,WTP1624BKXXL,714.00,False,Sold Out,0,https://cavaathleisure.com/products/black-cotton-wrap-top
https://cavaathleisure.com,10193446175036,Classic Supima V Neck - Pack of 2,Men's T-shirts,CAVA Athleisure Pvt Ltd,52349961109820,S,MTS102NYBGS,1949.00,True,Available,1,https://cavaathleisure.com/products/classic-supima-v-neck-pack-of-2
https://cavaathleisure.com,10193446175036,Classic Supima V Neck - Pack of 2,Men's T-shirts,CAVA Athleisure Pvt Ltd,52349961142588,M,MTS102NYBGM,1949.00,True,Available,1,https://cavaathleisure.com/products/classic-supima-v-neck-pack-of-2
https://cavaathleisure.com,10193446175036,Classic Supima V Neck - Pack of 2,Men's T-shirts,CAVA Athleisure Pvt Ltd,52349961175356,L,MTS102NYBGL,1949.00,True,Available,1,https://cavaathleisure.com/products/classic-supima-v-neck-pack-of-2
https://cavaathleisure.com,10193446175036,Classic Supima V Neck - Pack of 2,Men's T-shirts,CAVA Athleisure Pvt Ltd,52349961208124,XL,MTS102NYBGXL,1949.00,True,Available,1,https://cavaathleisure.com/products/classic-supima-v-neck-pack-of-2
https://cavaathleisure.com,10193446175036,Classic Supima V Neck - Pack of 2,Men's T-shirts,CAVA Athleisure Pvt Ltd,52349961240892,XXL,MTS102NYBGXXL,1949.00,True,Available,1,https://cavaathleisure.com/products/classic-supima-v-neck-pack-of-2
https://cavaathleisure.com,10183965901116,Navy Cotton Wrap Top,Women Topwear,CAVA Athleisure Pvt Ltd,52296212807996,XS,WTP1624NYXS,714.00,False,Sold Out,0,https://cavaathleisure.com/products/navy-cotton-wrap-top
https://cavaathleisure.com,10183965901116,Navy Cotton Wrap Top,Women Topwear,CAVA Athleisure Pvt Ltd,52296212840764,S,WTP1624NYS,714.00,False,Sold Out,0,https://cavaathleisure.com/products/navy-cotton-wrap-top
https://cavaathleisure.com,10183965901116,Navy Cotton Wrap Top,Women Topwear,CAVA Athleisure Pvt Ltd,52296212873532,M,WTP1624NYM,714.00,False,Sold Out,0,https://cavaathleisure.com/products/navy-cotton-wrap-top
https://cavaathleisure.com,10183965901116,Navy Cotton Wrap Top,Women Topwear,CAVA Athleisure Pvt Ltd,52296212906300,L,WTP1624NYL,714.00,False,Sold Out,0,https://cavaathleisure.com/products/navy-cotton-wrap-top
https://cavaathleisure.com,10183965901116,Navy Cotton Wrap Top,Women Topwear,CAVA Athleisure Pvt Ltd,52296212939068,XL,WTP1624NYXL,714.00,False,Sold Out,0,https://cavaathleisure.com/products/navy-cotton-wrap-top
https://cavaathleisure.com,10183965901116,Navy Cotton Wrap Top,Women Topwear,CAVA Athleisure Pvt Ltd,52296212971836,XXL,WTP1624NYXXL,714.00,True,Available,1,https://cavaathleisure.com/products/navy-cotton-wrap-top
https://cavaathleisure.com,10183357661500,Grey Cotton Recovery Jacket,Women's Jackets,CAVA Athleisure Pvt Ltd,52293278105916,XS,WJK1636GMLXS,1264.00,True,Available,1,https://cavaathleisure.com/products/grey-cotton-recovery-jacket
https://cavaathleisure.com,10183357661500,Grey Cotton Recovery Jacket,Women's Jackets,CAVA Athleisure Pvt Ltd,52293278138684,S,WJK1636GMLS,1264.00,False,Sold Out,0,https://cavaathleisure.com/products/grey-cotton-recovery-jacket
https://cavaathleisure.com,10183357661500,Grey Cotton Recovery Jacket,Women's Jackets,CAVA Athleisure Pvt Ltd,52293278171452,M,WJK1636GMLM,1264.00,False,Sold Out,0,https://cavaathleisure.com/products/grey-cotton-recovery-jacket
https://cavaathleisure.com,10183357661500,Grey Cotton Recovery Jacket,Women's Jackets,CAVA Athleisure Pvt Ltd,52293278204220,L,WJK1636GMLL,1264.00,False,Sold Out,0,https://cavaathleisure.com/products/grey-cotton-recovery-jacket
https://cavaathleisure.com,10183357661500,Grey Cotton Recovery Jacket,Women's Jackets,CAVA Athleisure Pvt Ltd,52293278236988,XL,WJK1636GMLXL,1264.00,False,Sold Out,0,https://cavaathleisure.com/products/grey-cotton-recovery-jacket
https://cavaathleisure.com,10183357661500,Grey Cotton Recovery Jacket,Women's Jackets,CAVA Athleisure Pvt Ltd,52293278269756,XXL,WJK1636GMLXXL,1264.00,False,Sold Out,0,https://cavaathleisure.com/products/grey-cotton-recovery-jacket
https://cavaathleisure.com,10183357595964,Navy Cotton Recovery Jacket,Women's Jackets,CAVA Athleisure Pvt Ltd,52293271322940,XS,WJK1636NYXS,1264.00,True,Available,1,https://cavaathleisure.com/products/navy-cotton-recovery-jacket
https://cavaathleisure.com,10183357595964,Navy Cotton Recovery Jacket,Women's Jackets,CAVA Athleisure Pvt Ltd,52293271355708,S,WJK1636NYS,1264.00,False,Sold Out,0,https://cavaathleisure.com/products/navy-cotton-recovery-jacket
https://cavaathleisure.com,10183357595964,Navy Cotton Recovery Jacket,Women's Jackets,CAVA Athleisure Pvt Ltd,52293271388476,M,WJK1636NYM,1264.00,False,Sold Out,0,https://cavaathleisure.com/products/navy-cotton-recovery-jacket
https://cavaathleisure.com,10183357595964,Navy Cotton Recovery Jacket,Women's Jackets,CAVA Athleisure Pvt Ltd,52293271421244,L,WJK1636NYL,1264.00,False,Sold Out,0,https://cavaathleisure.com/products/navy-cotton-recovery-jacket
https://cavaathleisure.com,10183357595964,Navy Cotton Recovery Jacket,Women's Jackets,CAVA Athleisure Pvt Ltd,52293271454012,XL,WJK1636NYXL,1264.00,False,Sold Out,0,https://cavaathleisure.com/products/navy-cotton-recovery-jacket
https://cavaathleisure.com,10183357595964,Navy Cotton Recovery Jacket,Women's Jackets,CAVA Athleisure Pvt Ltd,52293271486780,XXL,WJK1636NYXXL,1264.00,False,Sold Out,0,https://cavaathleisure.com/products/navy-cotton-recovery-jacket
https://cavaathleisure.com,10176328433980,Black Contrast Tank Us Later Top,Women Topwear,CAVA Athleisure Pvt Ltd,52264829485372,XS,WTN10SET3BKWHXS,1299.00,False,Sold Out,0,https://cavaathleisure.com/products/black-contrast-tank-us-later-top
https://cavaathleisure.com,10176328433980,Black Contrast Tank Us Later Top,Women Topwear,CAVA Athleisure Pvt Ltd,52264829518140,S,WTN10SET3BKWHS,1299.00,False,Sold Out,0,https://cavaathleisure.com/products/black-contrast-tank-us-later-top
https://cavaathleisure.com,10176328433980,Black Contrast Tank Us Later Top,Women Topwear,CAVA Athleisure Pvt Ltd,52264829550908,M,WTN10SET3BKWHM,1299.00,False,Sold Out,0,https://cavaathleisure.com/products/black-contrast-tank-us-later-top
https://cavaathleisure.com,10176328433980,Black Contrast Tank Us Later Top,Women Topwear,CAVA Athleisure Pvt Ltd,52264829583676,L,WTN10SET3BKWHL,1299.00,False,Sold Out,0,https://cavaathleisure.com/products/black-contrast-tank-us-later-top
https://cavaathleisure.com,10176328433980,Black Contrast Tank Us Later Top,Women Topwear,CAVA Athleisure Pvt Ltd,52264829616444,XL,WTN10SET3BKWHXL,1299.00,False,Sold Out,0,https://cavaathleisure.com/products/black-contrast-tank-us-later-top
https://cavaathleisure.com,10176328433980,Black Contrast Tank Us Later Top,Women Topwear,CAVA Athleisure Pvt Ltd,52264829649212,XXL,WTN10SET3BKWHXXL,1299.00,False,Sold Out,0,https://cavaathleisure.com/products/black-contrast-tank-us-later-top
https://cavaathleisure.com,10183338688828,Black Cotton Recovery Jacket,Women's Jackets,CAVA Athleisure Pvt Ltd,52293260443964,XS,WJK1636BKXS,1264.00,False,Sold Out,0,https://cavaathleisure.com/products/black-cotton-recovery-jacket
https://cavaathleisure.com,10183338688828,Black Cotton Recovery Jacket,Women's Jackets,CAVA Athleisure Pvt Ltd,52293260476732,S,WJK1636BKS,1264.00,False,Sold Out,0,https://cavaathleisure.com/products/black-cotton-recovery-jacket
https://cavaathleisure.com,10183338688828,Black Cotton Recovery Jacket,Women's Jackets,CAVA Athleisure Pvt Ltd,52293260509500,M,WJK1636BKM,1264.00,False,Sold Out,0,https://cavaathleisure.com/products/black-cotton-recovery-jacket
https://cavaathleisure.com,10183338688828,Black Cotton Recovery Jacket,Women's Jackets,CAVA Athleisure Pvt Ltd,52293260542268,L,WJK1636BKL,1264.00,True,Available,1,https://cavaathleisure.com/products/black-cotton-recovery-jacket
https://cavaathleisure.com,10183338688828,Black Cotton Recovery Jacket,Women's Jackets,CAVA Athleisure Pvt Ltd,52293260575036,XL,WJK1636BKXL,1264.00,False,Sold Out,0,https://cavaathleisure.com/products/black-cotton-recovery-jacket
https://cavaathleisure.com,10183338688828,Black Cotton Recovery Jacket,Women's Jackets,CAVA Athleisure Pvt Ltd,52293260607804,XXL,WJK1636BKXXL,1264.00,False,Sold Out,0,https://cavaathleisure.com/products/black-cotton-recovery-jacket
https://cavaathleisure.com,10183954727228,Black Cotton Twirl Skorts,Skorts and Skirts,CAVA Athleisure Pvt Ltd,52296071577916,XS,WSK1635BKXS,1119.00,False,Sold Out,0,https://cavaathleisure.com/products/black-cotton-twirl-skort
https://cavaathleisure.com,10183954727228,Black Cotton Twirl Skorts,Skorts and Skirts,CAVA Athleisure Pvt Ltd,52296071610684,S,WSK1635BKS,1119.00,False,Sold Out,0,https://cavaathleisure.com/products/black-cotton-twirl-skort
https://cavaathleisure.com,10183954727228,Black Cotton Twirl Skorts,Skorts and Skirts,CAVA Athleisure Pvt Ltd,52296071643452,M,WSK1635BKM,1119.00,False,Sold Out,0,https://cavaathleisure.com/products/black-cotton-twirl-skort
https://cavaathleisure.com,10183954727228,Black Cotton Twirl Skorts,Skorts and Skirts,CAVA Athleisure Pvt Ltd,52296071676220,L,WSK1635BKL,1119.00,False,Sold Out,0,https://cavaathleisure.com/products/black-cotton-twirl-skort
https://cavaathleisure.com,10183954727228,Black Cotton Twirl Skorts,Skorts and Skirts,CAVA Athleisure Pvt Ltd,52296071708988,XL,WSK1635BKXL,1119.00,False,Sold Out,0,https://cavaathleisure.com/products/black-cotton-twirl-skort
https://cavaathleisure.com,10183954727228,Black Cotton Twirl Skorts,Skorts and Skirts,CAVA Athleisure Pvt Ltd,52296071741756,XXL,WSK1635BKXXL,1119.00,False,Sold Out,0,https://cavaathleisure.com/products/black-cotton-twirl-skort
https://cavaathleisure.com,10183958561084,Navy Cotton Twirl Skorts,Skorts and Skirts,CAVA Athleisure Pvt Ltd,52296107491644,XS,WSK1635NYXS,1119.00,False,Sold Out,0,https://cavaathleisure.com/products/navy-cotton-twirl-skort
https://cavaathleisure.com,10183958561084,Navy Cotton Twirl Skorts,Skorts and Skirts,CAVA Athleisure Pvt Ltd,52296107524412,S,WSK1635NYS,1119.00,False,Sold Out,0,https://cavaathleisure.com/products/navy-cotton-twirl-skort
https://cavaathleisure.com,10183958561084,Navy Cotton Twirl Skorts,Skorts and Skirts,CAVA Athleisure Pvt Ltd,52296107557180,M,WSK1635NYM,1119.00,False,Sold Out,0,https://cavaathleisure.com/products/navy-cotton-twirl-skort
https://cavaathleisure.com,10183958561084,Navy Cotton Twirl Skorts,Skorts and Skirts,CAVA Athleisure Pvt Ltd,52296107589948,L,WSK1635NYL,1119.00,False,Sold Out,0,https://cavaathleisure.com/products/navy-cotton-twirl-skort
https://cavaathleisure.com,10183958561084,Navy Cotton Twirl Skorts,Skorts and Skirts,CAVA Athleisure Pvt Ltd,52296107622716,XL,WSK1635NYXL,1119.00,False,Sold Out,0,https://cavaathleisure.com/products/navy-cotton-twirl-skort
https://cavaathleisure.com,10183958561084,Navy Cotton Twirl Skorts,Skorts and Skirts,CAVA Athleisure Pvt Ltd,52296107655484,XXL,WSK1635NYXXL,1119.00,False,Sold Out,0,https://cavaathleisure.com/products/navy-cotton-twirl-skort
https://cavaathleisure.com,10183961968956,Yellow Cotton Scoop Tank,Women's Tanks,CAVA Athleisure Pvt Ltd,52296176107836,XS,WTN1622YLXS,879.00,False,Sold Out,0,https://cavaathleisure.com/products/yellow-cotton-scoop-tank
https://cavaathleisure.com,10183961968956,Yellow Cotton Scoop Tank,Women's Tanks,CAVA Athleisure Pvt Ltd,52296176140604,S,WTN1622YLS,879.00,False,Sold Out,0,https://cavaathleisure.com/products/yellow-cotton-scoop-tank
https://cavaathleisure.com,10183961968956,Yellow Cotton Scoop Tank,Women's Tanks,CAVA Athleisure Pvt Ltd,52296176173372,M,WTN1622YLM,879.00,False,Sold Out,0,https://cavaathleisure.com/products/yellow-cotton-scoop-tank
https://cavaathleisure.com,10183961968956,Yellow Cotton Scoop Tank,Women's Tanks,CAVA Athleisure Pvt Ltd,52296176206140,L,WTN1622YLL,879.00,False,Sold Out,0,https://cavaathleisure.com/products/yellow-cotton-scoop-tank
https://cavaathleisure.com,10183961968956,Yellow Cotton Scoop Tank,Women's Tanks,CAVA Athleisure Pvt Ltd,52296176238908,XL,WTN1622YLXL,879.00,False,Sold Out,0,https://cavaathleisure.com/products/yellow-cotton-scoop-tank
https://cavaathleisure.com,10183961968956,Yellow Cotton Scoop Tank,Women's Tanks,CAVA Athleisure Pvt Ltd,52296176271676,XXL,WTN1622YLXXL,879.00,False,Sold Out,0,https://cavaathleisure.com/products/yellow-cotton-scoop-tank
https://cavaathleisure.com,10183958659388,Yellow Cotton Twirl Skorts,Skorts and Skirts,CAVA Athleisure Pvt Ltd,52296108081468,XS,WSK1635YLXS,1119.00,False,Sold Out,0,https://cavaathleisure.com/products/yellow-cotton-twirl-skort
https://cavaathleisure.com,10183958659388,Yellow Cotton Twirl Skorts,Skorts and Skirts,CAVA Athleisure Pvt Ltd,52296108114236,S,WSK1635YLS,1119.00,False,Sold Out,0,https://cavaathleisure.com/products/yellow-cotton-twirl-skort
https://cavaathleisure.com,10183958659388,Yellow Cotton Twirl Skorts,Skorts and Skirts,CAVA Athleisure Pvt Ltd,52296108147004,M,WSK1635YLM,1119.00,False,Sold Out,0,https://cavaathleisure.com/products/yellow-cotton-twirl-skort
https://cavaathleisure.com,10183958659388,Yellow Cotton Twirl Skorts,Skorts and Skirts,CAVA Athleisure Pvt Ltd,52296108179772,L,WSK1635YLL,1119.00,False,Sold Out,0,https://cavaathleisure.com/products/yellow-cotton-twirl-skort
https://cavaathleisure.com,10183958659388,Yellow Cotton Twirl Skorts,Skorts and Skirts,CAVA Athleisure Pvt Ltd,52296108212540,XL,WSK1635YLXL,1119.00,False,Sold Out,0,https://cavaathleisure.com/products/yellow-cotton-twirl-skort
https://cavaathleisure.com,10183958659388,Yellow Cotton Twirl Skorts,Skorts and Skirts,CAVA Athleisure Pvt Ltd,52296108245308,XXL,WSK1635YLXXL,1119.00,False,Sold Out,0,https://cavaathleisure.com/products/yellow-cotton-twirl-skort
https://cavaathleisure.com,10183959609660,Black Cotton Scoop Tank,Women's Tanks,CAVA Athleisure Pvt Ltd,52296122368316,XS,WTN1622BKXS,879.00,False,Sold Out,0,https://cavaathleisure.com/products/black-cotton-scoop-tank
https://cavaathleisure.com,10183959609660,Black Cotton Scoop Tank,Women's Tanks,CAVA Athleisure Pvt Ltd,52296122401084,S,WTN1622BKS,879.00,False,Sold Out,0,https://cavaathleisure.com/products/black-cotton-scoop-tank
https://cavaathleisure.com,10183959609660,Black Cotton Scoop Tank,Women's Tanks,CAVA Athleisure Pvt Ltd,52296122433852,M,WTN1622BKM,879.00,False,Sold Out,0,https://cavaathleisure.com/products/black-cotton-scoop-tank
https://cavaathleisure.com,10183959609660,Black Cotton Scoop Tank,Women's Tanks,CAVA Athleisure Pvt Ltd,52296122466620,L,WTN1622BKL,879.00,False,Sold Out,0,https://cavaathleisure.com/products/black-cotton-scoop-tank
https://cavaathleisure.com,10183959609660,Black Cotton Scoop Tank,Women's Tanks,CAVA Athleisure Pvt Ltd,52296122499388,XL,WTN1622BKXL,879.00,True,Available,1,https://cavaathleisure.com/products/black-cotton-scoop-tank
https://cavaathleisure.com,10183959609660,Black Cotton Scoop Tank,Women's Tanks,CAVA Athleisure Pvt Ltd,52296122532156,XXL,WTN1622BKXXL,879.00,False,Sold Out,0,https://cavaathleisure.com/products/black-cotton-scoop-tank
https://cavaathleisure.com,10183961641276,Pink Cotton Scoop Tank,Women's Tanks,CAVA Athleisure Pvt Ltd,52296172863804,XS,WTN1622PNXS,879.00,False,Sold Out,0,https://cavaathleisure.com/products/pink-cotton-scoop-tank
https://cavaathleisure.com,10183961641276,Pink Cotton Scoop Tank,Women's Tanks,CAVA Athleisure Pvt Ltd,52296172896572,S,WTN1622PNS,879.00,False,Sold Out,0,https://cavaathleisure.com/products/pink-cotton-scoop-tank
https://cavaathleisure.com,10183961641276,Pink Cotton Scoop Tank,Women's Tanks,CAVA Athleisure Pvt Ltd,52296172929340,M,WTN1622PNM,879.00,False,Sold Out,0,https://cavaathleisure.com/products/pink-cotton-scoop-tank
https://cavaathleisure.com,10183961641276,Pink Cotton Scoop Tank,Women's Tanks,CAVA Athleisure Pvt Ltd,52296172962108,L,WTN1622PNL,879.00,False,Sold Out,0,https://cavaathleisure.com/products/pink-cotton-scoop-tank
https://cavaathleisure.com,10183961641276,Pink Cotton Scoop Tank,Women's Tanks,CAVA Athleisure Pvt Ltd,52296172994876,XL,WTN1622PNXL,879.00,True,Available,1,https://cavaathleisure.com/products/pink-cotton-scoop-tank
https://cavaathleisure.com,10183961641276,Pink Cotton Scoop Tank,Women's Tanks,CAVA Athleisure Pvt Ltd,52296173027644,XXL,WTN1622PNXXL,879.00,True,Available,1,https://cavaathleisure.com/products/pink-cotton-scoop-tank
https://cavaathleisure.com,10183961772348,Grey Cotton Scoop Tank,Women's Tanks,CAVA Athleisure Pvt Ltd,52296174272828,XS,WTN1622GMLXS,879.00,False,Sold Out,0,https://cavaathleisure.com/products/grey-cotton-scoop-tank
https://cavaathleisure.com,10183961772348,Grey Cotton Scoop Tank,Women's Tanks,CAVA Athleisure Pvt Ltd,52296174305596,S,WTN1622GMLS,879.00,False,Sold Out,0,https://cavaathleisure.com/products/grey-cotton-scoop-tank
https://cavaathleisure.com,10183961772348,Grey Cotton Scoop Tank,Women's Tanks,CAVA Athleisure Pvt Ltd,52296174338364,M,WTN1622GMLM,879.00,False,Sold Out,0,https://cavaathleisure.com/products/grey-cotton-scoop-tank
https://cavaathleisure.com,10183961772348,Grey Cotton Scoop Tank,Women's Tanks,CAVA Athleisure Pvt Ltd,52296174371132,L,WTN1622GMLL,879.00,True,Available,1,https://cavaathleisure.com/products/grey-cotton-scoop-tank
https://cavaathleisure.com,10183961772348,Grey Cotton Scoop Tank,Women's Tanks,CAVA Athleisure Pvt Ltd,52296174403900,XL,WTN1622GMLXL,879.00,True,Available,1,https://cavaathleisure.com/products/grey-cotton-scoop-tank
https://cavaathleisure.com,10183961772348,Grey Cotton Scoop Tank,Women's Tanks,CAVA Athleisure Pvt Ltd,52296174436668,XXL,WTN1622GMLXXL,879.00,True,Available,1,https://cavaathleisure.com/products/grey-cotton-scoop-tank
https://cavaathleisure.com,10176327975228,Navy Sculpt Built-In Top,Women Topwear,CAVA Athleisure Pvt Ltd,52264821391676,XS,WTP1CS05NYXS,1234.00,False,Sold Out,0,https://cavaathleisure.com/products/navy-sculpt-built-in-top
https://cavaathleisure.com,10176327975228,Navy Sculpt Built-In Top,Women Topwear,CAVA Athleisure Pvt Ltd,52264821424444,S,WTP1CS05NYS,1234.00,False,Sold Out,0,https://cavaathleisure.com/products/navy-sculpt-built-in-top
https://cavaathleisure.com,10176327975228,Navy Sculpt Built-In Top,Women Topwear,CAVA Athleisure Pvt Ltd,52264821457212,M,WTP1CS05NYM,1234.00,False,Sold Out,0,https://cavaathleisure.com/products/navy-sculpt-built-in-top
https://cavaathleisure.com,10176327975228,Navy Sculpt Built-In Top,Women Topwear,CAVA Athleisure Pvt Ltd,52264821489980,L,WTP1CS05NYL,1234.00,False,Sold Out,0,https://cavaathleisure.com/products/navy-sculpt-built-in-top
https://cavaathleisure.com,10176327975228,Navy Sculpt Built-In Top,Women Topwear,CAVA Athleisure Pvt Ltd,52264821522748,XL,WTP1CS05NYXL,1234.00,False,Sold Out,0,https://cavaathleisure.com/products/navy-sculpt-built-in-top
https://cavaathleisure.com,10176327975228,Navy Sculpt Built-In Top,Women Topwear,CAVA Athleisure Pvt Ltd,52264821555516,XXL,WTP1CS05NYXXL,1234.00,False,Sold Out,0,https://cavaathleisure.com/products/navy-sculpt-built-in-top
https://cavaathleisure.com,10183958593852,Pink Cotton Twirl Skorts,Skorts and Skirts,CAVA Athleisure Pvt Ltd,52296107688252,XS,WSK1635PNXS,1119.00,False,Sold Out,0,https://cavaathleisure.com/products/pink-cotton-twirl-skort
https://cavaathleisure.com,10183958593852,Pink Cotton Twirl Skorts,Skorts and Skirts,CAVA Athleisure Pvt Ltd,52296107721020,S,WSK1635PNS,1119.00,False,Sold Out,0,https://cavaathleisure.com/products/pink-cotton-twirl-skort
https://cavaathleisure.com,10183958593852,Pink Cotton Twirl Skorts,Skorts and Skirts,CAVA Athleisure Pvt Ltd,52296107753788,M,WSK1635PNM,1119.00,False,Sold Out,0,https://cavaathleisure.com/products/pink-cotton-twirl-skort
https://cavaathleisure.com,10183958593852,Pink Cotton Twirl Skorts,Skorts and Skirts,CAVA Athleisure Pvt Ltd,52296107786556,L,WSK1635PNL,1119.00,True,Available,1,https://cavaathleisure.com/products/pink-cotton-twirl-skort
https://cavaathleisure.com,10183958593852,Pink Cotton Twirl Skorts,Skorts and Skirts,CAVA Athleisure Pvt Ltd,52296107819324,XL,WSK1635PNXL,1119.00,False,Sold Out,0,https://cavaathleisure.com/products/pink-cotton-twirl-skort
https://cavaathleisure.com,10183958593852,Pink Cotton Twirl Skorts,Skorts and Skirts,CAVA Athleisure Pvt Ltd,52296107852092,XXL,WSK1635PNXXL,1119.00,False,Sold Out,0,https://cavaathleisure.com/products/pink-cotton-twirl-skort
https://cavaathleisure.com,10179140747580,Toasted Aerial Crop Tank,Crop Tops,CAVA Athleisure Pvt Ltd,52278710731068,XS,WTN8SET12BNXS,1192.00,False,Sold Out,0,https://cavaathleisure.com/products/toasted-aerial-crop-tank
https://cavaathleisure.com,10179140747580,Toasted Aerial Crop Tank,Crop Tops,CAVA Athleisure Pvt Ltd,52278710763836,S,WTN8SET12BNS,1192.00,False,Sold Out,0,https://cavaathleisure.com/products/toasted-aerial-crop-tank
https://cavaathleisure.com,10179140747580,Toasted Aerial Crop Tank,Crop Tops,CAVA Athleisure Pvt Ltd,52278710796604,M,WTN8SET12BNM,1192.00,False,Sold Out,0,https://cavaathleisure.com/products/toasted-aerial-crop-tank
https://cavaathleisure.com,10179140747580,Toasted Aerial Crop Tank,Crop Tops,CAVA Athleisure Pvt Ltd,52278710829372,L,WTN8SET12BNL,1192.00,False,Sold Out,0,https://cavaathleisure.com/products/toasted-aerial-crop-tank
https://cavaathleisure.com,10179140747580,Toasted Aerial Crop Tank,Crop Tops,CAVA Athleisure Pvt Ltd,52278710862140,XL,WTN8SET12BNXL,1192.00,True,Available,1,https://cavaathleisure.com/products/toasted-aerial-crop-tank
https://cavaathleisure.com,10179140747580,Toasted Aerial Crop Tank,Crop Tops,CAVA Athleisure Pvt Ltd,52278710894908,XXL,WTN8SET12BNXXL,1192.00,True,Available,1,https://cavaathleisure.com/products/toasted-aerial-crop-tank
https://cavaathleisure.com,10176328565052,Pink Aerial Crop Tank,Crop Tops,CAVA Athleisure Pvt Ltd,52264832368956,XS,WTN8SET12BPNXS,999.00,False,Sold Out,0,https://cavaathleisure.com/products/pink-aerial-crop-tank
https://cavaathleisure.com,10176328565052,Pink Aerial Crop Tank,Crop Tops,CAVA Athleisure Pvt Ltd,52264832401724,S,WTN8SET12BPNS,999.00,False,Sold Out,0,https://cavaathleisure.com/products/pink-aerial-crop-tank
https://cavaathleisure.com,10176328565052,Pink Aerial Crop Tank,Crop Tops,CAVA Athleisure Pvt Ltd,52264832434492,M,WTN8SET12BPNM,999.00,False,Sold Out,0,https://cavaathleisure.com/products/pink-aerial-crop-tank
https://cavaathleisure.com,10176328565052,Pink Aerial Crop Tank,Crop Tops,CAVA Athleisure Pvt Ltd,52264832467260,L,WTN8SET12BPNL,999.00,False,Sold Out,0,https://cavaathleisure.com/products/pink-aerial-crop-tank
https://cavaathleisure.com,10176328565052,Pink Aerial Crop Tank,Crop Tops,CAVA Athleisure Pvt Ltd,52264832500028,XL,WTN8SET12BPNXL,999.00,True,Available,1,https://cavaathleisure.com/products/pink-aerial-crop-tank
https://cavaathleisure.com,10176328565052,Pink Aerial Crop Tank,Crop Tops,CAVA Athleisure Pvt Ltd,52264832532796,XXL,WTN8SET12BPNXXL,999.00,True,Available,1,https://cavaathleisure.com/products/pink-aerial-crop-tank
https://cavaathleisure.com,10183958626620,Grey Cotton Twirl Skorts,Skorts and Skirts,CAVA Athleisure Pvt Ltd,52296107884860,XS,WSK1635GMLXS,1119.00,True,Available,1,https://cavaathleisure.com/products/grey-cotton-twirl-skort
https://cavaathleisure.com,10183958626620,Grey Cotton Twirl Skorts,Skorts and Skirts,CAVA Athleisure Pvt Ltd,52296107917628,S,WSK1635GMLS,1119.00,True,Available,1,https://cavaathleisure.com/products/grey-cotton-twirl-skort
https://cavaathleisure.com,10183958626620,Grey Cotton Twirl Skorts,Skorts and Skirts,CAVA Athleisure Pvt Ltd,52296107950396,M,WSK1635GMLM,1119.00,True,Available,1,https://cavaathleisure.com/products/grey-cotton-twirl-skort
https://cavaathleisure.com,10183958626620,Grey Cotton Twirl Skorts,Skorts and Skirts,CAVA Athleisure Pvt Ltd,52296107983164,L,WSK1635GMLL,1119.00,False,Sold Out,0,https://cavaathleisure.com/products/grey-cotton-twirl-skort
https://cavaathleisure.com,10183958626620,Grey Cotton Twirl Skorts,Skorts and Skirts,CAVA Athleisure Pvt Ltd,52296108015932,XL,WSK1635GMLXL,1119.00,True,Available,1,https://cavaathleisure.com/products/grey-cotton-twirl-skort
https://cavaathleisure.com,10183958626620,Grey Cotton Twirl Skorts,Skorts and Skirts,CAVA Athleisure Pvt Ltd,52296108048700,XXL,WSK1635GMLXXL,1119.00,True,Available,1,https://cavaathleisure.com/products/grey-cotton-twirl-skort
https://cavaathleisure.com,10176761987388,Toasted Aerial Leggings,Leggings,CAVA Athleisure Pvt Ltd,52267383816508,XS,WLG8SET12BNXS,999.00,True,Available,1,https://cavaathleisure.com/products/toasted-aerial-leggings
https://cavaathleisure.com,10176761987388,Toasted Aerial Leggings,Leggings,CAVA Athleisure Pvt Ltd,52267383849276,S,WLG8SET12BNS,999.00,True,Available,1,https://cavaathleisure.com/products/toasted-aerial-leggings
https://cavaathleisure.com,10176761987388,Toasted Aerial Leggings,Leggings,CAVA Athleisure Pvt Ltd,52267383882044,M,WLG8SET12BNM,999.00,True,Available,1,https://cavaathleisure.com/products/toasted-aerial-leggings
https://cavaathleisure.com,10176761987388,Toasted Aerial Leggings,Leggings,CAVA Athleisure Pvt Ltd,52267383914812,L,WLG8SET12BNL,999.00,False,Sold Out,0,https://cavaathleisure.com/products/toasted-aerial-leggings
https://cavaathleisure.com,10176761987388,Toasted Aerial Leggings,Leggings,CAVA Athleisure Pvt Ltd,52267383947580,XL,WLG8SET12BNXL,999.00,True,Available,1,https://cavaathleisure.com/products/toasted-aerial-leggings
https://cavaathleisure.com,10176761987388,Toasted Aerial Leggings,Leggings,CAVA Athleisure Pvt Ltd,52267383980348,XXL,WLG8SET12BNXXL,999.00,False,Sold Out,0,https://cavaathleisure.com/products/toasted-aerial-leggings
https://cavaathleisure.com,10098283544892,Pink Aerial Leggings,Leggings,CAVA Athleisure Pvt Ltd,51914343514428,XS,WLG8SET12PNXS,1125.00,False,Sold Out,0,https://cavaathleisure.com/products/pink-aerial-leggings
https://cavaathleisure.com,10098283544892,Pink Aerial Leggings,Leggings,CAVA Athleisure Pvt Ltd,51914343547196,S,WLG8SET12PNS,1125.00,False,Sold Out,0,https://cavaathleisure.com/products/pink-aerial-leggings
https://cavaathleisure.com,10098283544892,Pink Aerial Leggings,Leggings,CAVA Athleisure Pvt Ltd,51914343579964,M,WLG8SET12PNM,1125.00,True,Available,1,https://cavaathleisure.com/products/pink-aerial-leggings
https://cavaathleisure.com,10098283544892,Pink Aerial Leggings,Leggings,CAVA Athleisure Pvt Ltd,51914343612732,L,WLG8SET12PNL,1125.00,False,Sold Out,0,https://cavaathleisure.com/products/pink-aerial-leggings
https://cavaathleisure.com,10098283544892,Pink Aerial Leggings,Leggings,CAVA Athleisure Pvt Ltd,51914343645500,XL,WLG8SET12PNXL,1125.00,True,Available,1,https://cavaathleisure.com/products/pink-aerial-leggings
https://cavaathleisure.com,10098283544892,Pink Aerial Leggings,Leggings,CAVA Athleisure Pvt Ltd,51914343678268,XXL,WLG8SET12PNXXL,1125.00,False,Sold Out,0,https://cavaathleisure.com/products/pink-aerial-leggings
https://cavaathleisure.com,10169787941180,Mint Cloud Shorts,Women's Shorts,CAVA Athleisure Pvt Ltd,52220285354300,XS,WSH1629BLXS,749.00,False,Sold Out,0,https://cavaathleisure.com/products/mint-cloud-shorts
https://cavaathleisure.com,10169787941180,Mint Cloud Shorts,Women's Shorts,CAVA Athleisure Pvt Ltd,52220285387068,S,WSH1629BLS,749.00,False,Sold Out,0,https://cavaathleisure.com/products/mint-cloud-shorts
https://cavaathleisure.com,10169787941180,Mint Cloud Shorts,Women's Shorts,CAVA Athleisure Pvt Ltd,52220285419836,M,WSH1629BLM,749.00,False,Sold Out,0,https://cavaathleisure.com/products/mint-cloud-shorts
https://cavaathleisure.com,10169787941180,Mint Cloud Shorts,Women's Shorts,CAVA Athleisure Pvt Ltd,52220285452604,L,WSH1629BLL,749.00,False,Sold Out,0,https://cavaathleisure.com/products/mint-cloud-shorts
https://cavaathleisure.com,10169787941180,Mint Cloud Shorts,Women's Shorts,CAVA Athleisure Pvt Ltd,52220285485372,XL,WSH1629BLXL,749.00,False,Sold Out,0,https://cavaathleisure.com/products/mint-cloud-shorts
https://cavaathleisure.com,10169787941180,Mint Cloud Shorts,Women's Shorts,CAVA Athleisure Pvt Ltd,52220285518140,XXL,WSH1629BLXXL,749.00,False,Sold Out,0,https://cavaathleisure.com/products/mint-cloud-shorts
https://cavaathleisure.com,10169788137788,Grey Cloud Shorts,Women's Shorts,CAVA Athleisure Pvt Ltd,52220290335036,XS,WSH1629CMLXS,749.00,False,Sold Out,0,https://cavaathleisure.com/products/grey-cloud-shorts
https://cavaathleisure.com,10169788137788,Grey Cloud Shorts,Women's Shorts,CAVA Athleisure Pvt Ltd,52220290367804,S,WSH1629CMLS,749.00,False,Sold Out,0,https://cavaathleisure.com/products/grey-cloud-shorts
https://cavaathleisure.com,10169788137788,Grey Cloud Shorts,Women's Shorts,CAVA Athleisure Pvt Ltd,52220290400572,M,WSH1629CMLM,749.00,False,Sold Out,0,https://cavaathleisure.com/products/grey-cloud-shorts
https://cavaathleisure.com,10169788137788,Grey Cloud Shorts,Women's Shorts,CAVA Athleisure Pvt Ltd,52220290433340,L,WSH1629CMLL,749.00,False,Sold Out,0,https://cavaathleisure.com/products/grey-cloud-shorts
https://cavaathleisure.com,10169788137788,Grey Cloud Shorts,Women's Shorts,CAVA Athleisure Pvt Ltd,52220290466108,XL,WSH1629CMLXL,749.00,False,Sold Out,0,https://cavaathleisure.com/products/grey-cloud-shorts
https://cavaathleisure.com,10169788137788,Grey Cloud Shorts,Women's Shorts,CAVA Athleisure Pvt Ltd,52220290498876,XXL,WSH1629CMLXXL,749.00,False,Sold Out,0,https://cavaathleisure.com/products/grey-cloud-shorts
https://cavaathleisure.com,10098200609084,Butter Yellow Sculptor Jacket,,CAVA Athleisure Pvt Ltd,51914139566396,XS,WJK14SET5YLXS,1799.00,True,Available,1,https://cavaathleisure.com/products/butter-yellow-sculptor-jacket
https://cavaathleisure.com,10098200609084,Butter Yellow Sculptor Jacket,,CAVA Athleisure Pvt Ltd,51914139599164,S,WJK14SET5YLS,1799.00,False,Sold Out,0,https://cavaathleisure.com/products/butter-yellow-sculptor-jacket
https://cavaathleisure.com,10098200609084,Butter Yellow Sculptor Jacket,,CAVA Athleisure Pvt Ltd,51914139631932,M,WJK14SET5YLM,1799.00,True,Available,1,https://cavaathleisure.com/products/butter-yellow-sculptor-jacket
https://cavaathleisure.com,10098200609084,Butter Yellow Sculptor Jacket,,CAVA Athleisure Pvt Ltd,51914139664700,L,WJK14SET5YLL,1799.00,True,Available,1,https://cavaathleisure.com/products/butter-yellow-sculptor-jacket
https://cavaathleisure.com,10098200609084,Butter Yellow Sculptor Jacket,,CAVA Athleisure Pvt Ltd,51914139697468,XL,WJK14SET5YLXL,1799.00,True,Available,1,https://cavaathleisure.com/products/butter-yellow-sculptor-jacket
https://cavaathleisure.com,10098200609084,Butter Yellow Sculptor Jacket,,CAVA Athleisure Pvt Ltd,51914139730236,XXL,WJK14SET5YLXXL,1799.00,False,Sold Out,0,https://cavaathleisure.com/products/butter-yellow-sculptor-jacket
https://cavaathleisure.com,10163458408764,Pine Plie Pleated Skort,Skorts and Skirts,CAVA Athleisure Pvt Ltd,52181551546684,XS,WSK14CS06GRXS,1699.00,True,Available,1,https://cavaathleisure.com/products/pine-green-pleated-skort
https://cavaathleisure.com,10163458408764,Pine Plie Pleated Skort,Skorts and Skirts,CAVA Athleisure Pvt Ltd,52181551579452,S,WSK14CS06GRS,1699.00,True,Available,1,https://cavaathleisure.com/products/pine-green-pleated-skort
https://cavaathleisure.com,10163458408764,Pine Plie Pleated Skort,Skorts and Skirts,CAVA Athleisure Pvt Ltd,52181551612220,M,WSK14CS06GRM,1699.00,False,Sold Out,0,https://cavaathleisure.com/products/pine-green-pleated-skort
https://cavaathleisure.com,10163458408764,Pine Plie Pleated Skort,Skorts and Skirts,CAVA Athleisure Pvt Ltd,52181551644988,L,WSK14CS06GRL,1699.00,False,Sold Out,0,https://cavaathleisure.com/products/pine-green-pleated-skort
https://cavaathleisure.com,10163458408764,Pine Plie Pleated Skort,Skorts and Skirts,CAVA Athleisure Pvt Ltd,52181551677756,XL,WSK14CS06GRXL,1699.00,False,Sold Out,0,https://cavaathleisure.com/products/pine-green-pleated-skort
https://cavaathleisure.com,10163458408764,Pine Plie Pleated Skort,Skorts and Skirts,CAVA Athleisure Pvt Ltd,52181551710524,XXL,WSK14CS06GRXXL,1699.00,False,Sold Out,0,https://cavaathleisure.com/products/pine-green-pleated-skort
https://cavaathleisure.com,10098206146876,Toasted Sculptor Jacket,,CAVA Athleisure Pvt Ltd,51914150248764,XS,WJK14SET5BNXS,1799.00,True,Available,1,https://cavaathleisure.com/products/toasted-brown-sculptor-jacket
https://cavaathleisure.com,10098206146876,Toasted Sculptor Jacket,,CAVA Athleisure Pvt Ltd,51914150281532,S,WJK14SET5BNS,1799.00,True,Available,1,https://cavaathleisure.com/products/toasted-brown-sculptor-jacket
https://cavaathleisure.com,10098206146876,Toasted Sculptor Jacket,,CAVA Athleisure Pvt Ltd,51914150314300,M,WJK14SET5BNM,1799.00,True,Available,1,https://cavaathleisure.com/products/toasted-brown-sculptor-jacket
https://cavaathleisure.com,10098206146876,Toasted Sculptor Jacket,,CAVA Athleisure Pvt Ltd,51914150347068,L,WJK14SET5BNL,1799.00,True,Available,1,https://cavaathleisure.com/products/toasted-brown-sculptor-jacket
https://cavaathleisure.com,10098206146876,Toasted Sculptor Jacket,,CAVA Athleisure Pvt Ltd,51914150379836,XL,WJK14SET5BNXL,1799.00,True,Available,1,https://cavaathleisure.com/products/toasted-brown-sculptor-jacket
https://cavaathleisure.com,10098206146876,Toasted Sculptor Jacket,,CAVA Athleisure Pvt Ltd,51914150412604,XXL,WJK14SET5BNXXL,1799.00,True,Available,1,https://cavaathleisure.com/products/toasted-brown-sculptor-jacket
https://cavaathleisure.com,10169745244476,Mint Cava Essential Sweatshirt,Women's Hoodies & Sweatshirts,CAVA Athleisure Pvt Ltd,52219837186364,XS,WHD16536BLXS,1199.00,True,Available,1,https://cavaathleisure.com/products/mint-cava-essential-sweatshirt
https://cavaathleisure.com,10169745244476,Mint Cava Essential Sweatshirt,Women's Hoodies & Sweatshirts,CAVA Athleisure Pvt Ltd,52219837219132,S,WHD16536BLS,1199.00,True,Available,1,https://cavaathleisure.com/products/mint-cava-essential-sweatshirt
https://cavaathleisure.com,10169745244476,Mint Cava Essential Sweatshirt,Women's Hoodies & Sweatshirts,CAVA Athleisure Pvt Ltd,52219837251900,M,WHD16536BLM,1199.00,True,Available,1,https://cavaathleisure.com/products/mint-cava-essential-sweatshirt
https://cavaathleisure.com,10169745244476,Mint Cava Essential Sweatshirt,Women's Hoodies & Sweatshirts,CAVA Athleisure Pvt Ltd,52219837284668,L,WHD16536BLL,1199.00,True,Available,1,https://cavaathleisure.com/products/mint-cava-essential-sweatshirt
https://cavaathleisure.com,10169745244476,Mint Cava Essential Sweatshirt,Women's Hoodies & Sweatshirts,CAVA Athleisure Pvt Ltd,52219837317436,XL,WHD16536BLXL,1199.00,True,Available,1,https://cavaathleisure.com/products/mint-cava-essential-sweatshirt
https://cavaathleisure.com,10169745244476,Mint Cava Essential Sweatshirt,Women's Hoodies & Sweatshirts,CAVA Athleisure Pvt Ltd,52219837350204,XXL,WHD16536BLXXL,1199.00,True,Available,1,https://cavaathleisure.com/products/mint-cava-essential-sweatshirt
https://cavaathleisure.com,10163455197500,Butter Yellow Plie Pleated Skort,Skorts and Skirts,CAVA Athleisure Pvt Ltd,52181545550140,XS,WSK14CS06YLXS,1699.00,True,Available,1,https://cavaathleisure.com/products/butter-yellow-pleated-skort
https://cavaathleisure.com,10163455197500,Butter Yellow Plie Pleated Skort,Skorts and Skirts,CAVA Athleisure Pvt Ltd,52181545582908,S,WSK14CS06YLS,1699.00,True,Available,1,https://cavaathleisure.com/products/butter-yellow-pleated-skort
https://cavaathleisure.com,10163455197500,Butter Yellow Plie Pleated Skort,Skorts and Skirts,CAVA Athleisure Pvt Ltd,52181545615676,M,WSK14CS06YLM,1699.00,False,Sold Out,0,https://cavaathleisure.com/products/butter-yellow-pleated-skort
https://cavaathleisure.com,10163455197500,Butter Yellow Plie Pleated Skort,Skorts and Skirts,CAVA Athleisure Pvt Ltd,52181545648444,L,WSK14CS06YLL,1699.00,False,Sold Out,0,https://cavaathleisure.com/products/butter-yellow-pleated-skort
https://cavaathleisure.com,10163455197500,Butter Yellow Plie Pleated Skort,Skorts and Skirts,CAVA Athleisure Pvt Ltd,52181545681212,XL,WSK14CS06YLXL,1699.00,False,Sold Out,0,https://cavaathleisure.com/products/butter-yellow-pleated-skort
https://cavaathleisure.com,10163455197500,Butter Yellow Plie Pleated Skort,Skorts and Skirts,CAVA Athleisure Pvt Ltd,52181545713980,XXL,WSK14CS06YLXXL,1699.00,True,Available,1,https://cavaathleisure.com/products/butter-yellow-pleated-skort
https://cavaathleisure.com,8033840693564,Grey Cava Essential Sweatshirt,Women's Hoodies & Sweatshirts,CAVA athleisure,44091727282492,XS,TP536-Vamos-86-BerlinGrey-XS,1199.00,True,Available,1,https://cavaathleisure.com/products/grey-cava-essential-sweatshirt
https://cavaathleisure.com,8033840693564,Grey Cava Essential Sweatshirt,Women's Hoodies & Sweatshirts,CAVA athleisure,44091727315260,S,TP536-Vamos-86-BerlinGrey-S,1199.00,False,Sold Out,0,https://cavaathleisure.com/products/grey-cava-essential-sweatshirt
https://cavaathleisure.com,8033840693564,Grey Cava Essential Sweatshirt,Women's Hoodies & Sweatshirts,CAVA athleisure,44091727348028,M,TP536-Vamos-86-BerlinGrey-M,1199.00,True,Available,1,https://cavaathleisure.com/products/grey-cava-essential-sweatshirt
https://cavaathleisure.com,8033840693564,Grey Cava Essential Sweatshirt,Women's Hoodies & Sweatshirts,CAVA athleisure,44091727380796,L,TP536-Vamos-86-BerlinGrey-L,1199.00,False,Sold Out,0,https://cavaathleisure.com/products/grey-cava-essential-sweatshirt
https://cavaathleisure.com,8033840693564,Grey Cava Essential Sweatshirt,Women's Hoodies & Sweatshirts,CAVA athleisure,44091727413564,XL,TP536-Vamos-86-BerlinGrey-XL,1199.00,False,Sold Out,0,https://cavaathleisure.com/products/grey-cava-essential-sweatshirt
https://cavaathleisure.com,8033840693564,Grey Cava Essential Sweatshirt,Women's Hoodies & Sweatshirts,CAVA athleisure,44091727446332,XXL,TP536-Vamos-86-BerlinGrey-XXL,1199.00,False,Sold Out,0,https://cavaathleisure.com/products/grey-cava-essential-sweatshirt
https://cavaathleisure.com,10163338608956,Fuchsia Bow Sculpt Core Leggings,Leggings,CAVA Athleisure Pvt Ltd,52181113405756,XS,WLG1402BRDXS,990.00,True,Available,1,https://cavaathleisure.com/products/fuchsia-bow-sculpt-core-leggings
https://cavaathleisure.com,10163338608956,Fuchsia Bow Sculpt Core Leggings,Leggings,CAVA Athleisure Pvt Ltd,52181113438524,S,WLG1402BRDS,990.00,True,Available,1,https://cavaathleisure.com/products/fuchsia-bow-sculpt-core-leggings
https://cavaathleisure.com,10163338608956,Fuchsia Bow Sculpt Core Leggings,Leggings,CAVA Athleisure Pvt Ltd,52181113471292,M,WLG1402BRDM,990.00,False,Sold Out,0,https://cavaathleisure.com/products/fuchsia-bow-sculpt-core-leggings
https://cavaathleisure.com,10163338608956,Fuchsia Bow Sculpt Core Leggings,Leggings,CAVA Athleisure Pvt Ltd,52181113504060,L,WLG1402BRDL,990.00,False,Sold Out,0,https://cavaathleisure.com/products/fuchsia-bow-sculpt-core-leggings
https://cavaathleisure.com,10163338608956,Fuchsia Bow Sculpt Core Leggings,Leggings,CAVA Athleisure Pvt Ltd,52181113536828,XL,WLG1402BRDXL,990.00,False,Sold Out,0,https://cavaathleisure.com/products/fuchsia-bow-sculpt-core-leggings
https://cavaathleisure.com,10163338608956,Fuchsia Bow Sculpt Core Leggings,Leggings,CAVA Athleisure Pvt Ltd,52181113569596,XXL,WLG1402BRDXXL,990.00,False,Sold Out,0,https://cavaathleisure.com/products/fuchsia-bow-sculpt-core-leggings
https://cavaathleisure.com,10163340280124,Pink Bow Sculpt Core Leggings,Leggings,CAVA Athleisure Pvt Ltd,52181116944700,XS,WLG1402BPNXS,990.00,True,Available,1,https://cavaathleisure.com/products/pink-bow-sculpt-core-leggings
https://cavaathleisure.com,10163340280124,Pink Bow Sculpt Core Leggings,Leggings,CAVA Athleisure Pvt Ltd,52181116977468,S,WLG1402BPNS,990.00,False,Sold Out,0,https://cavaathleisure.com/products/pink-bow-sculpt-core-leggings
https://cavaathleisure.com,10163340280124,Pink Bow Sculpt Core Leggings,Leggings,CAVA Athleisure Pvt Ltd,52181117010236,M,WLG1402BPNM,990.00,True,Available,1,https://cavaathleisure.com/products/pink-bow-sculpt-core-leggings
https://cavaathleisure.com,10163340280124,Pink Bow Sculpt Core Leggings,Leggings,CAVA Athleisure Pvt Ltd,52181117043004,L,WLG1402BPNL,990.00,True,Available,1,https://cavaathleisure.com/products/pink-bow-sculpt-core-leggings
https://cavaathleisure.com,10163340280124,Pink Bow Sculpt Core Leggings,Leggings,CAVA Athleisure Pvt Ltd,52181117075772,XL,WLG1402BPNXL,990.00,False,Sold Out,0,https://cavaathleisure.com/products/pink-bow-sculpt-core-leggings
https://cavaathleisure.com,10163340280124,Pink Bow Sculpt Core Leggings,Leggings,CAVA Athleisure Pvt Ltd,52181117108540,XXL,WLG1402BPNXXL,990.00,False,Sold Out,0,https://cavaathleisure.com/products/pink-bow-sculpt-core-leggings
https://cavaathleisure.com,10163471024444,Wine High Impact Sports Bra,Sports Bras,CAVA Athleisure Pvt Ltd,52181576614204,XS,WSB1CS02WRDXS,1299.00,True,Available,1,https://cavaathleisure.com/products/wine-high-impact-sports-bra
https://cavaathleisure.com,10163471024444,Wine High Impact Sports Bra,Sports Bras,CAVA Athleisure Pvt Ltd,52181576646972,S,WSB1CS02WRDS,1299.00,True,Available,1,https://cavaathleisure.com/products/wine-high-impact-sports-bra
https://cavaathleisure.com,10163471024444,Wine High Impact Sports Bra,Sports Bras,CAVA Athleisure Pvt Ltd,52181576679740,M,WSB1CS02WRDM,1299.00,True,Available,1,https://cavaathleisure.com/products/wine-high-impact-sports-bra
https://cavaathleisure.com,10163471024444,Wine High Impact Sports Bra,Sports Bras,CAVA Athleisure Pvt Ltd,52181576712508,L,WSB1CS02WRDL,1299.00,True,Available,1,https://cavaathleisure.com/products/wine-high-impact-sports-bra
https://cavaathleisure.com,10163471024444,Wine High Impact Sports Bra,Sports Bras,CAVA Athleisure Pvt Ltd,52181576745276,XL,WSB1CS02WRDXL,1299.00,True,Available,1,https://cavaathleisure.com/products/wine-high-impact-sports-bra
https://cavaathleisure.com,10163471024444,Wine High Impact Sports Bra,Sports Bras,CAVA Athleisure Pvt Ltd,52181576778044,XXL,WSB1CS02WRDXXL,1299.00,True,Available,1,https://cavaathleisure.com/products/wine-high-impact-sports-bra
https://cavaathleisure.com,10163335823676,Pink Gingham Sculpt Core Leggings,Leggings,CAVA Athleisure Pvt Ltd,52181098889532,XS,WLG1402GPNXS,990.00,True,Available,1,https://cavaathleisure.com/products/pink-gingham-sculpt-core-leggings
https://cavaathleisure.com,10163335823676,Pink Gingham Sculpt Core Leggings,Leggings,CAVA Athleisure Pvt Ltd,52181098922300,S,WLG1402GPNS,990.00,False,Sold Out,0,https://cavaathleisure.com/products/pink-gingham-sculpt-core-leggings
https://cavaathleisure.com,10163335823676,Pink Gingham Sculpt Core Leggings,Leggings,CAVA Athleisure Pvt Ltd,52181098955068,M,WLG1402GPNM,990.00,False,Sold Out,0,https://cavaathleisure.com/products/pink-gingham-sculpt-core-leggings
https://cavaathleisure.com,10163335823676,Pink Gingham Sculpt Core Leggings,Leggings,CAVA Athleisure Pvt Ltd,52181098987836,L,WLG1402GPNL,990.00,False,Sold Out,0,https://cavaathleisure.com/products/pink-gingham-sculpt-core-leggings
https://cavaathleisure.com,10163335823676,Pink Gingham Sculpt Core Leggings,Leggings,CAVA Athleisure Pvt Ltd,52181099020604,XL,WLG1402GPNXL,990.00,False,Sold Out,0,https://cavaathleisure.com/products/pink-gingham-sculpt-core-leggings
https://cavaathleisure.com,10163335823676,Pink Gingham Sculpt Core Leggings,Leggings,CAVA Athleisure Pvt Ltd,52181099053372,XXL,WLG1402GPNXXL,990.00,False,Sold Out,0,https://cavaathleisure.com/products/pink-gingham-sculpt-core-leggings
https://cavaathleisure.com,10163467682108,Pink Ultra Support Sports Bra,Sports Bras,CAVA Athleisure Pvt Ltd,52181571240252,XS,WSB1CS01PNXS,1399.00,True,Available,1,https://cavaathleisure.com/products/pink-ultra-support-sports-bra
https://cavaathleisure.com,10163467682108,Pink Ultra Support Sports Bra,Sports Bras,CAVA Athleisure Pvt Ltd,52181571273020,S,WSB1CS01PNS,1399.00,True,Available,1,https://cavaathleisure.com/products/pink-ultra-support-sports-bra
https://cavaathleisure.com,10163467682108,Pink Ultra Support Sports Bra,Sports Bras,CAVA Athleisure Pvt Ltd,52181571305788,M,WSB1CS01PNM,1399.00,True,Available,1,https://cavaathleisure.com/products/pink-ultra-support-sports-bra
https://cavaathleisure.com,10163467682108,Pink Ultra Support Sports Bra,Sports Bras,CAVA Athleisure Pvt Ltd,52181571338556,L,WSB1CS01PNL,1399.00,True,Available,1,https://cavaathleisure.com/products/pink-ultra-support-sports-bra
https://cavaathleisure.com,10163467682108,Pink Ultra Support Sports Bra,Sports Bras,CAVA Athleisure Pvt Ltd,52181571371324,XL,WSB1CS01PNXL,1399.00,True,Available,1,https://cavaathleisure.com/products/pink-ultra-support-sports-bra
https://cavaathleisure.com,10163467682108,Pink Ultra Support Sports Bra,Sports Bras,CAVA Athleisure Pvt Ltd,52181571404092,XXL,WSB1CS01PNXXL,1399.00,True,Available,1,https://cavaathleisure.com/products/pink-ultra-support-sports-bra
https://cavaathleisure.com,10163321930044,Midnight Gradient Cross Back Sports Bra,Sports Bras,CAVA Athleisure Pvt Ltd,52181042331964,XS,WSB14SET1GMBLXS,1000.00,False,Sold Out,0,https://cavaathleisure.com/products/midnight-gradient-cross-back-sports-bra
https://cavaathleisure.com,10163321930044,Midnight Gradient Cross Back Sports Bra,Sports Bras,CAVA Athleisure Pvt Ltd,52181042364732,S,WSB14SET1GMBLS,1000.00,False,Sold Out,0,https://cavaathleisure.com/products/midnight-gradient-cross-back-sports-bra
https://cavaathleisure.com,10163321930044,Midnight Gradient Cross Back Sports Bra,Sports Bras,CAVA Athleisure Pvt Ltd,52181042397500,M,WSB14SET1GMBLM,1000.00,False,Sold Out,0,https://cavaathleisure.com/products/midnight-gradient-cross-back-sports-bra
https://cavaathleisure.com,10163321930044,Midnight Gradient Cross Back Sports Bra,Sports Bras,CAVA Athleisure Pvt Ltd,52181042430268,L,WSB14SET1GMBLL,1000.00,False,Sold Out,0,https://cavaathleisure.com/products/midnight-gradient-cross-back-sports-bra
https://cavaathleisure.com,10163321930044,Midnight Gradient Cross Back Sports Bra,Sports Bras,CAVA Athleisure Pvt Ltd,52181042463036,XL,WSB14SET1GMBLXL,1000.00,False,Sold Out,0,https://cavaathleisure.com/products/midnight-gradient-cross-back-sports-bra
https://cavaathleisure.com,10163321930044,Midnight Gradient Cross Back Sports Bra,Sports Bras,CAVA Athleisure Pvt Ltd,52181042495804,XXL,WSB14SET1GMBLXXL,1000.00,False,Sold Out,0,https://cavaathleisure.com/products/midnight-gradient-cross-back-sports-bra
https://cavaathleisure.com,10163321536828,Butter Yellow Gingham Cross Back Sports Bra,Sports Bras,CAVA Athleisure Pvt Ltd,52181040890172,XS,WSB14SET1GYLXS,899.00,False,Sold Out,0,https://cavaathleisure.com/products/butter-yellow-gingham-cross-back-sports-bra
https://cavaathleisure.com,10163321536828,Butter Yellow Gingham Cross Back Sports Bra,Sports Bras,CAVA Athleisure Pvt Ltd,52181040922940,S,WSB14SET1GYLS,899.00,False,Sold Out,0,https://cavaathleisure.com/products/butter-yellow-gingham-cross-back-sports-bra
https://cavaathleisure.com,10163321536828,Butter Yellow Gingham Cross Back Sports Bra,Sports Bras,CAVA Athleisure Pvt Ltd,52181040955708,M,WSB14SET1GYLM,899.00,False,Sold Out,0,https://cavaathleisure.com/products/butter-yellow-gingham-cross-back-sports-bra
https://cavaathleisure.com,10163321536828,Butter Yellow Gingham Cross Back Sports Bra,Sports Bras,CAVA Athleisure Pvt Ltd,52181040988476,L,WSB14SET1GYLL,899.00,False,Sold Out,0,https://cavaathleisure.com/products/butter-yellow-gingham-cross-back-sports-bra
https://cavaathleisure.com,10163321536828,Butter Yellow Gingham Cross Back Sports Bra,Sports Bras,CAVA Athleisure Pvt Ltd,52181041021244,XL,WSB14SET1GYLXL,899.00,False,Sold Out,0,https://cavaathleisure.com/products/butter-yellow-gingham-cross-back-sports-bra
https://cavaathleisure.com,10163321536828,Butter Yellow Gingham Cross Back Sports Bra,Sports Bras,CAVA Athleisure Pvt Ltd,52181041054012,XXL,WSB14SET1GYLXXL,899.00,False,Sold Out,0,https://cavaathleisure.com/products/butter-yellow-gingham-cross-back-sports-bra
https://cavaathleisure.com,10163321209148,Mint Gingham Cross Back Sports Bra,Sports Bras,CAVA Athleisure Pvt Ltd,52181037678908,XS,WSB14SET1GGRXS,1499.00,False,Sold Out,0,https://cavaathleisure.com/products/mint-gingham-cross-back-sports-bra
https://cavaathleisure.com,10163321209148,Mint Gingham Cross Back Sports Bra,Sports Bras,CAVA Athleisure Pvt Ltd,52181037711676,S,WSB14SET1GGRS,1499.00,False,Sold Out,0,https://cavaathleisure.com/products/mint-gingham-cross-back-sports-bra
https://cavaathleisure.com,10163321209148,Mint Gingham Cross Back Sports Bra,Sports Bras,CAVA Athleisure Pvt Ltd,52181037744444,M,WSB14SET1GGRM,1499.00,False,Sold Out,0,https://cavaathleisure.com/products/mint-gingham-cross-back-sports-bra
https://cavaathleisure.com,10163321209148,Mint Gingham Cross Back Sports Bra,Sports Bras,CAVA Athleisure Pvt Ltd,52181037777212,L,WSB14SET1GGRL,1499.00,False,Sold Out,0,https://cavaathleisure.com/products/mint-gingham-cross-back-sports-bra
https://cavaathleisure.com,10163321209148,Mint Gingham Cross Back Sports Bra,Sports Bras,CAVA Athleisure Pvt Ltd,52181037809980,XL,WSB14SET1GGRXL,1499.00,False,Sold Out,0,https://cavaathleisure.com/products/mint-gingham-cross-back-sports-bra
https://cavaathleisure.com,10163321209148,Mint Gingham Cross Back Sports Bra,Sports Bras,CAVA Athleisure Pvt Ltd,52181037842748,XXL,WSB14SET1GGRXXL,1499.00,False,Sold Out,0,https://cavaathleisure.com/products/mint-gingham-cross-back-sports-bra
https://cavaathleisure.com,10163325501756,Butter Yellow Gingham Sculpt Core Leggings,Leggings,CAVA Athleisure Pvt Ltd,52181074870588,XS,WLG1402GYLXS,990.00,True,Available,1,https://cavaathleisure.com/products/butter-yellow-gingham-sculpt-core-leggings
https://cavaathleisure.com,10163325501756,Butter Yellow Gingham Sculpt Core Leggings,Leggings,CAVA Athleisure Pvt Ltd,52181074903356,S,WLG1402GYLS,990.00,False,Sold Out,0,https://cavaathleisure.com/products/butter-yellow-gingham-sculpt-core-leggings
https://cavaathleisure.com,10163325501756,Butter Yellow Gingham Sculpt Core Leggings,Leggings,CAVA Athleisure Pvt Ltd,52181074936124,M,WLG1402GYLM,990.00,False,Sold Out,0,https://cavaathleisure.com/products/butter-yellow-gingham-sculpt-core-leggings
https://cavaathleisure.com,10163325501756,Butter Yellow Gingham Sculpt Core Leggings,Leggings,CAVA Athleisure Pvt Ltd,52181074968892,L,WLG1402GYLL,990.00,False,Sold Out,0,https://cavaathleisure.com/products/butter-yellow-gingham-sculpt-core-leggings
https://cavaathleisure.com,10163325501756,Butter Yellow Gingham Sculpt Core Leggings,Leggings,CAVA Athleisure Pvt Ltd,52181075001660,XL,WLG1402GYLXL,990.00,False,Sold Out,0,https://cavaathleisure.com/products/butter-yellow-gingham-sculpt-core-leggings
https://cavaathleisure.com,10163325501756,Butter Yellow Gingham Sculpt Core Leggings,Leggings,CAVA Athleisure Pvt Ltd,52181075034428,XXL,WLG1402GYLXXL,990.00,True,Available,1,https://cavaathleisure.com/products/butter-yellow-gingham-sculpt-core-leggings
https://cavaathleisure.com,10163321012540,Pink Gingham Cross Back Sports Bra,Sports Bras,CAVA Athleisure Pvt Ltd,52181035385148,XS,WSB14SET1GPNXS,1000.00,False,Sold Out,0,https://cavaathleisure.com/products/pink-gingham-cross-back-sports-bra
https://cavaathleisure.com,10163321012540,Pink Gingham Cross Back Sports Bra,Sports Bras,CAVA Athleisure Pvt Ltd,52181035417916,S,WSB14SET1GPNS,1000.00,False,Sold Out,0,https://cavaathleisure.com/products/pink-gingham-cross-back-sports-bra
https://cavaathleisure.com,10163321012540,Pink Gingham Cross Back Sports Bra,Sports Bras,CAVA Athleisure Pvt Ltd,52181035450684,M,WSB14SET1GPNM,1000.00,False,Sold Out,0,https://cavaathleisure.com/products/pink-gingham-cross-back-sports-bra
https://cavaathleisure.com,10163321012540,Pink Gingham Cross Back Sports Bra,Sports Bras,CAVA Athleisure Pvt Ltd,52181035483452,L,WSB14SET1GPNL,1000.00,False,Sold Out,0,https://cavaathleisure.com/products/pink-gingham-cross-back-sports-bra
https://cavaathleisure.com,10163321012540,Pink Gingham Cross Back Sports Bra,Sports Bras,CAVA Athleisure Pvt Ltd,52181035516220,XL,WSB14SET1GPNXL,1000.00,False,Sold Out,0,https://cavaathleisure.com/products/pink-gingham-cross-back-sports-bra
https://cavaathleisure.com,10163321012540,Pink Gingham Cross Back Sports Bra,Sports Bras,CAVA Athleisure Pvt Ltd,52181035548988,XXL,WSB14SET1GPNXXL,1000.00,False,Sold Out,0,https://cavaathleisure.com/products/pink-gingham-cross-back-sports-bra
https://cavaathleisure.com,10163320553788,Pink Bow Cross Back Sports Bra,Sports Bras,CAVA Athleisure Pvt Ltd,52181032042812,XS,WSB14SET1BPNXS,1000.00,False,Sold Out,0,https://cavaathleisure.com/products/pink-bow-cross-back-sports-bra
https://cavaathleisure.com,10163320553788,Pink Bow Cross Back Sports Bra,Sports Bras,CAVA Athleisure Pvt Ltd,52181027979580,S,WSB14SET1BPNS,1000.00,False,Sold Out,0,https://cavaathleisure.com/products/pink-bow-cross-back-sports-bra
https://cavaathleisure.com,10163320553788,Pink Bow Cross Back Sports Bra,Sports Bras,CAVA Athleisure Pvt Ltd,52181028012348,M,WSB14SET1BPNM,1000.00,False,Sold Out,0,https://cavaathleisure.com/products/pink-bow-cross-back-sports-bra
https://cavaathleisure.com,10163320553788,Pink Bow Cross Back Sports Bra,Sports Bras,CAVA Athleisure Pvt Ltd,52181028045116,L,WSB14SET1BPNL,1000.00,False,Sold Out,0,https://cavaathleisure.com/products/pink-bow-cross-back-sports-bra
https://cavaathleisure.com,10163320553788,Pink Bow Cross Back Sports Bra,Sports Bras,CAVA Athleisure Pvt Ltd,52181028077884,XL,WSB14SET1BPNXL,1000.00,False,Sold Out,0,https://cavaathleisure.com/products/pink-bow-cross-back-sports-bra
https://cavaathleisure.com,10163320553788,Pink Bow Cross Back Sports Bra,Sports Bras,CAVA Athleisure Pvt Ltd,52181028110652,XXL,WSB14SET1BPNXXL,1000.00,False,Sold Out,0,https://cavaathleisure.com/products/pink-bow-cross-back-sports-bra
https://cavaathleisure.com,10163320684860,Fuchsia Bow Cross Back Sports Bra,Sports Bras,CAVA Athleisure Pvt Ltd,52181030175036,XS,WSB14SET1BRDXS,899.00,False,Sold Out,0,https://cavaathleisure.com/products/fuchsia-bow-cross-back-sports-bra
https://cavaathleisure.com,10163320684860,Fuchsia Bow Cross Back Sports Bra,Sports Bras,CAVA Athleisure Pvt Ltd,52181030207804,S,WSB14SET1BRDS,899.00,False,Sold Out,0,https://cavaathleisure.com/products/fuchsia-bow-cross-back-sports-bra
https://cavaathleisure.com,10163320684860,Fuchsia Bow Cross Back Sports Bra,Sports Bras,CAVA Athleisure Pvt Ltd,52181030240572,M,WSB14SET1BRDM,899.00,False,Sold Out,0,https://cavaathleisure.com/products/fuchsia-bow-cross-back-sports-bra
https://cavaathleisure.com,10163320684860,Fuchsia Bow Cross Back Sports Bra,Sports Bras,CAVA Athleisure Pvt Ltd,52181030273340,L,WSB14SET1BRDL,899.00,True,Available,1,https://cavaathleisure.com/products/fuchsia-bow-cross-back-sports-bra
https://cavaathleisure.com,10163320684860,Fuchsia Bow Cross Back Sports Bra,Sports Bras,CAVA Athleisure Pvt Ltd,52181030306108,XL,WSB14SET1BRDXL,899.00,False,Sold Out,0,https://cavaathleisure.com/products/fuchsia-bow-cross-back-sports-bra
https://cavaathleisure.com,10163320684860,Fuchsia Bow Cross Back Sports Bra,Sports Bras,CAVA Athleisure Pvt Ltd,52181030338876,XXL,WSB14SET1BRDXXL,899.00,False,Sold Out,0,https://cavaathleisure.com/products/fuchsia-bow-cross-back-sports-bra
https://cavaathleisure.com,10163319669052,Midnight Gradient Sculpt Core Leggings,Leggings,CAVA Athleisure Pvt Ltd,52181012283708,XS,WLG1402GMBLXS,990.00,True,Available,1,https://cavaathleisure.com/products/midnight-gradient-sculpt-core-leggings
https://cavaathleisure.com,10163319669052,Midnight Gradient Sculpt Core Leggings,Leggings,CAVA Athleisure Pvt Ltd,52181012316476,S,WLG1402GMBLS,990.00,False,Sold Out,0,https://cavaathleisure.com/products/midnight-gradient-sculpt-core-leggings
https://cavaathleisure.com,10163319669052,Midnight Gradient Sculpt Core Leggings,Leggings,CAVA Athleisure Pvt Ltd,52181012349244,M,WLG1402GMBLM,990.00,False,Sold Out,0,https://cavaathleisure.com/products/midnight-gradient-sculpt-core-leggings
https://cavaathleisure.com,10163319669052,Midnight Gradient Sculpt Core Leggings,Leggings,CAVA Athleisure Pvt Ltd,52181012382012,L,WLG1402GMBLL,990.00,False,Sold Out,0,https://cavaathleisure.com/products/midnight-gradient-sculpt-core-leggings
https://cavaathleisure.com,10163319669052,Midnight Gradient Sculpt Core Leggings,Leggings,CAVA Athleisure Pvt Ltd,52181012414780,XL,WLG1402GMBLXL,990.00,False,Sold Out,0,https://cavaathleisure.com/products/midnight-gradient-sculpt-core-leggings
https://cavaathleisure.com,10163319669052,Midnight Gradient Sculpt Core Leggings,Leggings,CAVA Athleisure Pvt Ltd,52181012447548,XXL,WLG1402GMBLXXL,990.00,False,Sold Out,0,https://cavaathleisure.com/products/midnight-gradient-sculpt-core-leggings
https://cavaathleisure.com,10163328254268,Mint Gingham Sculpt Core Leggings,Leggings,CAVA Athleisure Pvt Ltd,52181088502076,XS,WLG1402GGRXS,990.00,True,Available,1,https://cavaathleisure.com/products/mint-gingham-sculpt-core-leggings
https://cavaathleisure.com,10163328254268,Mint Gingham Sculpt Core Leggings,Leggings,CAVA Athleisure Pvt Ltd,52181088534844,S,WLG1402GGRS,990.00,True,Available,1,https://cavaathleisure.com/products/mint-gingham-sculpt-core-leggings
https://cavaathleisure.com,10163328254268,Mint Gingham Sculpt Core Leggings,Leggings,CAVA Athleisure Pvt Ltd,52181088567612,M,WLG1402GGRM,990.00,True,Available,1,https://cavaathleisure.com/products/mint-gingham-sculpt-core-leggings
https://cavaathleisure.com,10163328254268,Mint Gingham Sculpt Core Leggings,Leggings,CAVA Athleisure Pvt Ltd,52181088600380,L,WLG1402GGRL,990.00,True,Available,1,https://cavaathleisure.com/products/mint-gingham-sculpt-core-leggings
https://cavaathleisure.com,10163328254268,Mint Gingham Sculpt Core Leggings,Leggings,CAVA Athleisure Pvt Ltd,52181088633148,XL,WLG1402GGRXL,990.00,True,Available,1,https://cavaathleisure.com/products/mint-gingham-sculpt-core-leggings
https://cavaathleisure.com,10163328254268,Mint Gingham Sculpt Core Leggings,Leggings,CAVA Athleisure Pvt Ltd,52181088665916,XXL,WLG1402GGRXXL,990.00,True,Available,1,https://cavaathleisure.com/products/mint-gingham-sculpt-core-leggings
https://cavaathleisure.com,10128429416764,Brunette Super Stretch Bralette,,CAVA Athleisure Pvt Ltd,52021065449788,XS,WSB921BNXS,800.00,False,Sold Out,0,https://cavaathleisure.com/products/brunette-super-stretch-bralette
https://cavaathleisure.com,10128429416764,Brunette Super Stretch Bralette,,CAVA Athleisure Pvt Ltd,52021065482556,S,WSB921BNS,800.00,False,Sold Out,0,https://cavaathleisure.com/products/brunette-super-stretch-bralette
https://cavaathleisure.com,10128429416764,Brunette Super Stretch Bralette,,CAVA Athleisure Pvt Ltd,52021065515324,M,WSB921BNM,800.00,False,Sold Out,0,https://cavaathleisure.com/products/brunette-super-stretch-bralette
https://cavaathleisure.com,10128429416764,Brunette Super Stretch Bralette,,CAVA Athleisure Pvt Ltd,52021065548092,L,WSB921BNL,800.00,False,Sold Out,0,https://cavaathleisure.com/products/brunette-super-stretch-bralette
https://cavaathleisure.com,10128429416764,Brunette Super Stretch Bralette,,CAVA Athleisure Pvt Ltd,52021065580860,XL,WSB921BNXL,800.00,False,Sold Out,0,https://cavaathleisure.com/products/brunette-super-stretch-bralette
https://cavaathleisure.com,10128429416764,Brunette Super Stretch Bralette,,CAVA Athleisure Pvt Ltd,52021065613628,XXL,WSB921BNXXL,800.00,False,Sold Out,0,https://cavaathleisure.com/products/brunette-super-stretch-bralette
https://cavaathleisure.com,10128429515068,Ruby Super Stretch Bralette,,CAVA Athleisure Pvt Ltd,52021067612476,XS,WSB921RDXS,899.00,False,Sold Out,0,https://cavaathleisure.com/products/ruby-super-stretch-bralette
https://cavaathleisure.com,10128429515068,Ruby Super Stretch Bralette,,CAVA Athleisure Pvt Ltd,52021067645244,S,WSB921RDS,899.00,False,Sold Out,0,https://cavaathleisure.com/products/ruby-super-stretch-bralette
https://cavaathleisure.com,10128429515068,Ruby Super Stretch Bralette,,CAVA Athleisure Pvt Ltd,52021067678012,M,WSB921RDM,899.00,False,Sold Out,0,https://cavaathleisure.com/products/ruby-super-stretch-bralette
https://cavaathleisure.com,10128429515068,Ruby Super Stretch Bralette,,CAVA Athleisure Pvt Ltd,52021067710780,L,WSB921RDL,899.00,False,Sold Out,0,https://cavaathleisure.com/products/ruby-super-stretch-bralette
https://cavaathleisure.com,10128429515068,Ruby Super Stretch Bralette,,CAVA Athleisure Pvt Ltd,52021067743548,XL,WSB921RDXL,899.00,False,Sold Out,0,https://cavaathleisure.com/products/ruby-super-stretch-bralette
https://cavaathleisure.com,10128429515068,Ruby Super Stretch Bralette,,CAVA Athleisure Pvt Ltd,52021067776316,XXL,WSB921RDXXL,899.00,False,Sold Out,0,https://cavaathleisure.com/products/ruby-super-stretch-bralette
https://cavaathleisure.com,10128429744444,Blush Super Stretch Bralette,,CAVA Athleisure Pvt Ltd,52021071151420,XS,WSB921PNXS,800.00,False,Sold Out,0,https://cavaathleisure.com/products/blush-super-stretch-bralette
https://cavaathleisure.com,10128429744444,Blush Super Stretch Bralette,,CAVA Athleisure Pvt Ltd,52021071184188,S,WSB921PNS,800.00,False,Sold Out,0,https://cavaathleisure.com/products/blush-super-stretch-bralette
https://cavaathleisure.com,10128429744444,Blush Super Stretch Bralette,,CAVA Athleisure Pvt Ltd,52021071216956,M,WSB921PNM,800.00,False,Sold Out,0,https://cavaathleisure.com/products/blush-super-stretch-bralette
https://cavaathleisure.com,10128429744444,Blush Super Stretch Bralette,,CAVA Athleisure Pvt Ltd,52021071249724,L,WSB921PNL,800.00,False,Sold Out,0,https://cavaathleisure.com/products/blush-super-stretch-bralette
https://cavaathleisure.com,10128429744444,Blush Super Stretch Bralette,,CAVA Athleisure Pvt Ltd,52021071282492,XL,WSB921PNXL,800.00,False,Sold Out,0,https://cavaathleisure.com/products/blush-super-stretch-bralette
https://cavaathleisure.com,10128429744444,Blush Super Stretch Bralette,,CAVA Athleisure Pvt Ltd,52021071315260,XXL,WSB921PNXXL,800.00,False,Sold Out,0,https://cavaathleisure.com/products/blush-super-stretch-bralette
https://cavaathleisure.com,10125741719868,Black Super Stretch Bralette,,CAVA Athleisure Pvt Ltd,52012335530300,XS,WSB921BKXS,899.00,False,Sold Out,0,https://cavaathleisure.com/products/black-super-stretch-bralette
https://cavaathleisure.com,10125741719868,Black Super Stretch Bralette,,CAVA Athleisure Pvt Ltd,52012335563068,S,WSB921BKS,899.00,False,Sold Out,0,https://cavaathleisure.com/products/black-super-stretch-bralette
https://cavaathleisure.com,10125741719868,Black Super Stretch Bralette,,CAVA Athleisure Pvt Ltd,52012335595836,M,WSB921BKM,899.00,False,Sold Out,0,https://cavaathleisure.com/products/black-super-stretch-bralette
https://cavaathleisure.com,10125741719868,Black Super Stretch Bralette,,CAVA Athleisure Pvt Ltd,52012335628604,L,WSB921BKL,899.00,False,Sold Out,0,https://cavaathleisure.com/products/black-super-stretch-bralette
https://cavaathleisure.com,10125741719868,Black Super Stretch Bralette,,CAVA Athleisure Pvt Ltd,52012335661372,XL,WSB921BKXL,899.00,False,Sold Out,0,https://cavaathleisure.com/products/black-super-stretch-bralette
https://cavaathleisure.com,10125741719868,Black Super Stretch Bralette,,CAVA Athleisure Pvt Ltd,52012335694140,XXL,WSB921BKXXL,899.00,False,Sold Out,0,https://cavaathleisure.com/products/black-super-stretch-bralette
https://cavaathleisure.com,10093737574716,Cream Love All Oversized Printed Tee - Women,Women's T-shirts,CAVA Athleisure Pvt Ltd,51899045871932,XS,WTS1618WHTHXS,844.00,False,Sold Out,0,https://cavaathleisure.com/products/cream-love-all-oversized-printed-tee-women
https://cavaathleisure.com,10093737574716,Cream Love All Oversized Printed Tee - Women,Women's T-shirts,CAVA Athleisure Pvt Ltd,51899045904700,S,WTS1618WHTHS,844.00,False,Sold Out,0,https://cavaathleisure.com/products/cream-love-all-oversized-printed-tee-women
https://cavaathleisure.com,10093737574716,Cream Love All Oversized Printed Tee - Women,Women's T-shirts,CAVA Athleisure Pvt Ltd,51899045937468,M,WTS1618WHTHM,844.00,False,Sold Out,0,https://cavaathleisure.com/products/cream-love-all-oversized-printed-tee-women
https://cavaathleisure.com,10093737574716,Cream Love All Oversized Printed Tee - Women,Women's T-shirts,CAVA Athleisure Pvt Ltd,51899045970236,L,WTS1618WHTHL,844.00,False,Sold Out,0,https://cavaathleisure.com/products/cream-love-all-oversized-printed-tee-women
https://cavaathleisure.com,10093737574716,Cream Love All Oversized Printed Tee - Women,Women's T-shirts,CAVA Athleisure Pvt Ltd,51899046003004,XL,WTS1618WHTHXL,844.00,False,Sold Out,0,https://cavaathleisure.com/products/cream-love-all-oversized-printed-tee-women
https://cavaathleisure.com,10093737574716,Cream Love All Oversized Printed Tee - Women,Women's T-shirts,CAVA Athleisure Pvt Ltd,51899046035772,XXL,WTS1618WHTHXXL,844.00,False,Sold Out,0,https://cavaathleisure.com/products/cream-love-all-oversized-printed-tee-women
https://cavaathleisure.com,10093731250492,Black Serve Side Oversized Printed Tee - Women,Women's T-shirts,CAVA Athleisure Pvt Ltd,51899016184124,XS,WTS1618BKGSMXS,934.00,False,Sold Out,0,https://cavaathleisure.com/products/black-serve-side-oversized-printed-tee-women
https://cavaathleisure.com,10093731250492,Black Serve Side Oversized Printed Tee - Women,Women's T-shirts,CAVA Athleisure Pvt Ltd,51899016216892,S,WTS1618BKGSMS,934.00,False,Sold Out,0,https://cavaathleisure.com/products/black-serve-side-oversized-printed-tee-women
https://cavaathleisure.com,10093731250492,Black Serve Side Oversized Printed Tee - Women,Women's T-shirts,CAVA Athleisure Pvt Ltd,51899016249660,M,WTS1618BKGSMM,934.00,False,Sold Out,0,https://cavaathleisure.com/products/black-serve-side-oversized-printed-tee-women
https://cavaathleisure.com,10093731250492,Black Serve Side Oversized Printed Tee - Women,Women's T-shirts,CAVA Athleisure Pvt Ltd,51899016282428,L,WTS1618BKGSML,934.00,False,Sold Out,0,https://cavaathleisure.com/products/black-serve-side-oversized-printed-tee-women
https://cavaathleisure.com,10093731250492,Black Serve Side Oversized Printed Tee - Women,Women's T-shirts,CAVA Athleisure Pvt Ltd,51899016315196,XL,WTS1618BKGSMXL,934.00,False,Sold Out,0,https://cavaathleisure.com/products/black-serve-side-oversized-printed-tee-women
https://cavaathleisure.com,10093731250492,Black Serve Side Oversized Printed Tee - Women,Women's T-shirts,CAVA Athleisure Pvt Ltd,51899016347964,XXL,WTS1618BKGSMXXL,934.00,False,Sold Out,0,https://cavaathleisure.com/products/black-serve-side-oversized-printed-tee-women
https://cavaathleisure.com,10098260181308,Hot Pink Swirl Tennis Skorts,Skorts and Skirts,CAVA Athleisure Pvt Ltd,51914311500092,XS,WSK14SET4BPNXS,1399.00,True,Available,1,https://cavaathleisure.com/products/hot-pink-swirl-tennis-skorts
https://cavaathleisure.com,10098260181308,Hot Pink Swirl Tennis Skorts,Skorts and Skirts,CAVA Athleisure Pvt Ltd,51914311532860,S,WSK14SET4BPNS,1399.00,False,Sold Out,0,https://cavaathleisure.com/products/hot-pink-swirl-tennis-skorts
https://cavaathleisure.com,10098260181308,Hot Pink Swirl Tennis Skorts,Skorts and Skirts,CAVA Athleisure Pvt Ltd,51914311565628,M,WSK14SET4BPNM,1399.00,False,Sold Out,0,https://cavaathleisure.com/products/hot-pink-swirl-tennis-skorts
https://cavaathleisure.com,10098260181308,Hot Pink Swirl Tennis Skorts,Skorts and Skirts,CAVA Athleisure Pvt Ltd,51914311598396,L,WSK14SET4BPNL,1399.00,True,Available,1,https://cavaathleisure.com/products/hot-pink-swirl-tennis-skorts
https://cavaathleisure.com,10098260181308,Hot Pink Swirl Tennis Skorts,Skorts and Skirts,CAVA Athleisure Pvt Ltd,51914311631164,XL,WSK14SET4BPNXL,1399.00,True,Available,1,https://cavaathleisure.com/products/hot-pink-swirl-tennis-skorts
https://cavaathleisure.com,10098260181308,Hot Pink Swirl Tennis Skorts,Skorts and Skirts,CAVA Athleisure Pvt Ltd,51914311663932,XXL,WSK14SET4BPNXXL,1399.00,False,Sold Out,0,https://cavaathleisure.com/products/hot-pink-swirl-tennis-skorts
https://cavaathleisure.com,10093716767036,Black Cava Sport Oversized Printed Tee - Women,Women's T-shirts,CAVA Athleisure Pvt Ltd,51898969719100,XS,WTS1618BKGDXS,650.00,False,Sold Out,0,https://cavaathleisure.com/products/black-cava-sport-oversized-printed-tee-women
https://cavaathleisure.com,10093716767036,Black Cava Sport Oversized Printed Tee - Women,Women's T-shirts,CAVA Athleisure Pvt Ltd,51898969751868,S,WTS1618BKGDS,650.00,False,Sold Out,0,https://cavaathleisure.com/products/black-cava-sport-oversized-printed-tee-women
https://cavaathleisure.com,10093716767036,Black Cava Sport Oversized Printed Tee - Women,Women's T-shirts,CAVA Athleisure Pvt Ltd,51898969784636,M,WTS1618BKGDM,650.00,False,Sold Out,0,https://cavaathleisure.com/products/black-cava-sport-oversized-printed-tee-women
https://cavaathleisure.com,10093716767036,Black Cava Sport Oversized Printed Tee - Women,Women's T-shirts,CAVA Athleisure Pvt Ltd,51898969817404,L,WTS1618BKGDL,650.00,False,Sold Out,0,https://cavaathleisure.com/products/black-cava-sport-oversized-printed-tee-women
https://cavaathleisure.com,10093716767036,Black Cava Sport Oversized Printed Tee - Women,Women's T-shirts,CAVA Athleisure Pvt Ltd,51898969850172,XL,WTS1618BKGDXL,650.00,False,Sold Out,0,https://cavaathleisure.com/products/black-cava-sport-oversized-printed-tee-women
https://cavaathleisure.com,10093716767036,Black Cava Sport Oversized Printed Tee - Women,Women's T-shirts,CAVA Athleisure Pvt Ltd,51898969882940,XXL,WTS1618BKGDXXL,650.00,False,Sold Out,0,https://cavaathleisure.com/products/black-cava-sport-oversized-printed-tee-women
https://cavaathleisure.com,10093716504892,Cream Cava Sport Oversized Printed Tee - Women,Women's T-shirts,CAVA Athleisure Pvt Ltd,51898967949628,XS,WTS1618WHGDXS,844.00,False,Sold Out,0,https://cavaathleisure.com/products/cream-cava-sport-oversized-printed-tee-women
https://cavaathleisure.com,10093716504892,Cream Cava Sport Oversized Printed Tee - Women,Women's T-shirts,CAVA Athleisure Pvt Ltd,51898967982396,S,WTS1618WHGDS,844.00,False,Sold Out,0,https://cavaathleisure.com/products/cream-cava-sport-oversized-printed-tee-women
https://cavaathleisure.com,10093716504892,Cream Cava Sport Oversized Printed Tee - Women,Women's T-shirts,CAVA Athleisure Pvt Ltd,51898968015164,M,WTS1618WHGDM,844.00,False,Sold Out,0,https://cavaathleisure.com/products/cream-cava-sport-oversized-printed-tee-women
https://cavaathleisure.com,10093716504892,Cream Cava Sport Oversized Printed Tee - Women,Women's T-shirts,CAVA Athleisure Pvt Ltd,51898968047932,L,WTS1618WHGDL,844.00,False,Sold Out,0,https://cavaathleisure.com/products/cream-cava-sport-oversized-printed-tee-women
https://cavaathleisure.com,10093716504892,Cream Cava Sport Oversized Printed Tee - Women,Women's T-shirts,CAVA Athleisure Pvt Ltd,51898968080700,XL,WTS1618WHGDXL,844.00,False,Sold Out,0,https://cavaathleisure.com/products/cream-cava-sport-oversized-printed-tee-women
https://cavaathleisure.com,10093716504892,Cream Cava Sport Oversized Printed Tee - Women,Women's T-shirts,CAVA Athleisure Pvt Ltd,51898968113468,XXL,WTS1618WHGDXXL,844.00,False,Sold Out,0,https://cavaathleisure.com/products/cream-cava-sport-oversized-printed-tee-women
https://cavaathleisure.com,10100700184892,Pebble Hourglass Flared Leggings,Flare Pants,CAVA Athleisure Pvt Ltd,51922133680444,XS,WFP1ACU01BLXS,1429.00,False,Sold Out,0,https://cavaathleisure.com/products/pebble-hourglass-flared-leggings
https://cavaathleisure.com,10100700184892,Pebble Hourglass Flared Leggings,Flare Pants,CAVA Athleisure Pvt Ltd,51922135318844,XS,WFP1ACU02BLXS,1429.00,False,Sold Out,0,https://cavaathleisure.com/products/pebble-hourglass-flared-leggings
https://cavaathleisure.com,10100700184892,Pebble Hourglass Flared Leggings,Flare Pants,CAVA Athleisure Pvt Ltd,51922135351612,XS,WFB1ACU04BLXS,1429.00,False,Sold Out,0,https://cavaathleisure.com/products/pebble-hourglass-flared-leggings
https://cavaathleisure.com,10100700184892,Pebble Hourglass Flared Leggings,Flare Pants,CAVA Athleisure Pvt Ltd,51922133713212,S,WFP1ACU01BLS,1429.00,False,Sold Out,0,https://cavaathleisure.com/products/pebble-hourglass-flared-leggings
https://cavaathleisure.com,10100700184892,Pebble Hourglass Flared Leggings,Flare Pants,CAVA Athleisure Pvt Ltd,51922135384380,S,WFP1ACU02BLS,1429.00,False,Sold Out,0,https://cavaathleisure.com/products/pebble-hourglass-flared-leggings
https://cavaathleisure.com,10100700184892,Pebble Hourglass Flared Leggings,Flare Pants,CAVA Athleisure Pvt Ltd,51922135417148,S,WFB1ACU04BLS,1429.00,False,Sold Out,0,https://cavaathleisure.com/products/pebble-hourglass-flared-leggings
https://cavaathleisure.com,10100700184892,Pebble Hourglass Flared Leggings,Flare Pants,CAVA Athleisure Pvt Ltd,51922133745980,M,WFP1ACU01BLM,1429.00,False,Sold Out,0,https://cavaathleisure.com/products/pebble-hourglass-flared-leggings
https://cavaathleisure.com,10100700184892,Pebble Hourglass Flared Leggings,Flare Pants,CAVA Athleisure Pvt Ltd,51922135449916,M,WFP1ACU02BLM,1429.00,False,Sold Out,0,https://cavaathleisure.com/products/pebble-hourglass-flared-leggings
https://cavaathleisure.com,10100700184892,Pebble Hourglass Flared Leggings,Flare Pants,CAVA Athleisure Pvt Ltd,51922135482684,M,WFB1ACU04BLM,1429.00,False,Sold Out,0,https://cavaathleisure.com/products/pebble-hourglass-flared-leggings
https://cavaathleisure.com,10100700184892,Pebble Hourglass Flared Leggings,Flare Pants,CAVA Athleisure Pvt Ltd,51922133778748,L,WFP1ACU01BLL,1429.00,False,Sold Out,0,https://cavaathleisure.com/products/pebble-hourglass-flared-leggings
https://cavaathleisure.com,10100700184892,Pebble Hourglass Flared Leggings,Flare Pants,CAVA Athleisure Pvt Ltd,51922135515452,L,WFP1ACU02BLL,1429.00,False,Sold Out,0,https://cavaathleisure.com/products/pebble-hourglass-flared-leggings
https://cavaathleisure.com,10100700184892,Pebble Hourglass Flared Leggings,Flare Pants,CAVA Athleisure Pvt Ltd,51922135548220,L,WFB1ACU04BLL,1429.00,False,Sold Out,0,https://cavaathleisure.com/products/pebble-hourglass-flared-leggings
https://cavaathleisure.com,10100700184892,Pebble Hourglass Flared Leggings,Flare Pants,CAVA Athleisure Pvt Ltd,51922133811516,XL,WFP1ACU01BLXL,1429.00,True,Available,1,https://cavaathleisure.com/products/pebble-hourglass-flared-leggings
https://cavaathleisure.com,10100700184892,Pebble Hourglass Flared Leggings,Flare Pants,CAVA Athleisure Pvt Ltd,51922135580988,XL,WFP1ACU02BLXL,1429.00,False,Sold Out,0,https://cavaathleisure.com/products/pebble-hourglass-flared-leggings
https://cavaathleisure.com,10100700184892,Pebble Hourglass Flared Leggings,Flare Pants,CAVA Athleisure Pvt Ltd,51922135613756,XL,WFB1ACU04BLXL,1429.00,False,Sold Out,0,https://cavaathleisure.com/products/pebble-hourglass-flared-leggings
https://cavaathleisure.com,10100700184892,Pebble Hourglass Flared Leggings,Flare Pants,CAVA Athleisure Pvt Ltd,51922133844284,XXL,WFP1ACU01BLXXL,1429.00,False,Sold Out,0,https://cavaathleisure.com/products/pebble-hourglass-flared-leggings
https://cavaathleisure.com,10100700184892,Pebble Hourglass Flared Leggings,Flare Pants,CAVA Athleisure Pvt Ltd,51922135646524,XXL,WFP1ACU02BLXXL,1429.00,False,Sold Out,0,https://cavaathleisure.com/products/pebble-hourglass-flared-leggings
https://cavaathleisure.com,10100700184892,Pebble Hourglass Flared Leggings,Flare Pants,CAVA Athleisure Pvt Ltd,51922135679292,XXL,WFB1ACU04BLXXL,1429.00,False,Sold Out,0,https://cavaathleisure.com/products/pebble-hourglass-flared-leggings
https://cavaathleisure.com,10093659816252,Black Courtside Oversized Printed Tee - Women,Women's T-shirts,CAVA Athleisure Pvt Ltd,51898273661244,XS,WTS1618BKSYCXS,844.00,False,Sold Out,0,https://cavaathleisure.com/products/black-courtside-oversized-printed-tee-women
https://cavaathleisure.com,10093659816252,Black Courtside Oversized Printed Tee - Women,Women's T-shirts,CAVA Athleisure Pvt Ltd,51898273694012,S,WTS1618BKSYCS,844.00,True,Available,1,https://cavaathleisure.com/products/black-courtside-oversized-printed-tee-women
https://cavaathleisure.com,10093659816252,Black Courtside Oversized Printed Tee - Women,Women's T-shirts,CAVA Athleisure Pvt Ltd,51898273726780,M,WTS1618BKSYCM,844.00,False,Sold Out,0,https://cavaathleisure.com/products/black-courtside-oversized-printed-tee-women
https://cavaathleisure.com,10093659816252,Black Courtside Oversized Printed Tee - Women,Women's T-shirts,CAVA Athleisure Pvt Ltd,51898273759548,L,WTS1618BKSYCL,844.00,False,Sold Out,0,https://cavaathleisure.com/products/black-courtside-oversized-printed-tee-women
https://cavaathleisure.com,10093659816252,Black Courtside Oversized Printed Tee - Women,Women's T-shirts,CAVA Athleisure Pvt Ltd,51898273792316,XL,WTS1618BKSYCXL,844.00,True,Available,1,https://cavaathleisure.com/products/black-courtside-oversized-printed-tee-women
https://cavaathleisure.com,10093659816252,Black Courtside Oversized Printed Tee - Women,Women's T-shirts,CAVA Athleisure Pvt Ltd,51898273825084,XXL,WTS1618BKSYCXXL,844.00,False,Sold Out,0,https://cavaathleisure.com/products/black-courtside-oversized-printed-tee-women
https://cavaathleisure.com,10100728299836,Cobalt Hourglass Flared Leggings,Flare Pants,CAVA Athleisure Pvt Ltd,51922227003708,XS,WFP1ACU01NYXS,1429.00,True,Available,1,https://cavaathleisure.com/products/cobalt-hourglass-flared-leggings
https://cavaathleisure.com,10100728299836,Cobalt Hourglass Flared Leggings,Flare Pants,CAVA Athleisure Pvt Ltd,51922228838716,XS,WFP1ACU02NYXS,1429.00,True,Available,1,https://cavaathleisure.com/products/cobalt-hourglass-flared-leggings
https://cavaathleisure.com,10100728299836,Cobalt Hourglass Flared Leggings,Flare Pants,CAVA Athleisure Pvt Ltd,51922228871484,XS,WFB1ACU04NYXS,1429.00,False,Sold Out,0,https://cavaathleisure.com/products/cobalt-hourglass-flared-leggings
https://cavaathleisure.com,10100728299836,Cobalt Hourglass Flared Leggings,Flare Pants,CAVA Athleisure Pvt Ltd,51922227036476,S,WFP1ACU01NYS,1429.00,False,Sold Out,0,https://cavaathleisure.com/products/cobalt-hourglass-flared-leggings
https://cavaathleisure.com,10100728299836,Cobalt Hourglass Flared Leggings,Flare Pants,CAVA Athleisure Pvt Ltd,51922228904252,S,WFP1ACU02NYS,1429.00,False,Sold Out,0,https://cavaathleisure.com/products/cobalt-hourglass-flared-leggings
https://cavaathleisure.com,10100728299836,Cobalt Hourglass Flared Leggings,Flare Pants,CAVA Athleisure Pvt Ltd,51922228937020,S,WFB1ACU04NYS,1429.00,False,Sold Out,0,https://cavaathleisure.com/products/cobalt-hourglass-flared-leggings
https://cavaathleisure.com,10100728299836,Cobalt Hourglass Flared Leggings,Flare Pants,CAVA Athleisure Pvt Ltd,51922227069244,M,WFP1ACU01NYM,1429.00,False,Sold Out,0,https://cavaathleisure.com/products/cobalt-hourglass-flared-leggings
https://cavaathleisure.com,10100728299836,Cobalt Hourglass Flared Leggings,Flare Pants,CAVA Athleisure Pvt Ltd,51922228969788,M,WFP1ACU02NYM,1429.00,False,Sold Out,0,https://cavaathleisure.com/products/cobalt-hourglass-flared-leggings
https://cavaathleisure.com,10100728299836,Cobalt Hourglass Flared Leggings,Flare Pants,CAVA Athleisure Pvt Ltd,51922229002556,M,WFB1ACU04NYM,1429.00,False,Sold Out,0,https://cavaathleisure.com/products/cobalt-hourglass-flared-leggings
https://cavaathleisure.com,10100728299836,Cobalt Hourglass Flared Leggings,Flare Pants,CAVA Athleisure Pvt Ltd,51922227102012,L,WFP1ACU01NYL,1429.00,False,Sold Out,0,https://cavaathleisure.com/products/cobalt-hourglass-flared-leggings
https://cavaathleisure.com,10100728299836,Cobalt Hourglass Flared Leggings,Flare Pants,CAVA Athleisure Pvt Ltd,51922229035324,L,WFP1ACU02NYL,1429.00,False,Sold Out,0,https://cavaathleisure.com/products/cobalt-hourglass-flared-leggings
https://cavaathleisure.com,10100728299836,Cobalt Hourglass Flared Leggings,Flare Pants,CAVA Athleisure Pvt Ltd,51922229068092,L,WFB1ACU04NYL,1429.00,False,Sold Out,0,https://cavaathleisure.com/products/cobalt-hourglass-flared-leggings
https://cavaathleisure.com,10100728299836,Cobalt Hourglass Flared Leggings,Flare Pants,CAVA Athleisure Pvt Ltd,51922227134780,XL,WFP1ACU01NYXL,1429.00,False,Sold Out,0,https://cavaathleisure.com/products/cobalt-hourglass-flared-leggings
https://cavaathleisure.com,10100728299836,Cobalt Hourglass Flared Leggings,Flare Pants,CAVA Athleisure Pvt Ltd,51922229100860,XL,WFP1ACU02NYXL,1429.00,False,Sold Out,0,https://cavaathleisure.com/products/cobalt-hourglass-flared-leggings
https://cavaathleisure.com,10100728299836,Cobalt Hourglass Flared Leggings,Flare Pants,CAVA Athleisure Pvt Ltd,51922229133628,XL,WFB1ACU04NYXL,1429.00,False,Sold Out,0,https://cavaathleisure.com/products/cobalt-hourglass-flared-leggings
https://cavaathleisure.com,10100728299836,Cobalt Hourglass Flared Leggings,Flare Pants,CAVA Athleisure Pvt Ltd,51922227167548,XXL,WFP1ACU01NYXXL,1429.00,False,Sold Out,0,https://cavaathleisure.com/products/cobalt-hourglass-flared-leggings
https://cavaathleisure.com,10100728299836,Cobalt Hourglass Flared Leggings,Flare Pants,CAVA Athleisure Pvt Ltd,51922229166396,XXL,WFP1ACU02NYXXL,1429.00,False,Sold Out,0,https://cavaathleisure.com/products/cobalt-hourglass-flared-leggings
https://cavaathleisure.com,10100728299836,Cobalt Hourglass Flared Leggings,Flare Pants,CAVA Athleisure Pvt Ltd,51922229199164,XXL,WFB1ACU04NYXXL,1429.00,False,Sold Out,0,https://cavaathleisure.com/products/cobalt-hourglass-flared-leggings
https://cavaathleisure.com,10098268963132,Blush Swirl Tennis Skorts,Skorts and Skirts,CAVA Athleisure Pvt Ltd,53815480189244,XXS,WSKSET445PNXXS,1399.00,True,Available,1,https://cavaathleisure.com/products/blush-pink-swirl-tennis-skorts
https://cavaathleisure.com,10098268963132,Blush Swirl Tennis Skorts,Skorts and Skirts,CAVA Athleisure Pvt Ltd,51914325098812,XS,WSK14SET4PNXS,1399.00,True,Available,1,https://cavaathleisure.com/products/blush-pink-swirl-tennis-skorts
https://cavaathleisure.com,10098268963132,Blush Swirl Tennis Skorts,Skorts and Skirts,CAVA Athleisure Pvt Ltd,51914325131580,S,WSK14SET4PNS,1399.00,True,Available,1,https://cavaathleisure.com/products/blush-pink-swirl-tennis-skorts
https://cavaathleisure.com,10098268963132,Blush Swirl Tennis Skorts,Skorts and Skirts,CAVA Athleisure Pvt Ltd,51914325164348,M,WSK14SET4PNM,1399.00,True,Available,1,https://cavaathleisure.com/products/blush-pink-swirl-tennis-skorts
https://cavaathleisure.com,10098268963132,Blush Swirl Tennis Skorts,Skorts and Skirts,CAVA Athleisure Pvt Ltd,51914325197116,L,WSK14SET4PNL,1399.00,True,Available,1,https://cavaathleisure.com/products/blush-pink-swirl-tennis-skorts
https://cavaathleisure.com,10098268963132,Blush Swirl Tennis Skorts,Skorts and Skirts,CAVA Athleisure Pvt Ltd,51914325229884,XL,WSK14SET4PNXL,1399.00,True,Available,1,https://cavaathleisure.com/products/blush-pink-swirl-tennis-skorts
https://cavaathleisure.com,10098268963132,Blush Swirl Tennis Skorts,Skorts and Skirts,CAVA Athleisure Pvt Ltd,51914325262652,XXL,WSK14SET4PNXXL,1399.00,True,Available,1,https://cavaathleisure.com/products/blush-pink-swirl-tennis-skorts
https://cavaathleisure.com,10098268963132,Blush Swirl Tennis Skorts,Skorts and Skirts,CAVA Athleisure Pvt Ltd,53815480222012,XXXL,WSKSET445PNXXXL,1399.00,True,Available,1,https://cavaathleisure.com/products/blush-pink-swirl-tennis-skorts
https://cavaathleisure.com,10093737148732,Black Love All Oversized Printed Tee - Women,Women's T-shirts,CAVA Athleisure Pvt Ltd,51899043971388,XS,WTS1618BKTHXS,844.00,False,Sold Out,0,https://cavaathleisure.com/products/black-love-all-oversized-printed-tee-women
https://cavaathleisure.com,10093737148732,Black Love All Oversized Printed Tee - Women,Women's T-shirts,CAVA Athleisure Pvt Ltd,51899044004156,S,WTS1618BKTHS,844.00,False,Sold Out,0,https://cavaathleisure.com/products/black-love-all-oversized-printed-tee-women
https://cavaathleisure.com,10093737148732,Black Love All Oversized Printed Tee - Women,Women's T-shirts,CAVA Athleisure Pvt Ltd,51899044036924,M,WTS1618BKTHM,844.00,False,Sold Out,0,https://cavaathleisure.com/products/black-love-all-oversized-printed-tee-women
https://cavaathleisure.com,10093737148732,Black Love All Oversized Printed Tee - Women,Women's T-shirts,CAVA Athleisure Pvt Ltd,51899044069692,L,WTS1618BKTHL,844.00,False,Sold Out,0,https://cavaathleisure.com/products/black-love-all-oversized-printed-tee-women
https://cavaathleisure.com,10093737148732,Black Love All Oversized Printed Tee - Women,Women's T-shirts,CAVA Athleisure Pvt Ltd,51899044102460,XL,WTS1618BKTHXL,844.00,False,Sold Out,0,https://cavaathleisure.com/products/black-love-all-oversized-printed-tee-women
https://cavaathleisure.com,10093737148732,Black Love All Oversized Printed Tee - Women,Women's T-shirts,CAVA Athleisure Pvt Ltd,51899044135228,XXL,WTS1618BKTHXXL,844.00,False,Sold Out,0,https://cavaathleisure.com/products/black-love-all-oversized-printed-tee-women
https://cavaathleisure.com,10093733740860,Cream Serve Side Oversized Printed Tee - Women,Women's T-shirts,CAVA Athleisure Pvt Ltd,51899021820220,XS,WTS1618WHGSMXS,844.00,False,Sold Out,0,https://cavaathleisure.com/products/cream-serve-side-oversized-printed-tee-women
https://cavaathleisure.com,10093733740860,Cream Serve Side Oversized Printed Tee - Women,Women's T-shirts,CAVA Athleisure Pvt Ltd,51899021852988,S,WTS1618WHGSMS,844.00,True,Available,1,https://cavaathleisure.com/products/cream-serve-side-oversized-printed-tee-women
https://cavaathleisure.com,10093733740860,Cream Serve Side Oversized Printed Tee - Women,Women's T-shirts,CAVA Athleisure Pvt Ltd,51899021885756,M,WTS1618WHGSMM,844.00,False,Sold Out,0,https://cavaathleisure.com/products/cream-serve-side-oversized-printed-tee-women
https://cavaathleisure.com,10093733740860,Cream Serve Side Oversized Printed Tee - Women,Women's T-shirts,CAVA Athleisure Pvt Ltd,51899021918524,L,WTS1618WHGSML,844.00,False,Sold Out,0,https://cavaathleisure.com/products/cream-serve-side-oversized-printed-tee-women
https://cavaathleisure.com,10093733740860,Cream Serve Side Oversized Printed Tee - Women,Women's T-shirts,CAVA Athleisure Pvt Ltd,51899021951292,XL,WTS1618WHGSMXL,844.00,False,Sold Out,0,https://cavaathleisure.com/products/cream-serve-side-oversized-printed-tee-women
https://cavaathleisure.com,10093733740860,Cream Serve Side Oversized Printed Tee - Women,Women's T-shirts,CAVA Athleisure Pvt Ltd,51899021984060,XXL,WTS1618WHGSMXXL,844.00,False,Sold Out,0,https://cavaathleisure.com/products/cream-serve-side-oversized-printed-tee-women
https://cavaathleisure.com,10091157750076,White Courtside Oversized Printed Tee - Women,Women's T-shirts,CAVA Athleisure Pvt Ltd,51888392110396,XS,WTS1618WHSYCXS,844.00,False,Sold Out,0,https://cavaathleisure.com/products/white-courtside-oversized-printed-tee-women
https://cavaathleisure.com,10091157750076,White Courtside Oversized Printed Tee - Women,Women's T-shirts,CAVA Athleisure Pvt Ltd,51888392143164,S,WTS1618WHSYCS,844.00,False,Sold Out,0,https://cavaathleisure.com/products/white-courtside-oversized-printed-tee-women
https://cavaathleisure.com,10091157750076,White Courtside Oversized Printed Tee - Women,Women's T-shirts,CAVA Athleisure Pvt Ltd,51888392175932,M,WTS1618WHSYCM,844.00,False,Sold Out,0,https://cavaathleisure.com/products/white-courtside-oversized-printed-tee-women
https://cavaathleisure.com,10091157750076,White Courtside Oversized Printed Tee - Women,Women's T-shirts,CAVA Athleisure Pvt Ltd,51888392208700,L,WTS1618WHSYCL,844.00,False,Sold Out,0,https://cavaathleisure.com/products/white-courtside-oversized-printed-tee-women
https://cavaathleisure.com,10091157750076,White Courtside Oversized Printed Tee - Women,Women's T-shirts,CAVA Athleisure Pvt Ltd,51888392241468,XL,WTS1618WHSYCXL,844.00,False,Sold Out,0,https://cavaathleisure.com/products/white-courtside-oversized-printed-tee-women
https://cavaathleisure.com,10091157750076,White Courtside Oversized Printed Tee - Women,Women's T-shirts,CAVA Athleisure Pvt Ltd,51888392274236,XXL,WTS1618WHSYCXXL,844.00,False,Sold Out,0,https://cavaathleisure.com/products/white-courtside-oversized-printed-tee-women
https://cavaathleisure.com,10068882850108,Mauve Zip-Up Sports Bra,Sports Bras,CAVA Athleisure Pvt Ltd,51810391425340,XS,WSB10511PUXS,850.00,False,Sold Out,0,https://cavaathleisure.com/products/mauve-zip-up-sports-bra
https://cavaathleisure.com,10068882850108,Mauve Zip-Up Sports Bra,Sports Bras,CAVA Athleisure Pvt Ltd,51810391458108,S,WSB10511PUS,850.00,False,Sold Out,0,https://cavaathleisure.com/products/mauve-zip-up-sports-bra
https://cavaathleisure.com,10068882850108,Mauve Zip-Up Sports Bra,Sports Bras,CAVA Athleisure Pvt Ltd,51810391490876,M,WSB10511PUM,850.00,False,Sold Out,0,https://cavaathleisure.com/products/mauve-zip-up-sports-bra
https://cavaathleisure.com,10068882850108,Mauve Zip-Up Sports Bra,Sports Bras,CAVA Athleisure Pvt Ltd,51810391523644,L,WSB10511PUL,850.00,False,Sold Out,0,https://cavaathleisure.com/products/mauve-zip-up-sports-bra
https://cavaathleisure.com,10068882850108,Mauve Zip-Up Sports Bra,Sports Bras,CAVA Athleisure Pvt Ltd,51810391556412,XL,WSB10511PUXL,850.00,False,Sold Out,0,https://cavaathleisure.com/products/mauve-zip-up-sports-bra
https://cavaathleisure.com,10068882850108,Mauve Zip-Up Sports Bra,Sports Bras,CAVA Athleisure Pvt Ltd,51810391589180,XXL,WSB10511PUXXL,850.00,False,Sold Out,0,https://cavaathleisure.com/products/mauve-zip-up-sports-bra
https://cavaathleisure.com,10107844133180,Cream Supima V Neck T-Shirt - Regular Fit,Men's T-shirts,CAVA Athleisure Pvt Ltd,51944952004924,S,MTS16CS102WHS,749.00,True,Available,1,https://cavaathleisure.com/products/cream-supima-v-neck-t-shirt-regular-fit
https://cavaathleisure.com,10107844133180,Cream Supima V Neck T-Shirt - Regular Fit,Men's T-shirts,CAVA Athleisure Pvt Ltd,51944952037692,M,MTS16CS102WHM,749.00,True,Available,1,https://cavaathleisure.com/products/cream-supima-v-neck-t-shirt-regular-fit
https://cavaathleisure.com,10107844133180,Cream Supima V Neck T-Shirt - Regular Fit,Men's T-shirts,CAVA Athleisure Pvt Ltd,51944952070460,L,MTS16CS102WHL,749.00,True,Available,1,https://cavaathleisure.com/products/cream-supima-v-neck-t-shirt-regular-fit
https://cavaathleisure.com,10107844133180,Cream Supima V Neck T-Shirt - Regular Fit,Men's T-shirts,CAVA Athleisure Pvt Ltd,51944952103228,XL,MTS16CS102WHXL,749.00,True,Available,1,https://cavaathleisure.com/products/cream-supima-v-neck-t-shirt-regular-fit
https://cavaathleisure.com,10107844133180,Cream Supima V Neck T-Shirt - Regular Fit,Men's T-shirts,CAVA Athleisure Pvt Ltd,51944952135996,XXL,MTS16CS102WHXXL,749.00,True,Available,1,https://cavaathleisure.com/products/cream-supima-v-neck-t-shirt-regular-fit
https://cavaathleisure.com,10107790328124,Blue Supima Polo T-Shirt - Regular Fit,,CAVA Athleisure Pvt Ltd,51944844362044,S,MTS16CS103BLS,1104.00,True,Available,1,https://cavaathleisure.com/products/blue-supima-polo-t-shirt-regular-fit
https://cavaathleisure.com,10107790328124,Blue Supima Polo T-Shirt - Regular Fit,,CAVA Athleisure Pvt Ltd,51944844394812,M,MTS16CS103BLM,1104.00,False,Sold Out,0,https://cavaathleisure.com/products/blue-supima-polo-t-shirt-regular-fit
https://cavaathleisure.com,10107790328124,Blue Supima Polo T-Shirt - Regular Fit,,CAVA Athleisure Pvt Ltd,51944844427580,L,MTS16CS103BLL,1104.00,False,Sold Out,0,https://cavaathleisure.com/products/blue-supima-polo-t-shirt-regular-fit
https://cavaathleisure.com,10107790328124,Blue Supima Polo T-Shirt - Regular Fit,,CAVA Athleisure Pvt Ltd,51944844460348,XL,MTS16CS103BLXL,1104.00,False,Sold Out,0,https://cavaathleisure.com/products/blue-supima-polo-t-shirt-regular-fit
https://cavaathleisure.com,10107790328124,Blue Supima Polo T-Shirt - Regular Fit,,CAVA Athleisure Pvt Ltd,51944844493116,XXL,MTS16CS103BLXXL,1104.00,False,Sold Out,0,https://cavaathleisure.com/products/blue-supima-polo-t-shirt-regular-fit
https://cavaathleisure.com,10065416749372,Burgundy Aerial Contrast Leggings,Leggings,CAVA Athleisure Pvt Ltd,51798471180604,XS,WLG1011RDXS,1000.00,False,Sold Out,0,https://cavaathleisure.com/products/burgundy-aerial-contrast-leggings
https://cavaathleisure.com,10065416749372,Burgundy Aerial Contrast Leggings,Leggings,CAVA Athleisure Pvt Ltd,51798471213372,S,WLG1011RDS,1000.00,True,Available,1,https://cavaathleisure.com/products/burgundy-aerial-contrast-leggings
https://cavaathleisure.com,10065416749372,Burgundy Aerial Contrast Leggings,Leggings,CAVA Athleisure Pvt Ltd,51798471246140,M,WLG1011RDM,1000.00,False,Sold Out,0,https://cavaathleisure.com/products/burgundy-aerial-contrast-leggings
https://cavaathleisure.com,10065416749372,Burgundy Aerial Contrast Leggings,Leggings,CAVA Athleisure Pvt Ltd,51798471278908,L,WLG1011RDL,1000.00,False,Sold Out,0,https://cavaathleisure.com/products/burgundy-aerial-contrast-leggings
https://cavaathleisure.com,10065416749372,Burgundy Aerial Contrast Leggings,Leggings,CAVA Athleisure Pvt Ltd,51798471311676,XL,WLG1011RDXL,1000.00,False,Sold Out,0,https://cavaathleisure.com/products/burgundy-aerial-contrast-leggings
https://cavaathleisure.com,10065416749372,Burgundy Aerial Contrast Leggings,Leggings,CAVA Athleisure Pvt Ltd,51798471344444,XXL,WLG1011RDXXL,1000.00,False,Sold Out,0,https://cavaathleisure.com/products/burgundy-aerial-contrast-leggings
https://cavaathleisure.com,10070914793788,Brown Hourglass Flared Leggings,Flare Pants,CAVA athleisure,51816166162748,XS,BTM-CAVA-ACU01-Brown-XS,1429.00,True,Available,1,https://cavaathleisure.com/products/brown-hourglass-flared-leggings
https://cavaathleisure.com,10070914793788,Brown Hourglass Flared Leggings,Flare Pants,CAVA athleisure,51816172552508,XS,BTM-CAVA-ACU02-Brown-XS,1429.00,True,Available,1,https://cavaathleisure.com/products/brown-hourglass-flared-leggings
https://cavaathleisure.com,10070914793788,Brown Hourglass Flared Leggings,Flare Pants,CAVA athleisure,51816172585276,XS,BTM-CAVA-ACU04-Brown-XS,1429.00,True,Available,1,https://cavaathleisure.com/products/brown-hourglass-flared-leggings
https://cavaathleisure.com,10070914793788,Brown Hourglass Flared Leggings,Flare Pants,CAVA athleisure,51816166195516,S,BTM-CAVA-ACU01-Brown-S,1429.00,True,Available,1,https://cavaathleisure.com/products/brown-hourglass-flared-leggings
https://cavaathleisure.com,10070914793788,Brown Hourglass Flared Leggings,Flare Pants,CAVA athleisure,51816172618044,S,BTM-CAVA-ACU02-Brown-S,1429.00,True,Available,1,https://cavaathleisure.com/products/brown-hourglass-flared-leggings
https://cavaathleisure.com,10070914793788,Brown Hourglass Flared Leggings,Flare Pants,CAVA athleisure,51816172650812,S,BTM-CAVA-ACU04-Brown-S,1429.00,True,Available,1,https://cavaathleisure.com/products/brown-hourglass-flared-leggings
https://cavaathleisure.com,10070914793788,Brown Hourglass Flared Leggings,Flare Pants,CAVA athleisure,51816166228284,M,BTM-CAVA-ACU01-Brown-M,1429.00,True,Available,1,https://cavaathleisure.com/products/brown-hourglass-flared-leggings
https://cavaathleisure.com,10070914793788,Brown Hourglass Flared Leggings,Flare Pants,CAVA athleisure,51816172683580,M,BTM-CAVA-ACU02-Brown-M,1429.00,True,Available,1,https://cavaathleisure.com/products/brown-hourglass-flared-leggings
https://cavaathleisure.com,10070914793788,Brown Hourglass Flared Leggings,Flare Pants,CAVA athleisure,51816172716348,M,BTM-CAVA-ACU04-Brown-M,1429.00,True,Available,1,https://cavaathleisure.com/products/brown-hourglass-flared-leggings
https://cavaathleisure.com,10070914793788,Brown Hourglass Flared Leggings,Flare Pants,CAVA athleisure,51816166261052,L,BTM-CAVA-ACU01-Brown-L,1429.00,True,Available,1,https://cavaathleisure.com/products/brown-hourglass-flared-leggings
https://cavaathleisure.com,10070914793788,Brown Hourglass Flared Leggings,Flare Pants,CAVA athleisure,51816172749116,L,BTM-CAVA-ACU02-Brown-L,1429.00,True,Available,1,https://cavaathleisure.com/products/brown-hourglass-flared-leggings
https://cavaathleisure.com,10070914793788,Brown Hourglass Flared Leggings,Flare Pants,CAVA athleisure,51816172781884,L,BTM-CAVA-ACU04-Brown-L,1429.00,True,Available,1,https://cavaathleisure.com/products/brown-hourglass-flared-leggings
https://cavaathleisure.com,10070914793788,Brown Hourglass Flared Leggings,Flare Pants,CAVA athleisure,51816166293820,XL,BTM-CAVA-ACU01-Brown-XL,1429.00,True,Available,1,https://cavaathleisure.com/products/brown-hourglass-flared-leggings
https://cavaathleisure.com,10070914793788,Brown Hourglass Flared Leggings,Flare Pants,CAVA athleisure,51816172814652,XL,BTM-CAVA-ACU02-Brown-XL,1429.00,True,Available,1,https://cavaathleisure.com/products/brown-hourglass-flared-leggings
https://cavaathleisure.com,10070914793788,Brown Hourglass Flared Leggings,Flare Pants,CAVA athleisure,51816172847420,XL,BTM-CAVA-ACU04-Brown-XL,1429.00,True,Available,1,https://cavaathleisure.com/products/brown-hourglass-flared-leggings
https://cavaathleisure.com,10070914793788,Brown Hourglass Flared Leggings,Flare Pants,CAVA athleisure,51816166326588,XXL,BTM-CAVA-ACU01-Brown-XXL,1429.00,True,Available,1,https://cavaathleisure.com/products/brown-hourglass-flared-leggings
https://cavaathleisure.com,10070914793788,Brown Hourglass Flared Leggings,Flare Pants,CAVA athleisure,51816172880188,XXL,BTM-CAVA-ACU02-Brown-XXL,1429.00,True,Available,1,https://cavaathleisure.com/products/brown-hourglass-flared-leggings
https://cavaathleisure.com,10070914793788,Brown Hourglass Flared Leggings,Flare Pants,CAVA athleisure,51816172912956,XXL,BTM-CAVA-ACU04-Brown-XXL,1429.00,True,Available,1,https://cavaathleisure.com/products/brown-hourglass-flared-leggings
https://cavaathleisure.com,10065416028476,Black Aerial Contrast Leggings,Leggings,CAVA Athleisure Pvt Ltd,51798468723004,XS,WLG1011BKXS,1250.00,True,Available,1,https://cavaathleisure.com/products/black-aerial-contrast-leggings
https://cavaathleisure.com,10065416028476,Black Aerial Contrast Leggings,Leggings,CAVA Athleisure Pvt Ltd,51798468755772,S,WLG1011BKS,1250.00,True,Available,1,https://cavaathleisure.com/products/black-aerial-contrast-leggings
https://cavaathleisure.com,10065416028476,Black Aerial Contrast Leggings,Leggings,CAVA Athleisure Pvt Ltd,51798468788540,M,WLG1011BKM,1250.00,False,Sold Out,0,https://cavaathleisure.com/products/black-aerial-contrast-leggings
https://cavaathleisure.com,10065416028476,Black Aerial Contrast Leggings,Leggings,CAVA Athleisure Pvt Ltd,51798468821308,L,WLG1011BKL,1250.00,False,Sold Out,0,https://cavaathleisure.com/products/black-aerial-contrast-leggings
https://cavaathleisure.com,10065416028476,Black Aerial Contrast Leggings,Leggings,CAVA Athleisure Pvt Ltd,51798468854076,XL,WLG1011BKXL,1250.00,False,Sold Out,0,https://cavaathleisure.com/products/black-aerial-contrast-leggings
https://cavaathleisure.com,10065416028476,Black Aerial Contrast Leggings,Leggings,CAVA Athleisure Pvt Ltd,51798468886844,XXL,WLG1011BKXXL,1250.00,False,Sold Out,0,https://cavaathleisure.com/products/black-aerial-contrast-leggings
https://cavaathleisure.com,10045189521724,Obsidian Black Hourglass Flared Leggings,Flare Pants,CAVA athleisure,51745883357500,XS,BTM-CAVA-ACU01-Black-XS,1429.00,True,Available,1,https://cavaathleisure.com/products/obsidian-black-hourglass-flared-leggings
https://cavaathleisure.com,10045189521724,Obsidian Black Hourglass Flared Leggings,Flare Pants,CAVA athleisure,51745890959676,XS,BTM-CAVA-ACU02-Black-XS,1429.00,True,Available,1,https://cavaathleisure.com/products/obsidian-black-hourglass-flared-leggings
https://cavaathleisure.com,10045189521724,Obsidian Black Hourglass Flared Leggings,Flare Pants,CAVA athleisure,51745890992444,XS,BTM-CAVA-ACU04-Black-XS,1429.00,True,Available,1,https://cavaathleisure.com/products/obsidian-black-hourglass-flared-leggings
https://cavaathleisure.com,10045189521724,Obsidian Black Hourglass Flared Leggings,Flare Pants,CAVA athleisure,51745883390268,S,BTM-CAVA-ACU01-Black-S,1429.00,True,Available,1,https://cavaathleisure.com/products/obsidian-black-hourglass-flared-leggings
https://cavaathleisure.com,10045189521724,Obsidian Black Hourglass Flared Leggings,Flare Pants,CAVA athleisure,51745891025212,S,BTM-CAVA-ACU02-Black-S,1429.00,True,Available,1,https://cavaathleisure.com/products/obsidian-black-hourglass-flared-leggings
https://cavaathleisure.com,10045189521724,Obsidian Black Hourglass Flared Leggings,Flare Pants,CAVA athleisure,51745891057980,S,BTM-CAVA-ACU04-Black-S,1429.00,True,Available,1,https://cavaathleisure.com/products/obsidian-black-hourglass-flared-leggings
https://cavaathleisure.com,10045189521724,Obsidian Black Hourglass Flared Leggings,Flare Pants,CAVA athleisure,51745883423036,M,BTM-CAVA-ACU01-Black-M,1429.00,True,Available,1,https://cavaathleisure.com/products/obsidian-black-hourglass-flared-leggings
https://cavaathleisure.com,10045189521724,Obsidian Black Hourglass Flared Leggings,Flare Pants,CAVA athleisure,51745891090748,M,BTM-CAVA-ACU02-Black-M,1429.00,True,Available,1,https://cavaathleisure.com/products/obsidian-black-hourglass-flared-leggings
https://cavaathleisure.com,10045189521724,Obsidian Black Hourglass Flared Leggings,Flare Pants,CAVA athleisure,51745891123516,M,BTM-CAVA-ACU04-Black-M,1429.00,True,Available,1,https://cavaathleisure.com/products/obsidian-black-hourglass-flared-leggings
https://cavaathleisure.com,10045189521724,Obsidian Black Hourglass Flared Leggings,Flare Pants,CAVA athleisure,51745883455804,L,BTM-CAVA-ACU01-Black-L,1429.00,True,Available,1,https://cavaathleisure.com/products/obsidian-black-hourglass-flared-leggings
https://cavaathleisure.com,10045189521724,Obsidian Black Hourglass Flared Leggings,Flare Pants,CAVA athleisure,51745891156284,L,BTM-CAVA-ACU02-Black-L,1429.00,True,Available,1,https://cavaathleisure.com/products/obsidian-black-hourglass-flared-leggings
https://cavaathleisure.com,10045189521724,Obsidian Black Hourglass Flared Leggings,Flare Pants,CAVA athleisure,51745891189052,L,BTM-CAVA-ACU04-Black-L,1429.00,True,Available,1,https://cavaathleisure.com/products/obsidian-black-hourglass-flared-leggings
https://cavaathleisure.com,10045189521724,Obsidian Black Hourglass Flared Leggings,Flare Pants,CAVA athleisure,51745883488572,XL,BTM-CAVA-ACU01-Black-XL,1429.00,True,Available,1,https://cavaathleisure.com/products/obsidian-black-hourglass-flared-leggings
https://cavaathleisure.com,10045189521724,Obsidian Black Hourglass Flared Leggings,Flare Pants,CAVA athleisure,51745891221820,XL,BTM-CAVA-ACU02-Black-XL,1429.00,True,Available,1,https://cavaathleisure.com/products/obsidian-black-hourglass-flared-leggings
https://cavaathleisure.com,10045189521724,Obsidian Black Hourglass Flared Leggings,Flare Pants,CAVA athleisure,51745891254588,XL,BTM-CAVA-ACU04-Black-XL,1429.00,True,Available,1,https://cavaathleisure.com/products/obsidian-black-hourglass-flared-leggings
https://cavaathleisure.com,10045189521724,Obsidian Black Hourglass Flared Leggings,Flare Pants,CAVA athleisure,51745883521340,XXL,BTM-CAVA-ACU01-Black-XXL,1429.00,True,Available,1,https://cavaathleisure.com/products/obsidian-black-hourglass-flared-leggings
https://cavaathleisure.com,10045189521724,Obsidian Black Hourglass Flared Leggings,Flare Pants,CAVA athleisure,51745891287356,XXL,BTM-CAVA-ACU02-Black-XXL,1429.00,True,Available,1,https://cavaathleisure.com/products/obsidian-black-hourglass-flared-leggings
https://cavaathleisure.com,10045189521724,Obsidian Black Hourglass Flared Leggings,Flare Pants,CAVA athleisure,51745891320124,XXL,BTM-CAVA-ACU04-Black-XXL,1429.00,True,Available,1,https://cavaathleisure.com/products/obsidian-black-hourglass-flared-leggings
https://cavaathleisure.com,10099730645308,Wine Hourglass Flared Leggings,Flare Pants,CAVA Athleisure Pvt Ltd,51918838792508,XS,WFP1ACU01RDXS,1429.00,True,Available,1,https://cavaathleisure.com/products/wine-hourglass-flared-leggings
https://cavaathleisure.com,10099730645308,Wine Hourglass Flared Leggings,Flare Pants,CAVA Athleisure Pvt Ltd,51918841610556,XS,WFP1ACU02RDXS,1429.00,True,Available,1,https://cavaathleisure.com/products/wine-hourglass-flared-leggings
https://cavaathleisure.com,10099730645308,Wine Hourglass Flared Leggings,Flare Pants,CAVA Athleisure Pvt Ltd,51918841643324,XS,WFB1ACU04RDXS,1429.00,True,Available,1,https://cavaathleisure.com/products/wine-hourglass-flared-leggings
https://cavaathleisure.com,10099730645308,Wine Hourglass Flared Leggings,Flare Pants,CAVA Athleisure Pvt Ltd,51918838825276,S,WFP1ACU01RDS,1429.00,True,Available,1,https://cavaathleisure.com/products/wine-hourglass-flared-leggings
https://cavaathleisure.com,10099730645308,Wine Hourglass Flared Leggings,Flare Pants,CAVA Athleisure Pvt Ltd,51918841676092,S,WFP1ACU02RDS,1429.00,True,Available,1,https://cavaathleisure.com/products/wine-hourglass-flared-leggings
https://cavaathleisure.com,10099730645308,Wine Hourglass Flared Leggings,Flare Pants,CAVA Athleisure Pvt Ltd,51918841708860,S,WFB1ACU04RDS,1429.00,True,Available,1,https://cavaathleisure.com/products/wine-hourglass-flared-leggings
https://cavaathleisure.com,10099730645308,Wine Hourglass Flared Leggings,Flare Pants,CAVA Athleisure Pvt Ltd,51918838858044,M,WFP1ACU01RDM,1429.00,True,Available,1,https://cavaathleisure.com/products/wine-hourglass-flared-leggings
https://cavaathleisure.com,10099730645308,Wine Hourglass Flared Leggings,Flare Pants,CAVA Athleisure Pvt Ltd,51918841741628,M,WFP1ACU02RDM,1429.00,True,Available,1,https://cavaathleisure.com/products/wine-hourglass-flared-leggings
https://cavaathleisure.com,10099730645308,Wine Hourglass Flared Leggings,Flare Pants,CAVA Athleisure Pvt Ltd,51918841774396,M,WFB1ACU04RDM,1429.00,True,Available,1,https://cavaathleisure.com/products/wine-hourglass-flared-leggings
https://cavaathleisure.com,10099730645308,Wine Hourglass Flared Leggings,Flare Pants,CAVA Athleisure Pvt Ltd,51918838890812,L,WFP1ACU01RDL,1429.00,True,Available,1,https://cavaathleisure.com/products/wine-hourglass-flared-leggings
https://cavaathleisure.com,10099730645308,Wine Hourglass Flared Leggings,Flare Pants,CAVA Athleisure Pvt Ltd,51918841807164,L,WFP1ACU02RDL,1429.00,True,Available,1,https://cavaathleisure.com/products/wine-hourglass-flared-leggings
https://cavaathleisure.com,10099730645308,Wine Hourglass Flared Leggings,Flare Pants,CAVA Athleisure Pvt Ltd,51918841839932,L,WFB1ACU04RDL,1429.00,True,Available,1,https://cavaathleisure.com/products/wine-hourglass-flared-leggings
https://cavaathleisure.com,10099730645308,Wine Hourglass Flared Leggings,Flare Pants,CAVA Athleisure Pvt Ltd,51918838923580,XL,WFP1ACU01RDXL,1429.00,True,Available,1,https://cavaathleisure.com/products/wine-hourglass-flared-leggings
https://cavaathleisure.com,10099730645308,Wine Hourglass Flared Leggings,Flare Pants,CAVA Athleisure Pvt Ltd,51918841872700,XL,WFP1ACU02RDXL,1429.00,True,Available,1,https://cavaathleisure.com/products/wine-hourglass-flared-leggings
https://cavaathleisure.com,10099730645308,Wine Hourglass Flared Leggings,Flare Pants,CAVA Athleisure Pvt Ltd,51918841905468,XL,WFB1ACU04RDXL,1429.00,True,Available,1,https://cavaathleisure.com/products/wine-hourglass-flared-leggings
https://cavaathleisure.com,10099730645308,Wine Hourglass Flared Leggings,Flare Pants,CAVA Athleisure Pvt Ltd,51918838956348,XXL,WFP1ACU01RDXXL,1429.00,True,Available,1,https://cavaathleisure.com/products/wine-hourglass-flared-leggings
https://cavaathleisure.com,10099730645308,Wine Hourglass Flared Leggings,Flare Pants,CAVA Athleisure Pvt Ltd,51918841938236,XXL,WFP1ACU02RDXXL,1429.00,True,Available,1,https://cavaathleisure.com/products/wine-hourglass-flared-leggings
https://cavaathleisure.com,10099730645308,Wine Hourglass Flared Leggings,Flare Pants,CAVA Athleisure Pvt Ltd,51918841971004,XXL,WFB1ACU04RDXXL,1429.00,True,Available,1,https://cavaathleisure.com/products/wine-hourglass-flared-leggings
https://cavaathleisure.com,10065323655484,Burgundy Aerial Contrast Crop Tank,Crop Tops,CAVA Athleisure Pvt Ltd,51797984837948,XS,WTN1003RDXS,700.00,False,Sold Out,0,https://cavaathleisure.com/products/burgundy-aerial-contrast-crop-tank
https://cavaathleisure.com,10065323655484,Burgundy Aerial Contrast Crop Tank,Crop Tops,CAVA Athleisure Pvt Ltd,51797984870716,S,WTN1003RDS,700.00,False,Sold Out,0,https://cavaathleisure.com/products/burgundy-aerial-contrast-crop-tank
https://cavaathleisure.com,10065323655484,Burgundy Aerial Contrast Crop Tank,Crop Tops,CAVA Athleisure Pvt Ltd,51797984903484,M,WTN1003RDM,700.00,False,Sold Out,0,https://cavaathleisure.com/products/burgundy-aerial-contrast-crop-tank
https://cavaathleisure.com,10065323655484,Burgundy Aerial Contrast Crop Tank,Crop Tops,CAVA Athleisure Pvt Ltd,51797984936252,L,WTN1003RDL,700.00,False,Sold Out,0,https://cavaathleisure.com/products/burgundy-aerial-contrast-crop-tank
https://cavaathleisure.com,10065323655484,Burgundy Aerial Contrast Crop Tank,Crop Tops,CAVA Athleisure Pvt Ltd,51797984969020,XL,WTN1003RDXL,700.00,False,Sold Out,0,https://cavaathleisure.com/products/burgundy-aerial-contrast-crop-tank
https://cavaathleisure.com,10065323655484,Burgundy Aerial Contrast Crop Tank,Crop Tops,CAVA Athleisure Pvt Ltd,51797985001788,XXL,WTN1003RDXXL,700.00,False,Sold Out,0,https://cavaathleisure.com/products/burgundy-aerial-contrast-crop-tank
https://cavaathleisure.com,10066027708732,Cobalt Strap Back Sports Bra,Sports Bras,CAVA Athleisure Pvt Ltd,51800453185852,XS,WSB819NY2XS,1199.00,False,Sold Out,0,https://cavaathleisure.com/products/cobalt-strap-back-sports-bra
https://cavaathleisure.com,10066027708732,Cobalt Strap Back Sports Bra,Sports Bras,CAVA Athleisure Pvt Ltd,51800453218620,S,WSB819NY2S,1199.00,False,Sold Out,0,https://cavaathleisure.com/products/cobalt-strap-back-sports-bra
https://cavaathleisure.com,10066027708732,Cobalt Strap Back Sports Bra,Sports Bras,CAVA Athleisure Pvt Ltd,51800453251388,M,WSB819NY2M,1199.00,False,Sold Out,0,https://cavaathleisure.com/products/cobalt-strap-back-sports-bra
https://cavaathleisure.com,10066027708732,Cobalt Strap Back Sports Bra,Sports Bras,CAVA Athleisure Pvt Ltd,51800453284156,L,WSB819NY2L,1199.00,False,Sold Out,0,https://cavaathleisure.com/products/cobalt-strap-back-sports-bra
https://cavaathleisure.com,10066027708732,Cobalt Strap Back Sports Bra,Sports Bras,CAVA Athleisure Pvt Ltd,51800453316924,XL,WSB819NY2XL,1199.00,False,Sold Out,0,https://cavaathleisure.com/products/cobalt-strap-back-sports-bra
https://cavaathleisure.com,10066027708732,Cobalt Strap Back Sports Bra,Sports Bras,CAVA Athleisure Pvt Ltd,51800453349692,XXL,WSB819NY2XXL,1199.00,False,Sold Out,0,https://cavaathleisure.com/products/cobalt-strap-back-sports-bra
https://cavaathleisure.com,10066026758460,Black Strap Back Sports Bra,Sports Bras,CAVA Athleisure Pvt Ltd,51800449777980,XS,WSB819BKXS,1199.00,False,Sold Out,0,https://cavaathleisure.com/products/black-strap-back-sports-bra
https://cavaathleisure.com,10066026758460,Black Strap Back Sports Bra,Sports Bras,CAVA Athleisure Pvt Ltd,51800449810748,S,WSB819BKS,1199.00,False,Sold Out,0,https://cavaathleisure.com/products/black-strap-back-sports-bra
https://cavaathleisure.com,10066026758460,Black Strap Back Sports Bra,Sports Bras,CAVA Athleisure Pvt Ltd,51800449843516,M,WSB819BKM,1199.00,False,Sold Out,0,https://cavaathleisure.com/products/black-strap-back-sports-bra
https://cavaathleisure.com,10066026758460,Black Strap Back Sports Bra,Sports Bras,CAVA Athleisure Pvt Ltd,51800449876284,L,WSB819BKL,1199.00,False,Sold Out,0,https://cavaathleisure.com/products/black-strap-back-sports-bra
https://cavaathleisure.com,10066026758460,Black Strap Back Sports Bra,Sports Bras,CAVA Athleisure Pvt Ltd,51800449909052,XL,WSB819BKXL,1199.00,True,Available,1,https://cavaathleisure.com/products/black-strap-back-sports-bra
https://cavaathleisure.com,10066026758460,Black Strap Back Sports Bra,Sports Bras,CAVA Athleisure Pvt Ltd,51800449941820,XXL,WSB819BKXXL,1199.00,True,Available,1,https://cavaathleisure.com/products/black-strap-back-sports-bra
https://cavaathleisure.com,10065337614652,Black Aerial Contrast Crop Tank,Crop Tops,CAVA Athleisure Pvt Ltd,51798025568572,XS,WTN1003BKXS,900.00,False,Sold Out,0,https://cavaathleisure.com/products/black-aerial-contrast-crop-tank
https://cavaathleisure.com,10065337614652,Black Aerial Contrast Crop Tank,Crop Tops,CAVA Athleisure Pvt Ltd,51798025601340,S,WTN1003BKS,900.00,True,Available,1,https://cavaathleisure.com/products/black-aerial-contrast-crop-tank
https://cavaathleisure.com,10065337614652,Black Aerial Contrast Crop Tank,Crop Tops,CAVA Athleisure Pvt Ltd,51798025634108,M,WTN1003BKM,900.00,False,Sold Out,0,https://cavaathleisure.com/products/black-aerial-contrast-crop-tank
https://cavaathleisure.com,10065337614652,Black Aerial Contrast Crop Tank,Crop Tops,CAVA Athleisure Pvt Ltd,51798025666876,L,WTN1003BKL,900.00,True,Available,1,https://cavaathleisure.com/products/black-aerial-contrast-crop-tank
https://cavaathleisure.com,10065337614652,Black Aerial Contrast Crop Tank,Crop Tops,CAVA Athleisure Pvt Ltd,51798025699644,XL,WTN1003BKXL,900.00,True,Available,1,https://cavaathleisure.com/products/black-aerial-contrast-crop-tank
https://cavaathleisure.com,10065337614652,Black Aerial Contrast Crop Tank,Crop Tops,CAVA Athleisure Pvt Ltd,51798025732412,XXL,WTN1003BKXXL,900.00,True,Available,1,https://cavaathleisure.com/products/black-aerial-contrast-crop-tank
https://cavaathleisure.com,10066026725692,Red Strap Back Sports Bra,Sports Bras,CAVA Athleisure Pvt Ltd,51800449581372,XS,WSB819RDXS,1199.00,False,Sold Out,0,https://cavaathleisure.com/products/red-strap-back-sports-bra
https://cavaathleisure.com,10066026725692,Red Strap Back Sports Bra,Sports Bras,CAVA Athleisure Pvt Ltd,51800449614140,S,WSB819RDS,1199.00,False,Sold Out,0,https://cavaathleisure.com/products/red-strap-back-sports-bra
https://cavaathleisure.com,10066026725692,Red Strap Back Sports Bra,Sports Bras,CAVA Athleisure Pvt Ltd,51800449646908,M,WSB819RDM,1199.00,False,Sold Out,0,https://cavaathleisure.com/products/red-strap-back-sports-bra
https://cavaathleisure.com,10066026725692,Red Strap Back Sports Bra,Sports Bras,CAVA Athleisure Pvt Ltd,51800449679676,L,WSB819RDL,1199.00,False,Sold Out,0,https://cavaathleisure.com/products/red-strap-back-sports-bra
https://cavaathleisure.com,10066026725692,Red Strap Back Sports Bra,Sports Bras,CAVA Athleisure Pvt Ltd,51800449712444,XL,WSB819RDXL,1199.00,True,Available,1,https://cavaathleisure.com/products/red-strap-back-sports-bra
https://cavaathleisure.com,10066026725692,Red Strap Back Sports Bra,Sports Bras,CAVA Athleisure Pvt Ltd,51800449745212,XXL,WSB819RDXXL,1199.00,True,Available,1,https://cavaathleisure.com/products/red-strap-back-sports-bra
https://cavaathleisure.com,10069357199676,Sky Blue Zip-It-Up Top,Women Topwear,CAVA Athleisure Pvt Ltd,51812170629436,XS,WTP8SET13BLXS,920.00,False,Sold Out,0,https://cavaathleisure.com/products/sky-blue-zip-it-up-top
https://cavaathleisure.com,10069357199676,Sky Blue Zip-It-Up Top,Women Topwear,CAVA Athleisure Pvt Ltd,51812170662204,S,WTP8SET13BLS,920.00,False,Sold Out,0,https://cavaathleisure.com/products/sky-blue-zip-it-up-top
https://cavaathleisure.com,10069357199676,Sky Blue Zip-It-Up Top,Women Topwear,CAVA Athleisure Pvt Ltd,51812170694972,M,WTP8SET13BLM,920.00,False,Sold Out,0,https://cavaathleisure.com/products/sky-blue-zip-it-up-top
https://cavaathleisure.com,10069357199676,Sky Blue Zip-It-Up Top,Women Topwear,CAVA Athleisure Pvt Ltd,51812170727740,L,WTP8SET13BLL,920.00,False,Sold Out,0,https://cavaathleisure.com/products/sky-blue-zip-it-up-top
https://cavaathleisure.com,10069357199676,Sky Blue Zip-It-Up Top,Women Topwear,CAVA Athleisure Pvt Ltd,51812170760508,XL,WTP8SET13BLXL,920.00,False,Sold Out,0,https://cavaathleisure.com/products/sky-blue-zip-it-up-top
https://cavaathleisure.com,10069357199676,Sky Blue Zip-It-Up Top,Women Topwear,CAVA Athleisure Pvt Ltd,51812170793276,XXL,WTP8SET13BLXXL,920.00,False,Sold Out,0,https://cavaathleisure.com/products/sky-blue-zip-it-up-top
https://cavaathleisure.com,10069362344252,Ivory Zip-It-Up Top,Women Topwear,CAVA Athleisure Pvt Ltd,51812208771388,XS,WTP8SET13WHXS,920.00,False,Sold Out,0,https://cavaathleisure.com/products/ivory-zip-it-up-top
https://cavaathleisure.com,10069362344252,Ivory Zip-It-Up Top,Women Topwear,CAVA Athleisure Pvt Ltd,51812208804156,S,WTP8SET13WHS,920.00,False,Sold Out,0,https://cavaathleisure.com/products/ivory-zip-it-up-top
https://cavaathleisure.com,10069362344252,Ivory Zip-It-Up Top,Women Topwear,CAVA Athleisure Pvt Ltd,51812208836924,M,WTP8SET13WHM,920.00,False,Sold Out,0,https://cavaathleisure.com/products/ivory-zip-it-up-top
https://cavaathleisure.com,10069362344252,Ivory Zip-It-Up Top,Women Topwear,CAVA Athleisure Pvt Ltd,51812208869692,L,WTP8SET13WHL,920.00,False,Sold Out,0,https://cavaathleisure.com/products/ivory-zip-it-up-top
https://cavaathleisure.com,10069362344252,Ivory Zip-It-Up Top,Women Topwear,CAVA Athleisure Pvt Ltd,51812208902460,XL,WTP8SET13WHXL,920.00,False,Sold Out,0,https://cavaathleisure.com/products/ivory-zip-it-up-top
https://cavaathleisure.com,10069362344252,Ivory Zip-It-Up Top,Women Topwear,CAVA Athleisure Pvt Ltd,51812208935228,XXL,WTP8SET13WHXXL,920.00,False,Sold Out,0,https://cavaathleisure.com/products/ivory-zip-it-up-top
https://cavaathleisure.com,10093741670716,Pine Pilates Core Boxy Tee,,CAVA Athleisure Pvt Ltd,51899072971068,XS,WTS1625GRXS,839.00,False,Sold Out,0,https://cavaathleisure.com/products/pine-pilates-core-boxy-tee
https://cavaathleisure.com,10093741670716,Pine Pilates Core Boxy Tee,,CAVA Athleisure Pvt Ltd,51899073003836,S,WTS1625GRS,839.00,False,Sold Out,0,https://cavaathleisure.com/products/pine-pilates-core-boxy-tee
https://cavaathleisure.com,10093741670716,Pine Pilates Core Boxy Tee,,CAVA Athleisure Pvt Ltd,51899073036604,M,WTS1625GRM,839.00,False,Sold Out,0,https://cavaathleisure.com/products/pine-pilates-core-boxy-tee
https://cavaathleisure.com,10093741670716,Pine Pilates Core Boxy Tee,,CAVA Athleisure Pvt Ltd,51899073069372,L,WTS1625GRL,839.00,False,Sold Out,0,https://cavaathleisure.com/products/pine-pilates-core-boxy-tee
https://cavaathleisure.com,10093741670716,Pine Pilates Core Boxy Tee,,CAVA Athleisure Pvt Ltd,51899073102140,XL,WTS1625GRXL,839.00,False,Sold Out,0,https://cavaathleisure.com/products/pine-pilates-core-boxy-tee
https://cavaathleisure.com,10093741670716,Pine Pilates Core Boxy Tee,,CAVA Athleisure Pvt Ltd,51899073134908,XXL,WTS1625GRXXL,839.00,False,Sold Out,0,https://cavaathleisure.com/products/pine-pilates-core-boxy-tee
https://cavaathleisure.com,10093742162236,Grey-Blue Pilates Core Boxy Tee,,CAVA Athleisure Pvt Ltd,51899077263676,XS,WTS1625GYCCBXS,600.00,False,Sold Out,0,https://cavaathleisure.com/products/grey-blue-pilates-core-boxy-tee
https://cavaathleisure.com,10093742162236,Grey-Blue Pilates Core Boxy Tee,,CAVA Athleisure Pvt Ltd,51899077296444,S,WTS1625GYCCBS,600.00,False,Sold Out,0,https://cavaathleisure.com/products/grey-blue-pilates-core-boxy-tee
https://cavaathleisure.com,10093742162236,Grey-Blue Pilates Core Boxy Tee,,CAVA Athleisure Pvt Ltd,51899077329212,M,WTS1625GYCCBM,600.00,False,Sold Out,0,https://cavaathleisure.com/products/grey-blue-pilates-core-boxy-tee
https://cavaathleisure.com,10093742162236,Grey-Blue Pilates Core Boxy Tee,,CAVA Athleisure Pvt Ltd,51899077361980,L,WTS1625GYCCBL,600.00,False,Sold Out,0,https://cavaathleisure.com/products/grey-blue-pilates-core-boxy-tee
https://cavaathleisure.com,10093742162236,Grey-Blue Pilates Core Boxy Tee,,CAVA Athleisure Pvt Ltd,51899077394748,XL,WTS1625GYCCBXL,600.00,False,Sold Out,0,https://cavaathleisure.com/products/grey-blue-pilates-core-boxy-tee
https://cavaathleisure.com,10093742162236,Grey-Blue Pilates Core Boxy Tee,,CAVA Athleisure Pvt Ltd,51899077427516,XXL,WTS1625GYCCBXXL,600.00,False,Sold Out,0,https://cavaathleisure.com/products/grey-blue-pilates-core-boxy-tee
https://cavaathleisure.com,10093740785980,Navy Pilates Core Boxy Tee,Women's T-shirts,CAVA Athleisure Pvt Ltd,51899065893180,XS,WTS1625NYXS,959.00,False,Sold Out,0,https://cavaathleisure.com/products/navy-pilates-core-boxy-tee
https://cavaathleisure.com,10093740785980,Navy Pilates Core Boxy Tee,Women's T-shirts,CAVA Athleisure Pvt Ltd,51899065925948,S,WTS1625NYS,959.00,False,Sold Out,0,https://cavaathleisure.com/products/navy-pilates-core-boxy-tee
https://cavaathleisure.com,10093740785980,Navy Pilates Core Boxy Tee,Women's T-shirts,CAVA Athleisure Pvt Ltd,51899065958716,M,WTS1625NYM,959.00,False,Sold Out,0,https://cavaathleisure.com/products/navy-pilates-core-boxy-tee
https://cavaathleisure.com,10093740785980,Navy Pilates Core Boxy Tee,Women's T-shirts,CAVA Athleisure Pvt Ltd,51899065991484,L,WTS1625NYL,959.00,False,Sold Out,0,https://cavaathleisure.com/products/navy-pilates-core-boxy-tee
https://cavaathleisure.com,10093740785980,Navy Pilates Core Boxy Tee,Women's T-shirts,CAVA Athleisure Pvt Ltd,51899066024252,XL,WTS1625NYXL,959.00,False,Sold Out,0,https://cavaathleisure.com/products/navy-pilates-core-boxy-tee
https://cavaathleisure.com,10093740785980,Navy Pilates Core Boxy Tee,Women's T-shirts,CAVA Athleisure Pvt Ltd,51899066057020,XXL,WTS1625NYXXL,959.00,False,Sold Out,0,https://cavaathleisure.com/products/navy-pilates-core-boxy-tee
https://cavaathleisure.com,10093741211964,Cream Pilates Core Boxy Tee,Women's T-shirts,CAVA Athleisure Pvt Ltd,51899068743996,XS,WTS1625WHXS,779.00,False,Sold Out,0,https://cavaathleisure.com/products/cream-pilates-core-boxy-tee
https://cavaathleisure.com,10093741211964,Cream Pilates Core Boxy Tee,Women's T-shirts,CAVA Athleisure Pvt Ltd,51899068776764,S,WTS1625WHS,779.00,False,Sold Out,0,https://cavaathleisure.com/products/cream-pilates-core-boxy-tee
https://cavaathleisure.com,10093741211964,Cream Pilates Core Boxy Tee,Women's T-shirts,CAVA Athleisure Pvt Ltd,51899068809532,M,WTS1625WHM,779.00,False,Sold Out,0,https://cavaathleisure.com/products/cream-pilates-core-boxy-tee
https://cavaathleisure.com,10093741211964,Cream Pilates Core Boxy Tee,Women's T-shirts,CAVA Athleisure Pvt Ltd,51899068842300,L,WTS1625WHL,779.00,False,Sold Out,0,https://cavaathleisure.com/products/cream-pilates-core-boxy-tee
https://cavaathleisure.com,10093741211964,Cream Pilates Core Boxy Tee,Women's T-shirts,CAVA Athleisure Pvt Ltd,51899068875068,XL,WTS1625WHXL,779.00,False,Sold Out,0,https://cavaathleisure.com/products/cream-pilates-core-boxy-tee
https://cavaathleisure.com,10093741211964,Cream Pilates Core Boxy Tee,Women's T-shirts,CAVA Athleisure Pvt Ltd,51899068907836,XXL,WTS1625WHXXL,779.00,False,Sold Out,0,https://cavaathleisure.com/products/cream-pilates-core-boxy-tee
https://cavaathleisure.com,10093740458300,Pine Pilates Club Sweatshirt,Women's Hoodies & Sweatshirts,CAVA Athleisure Pvt Ltd,51899058749756,XS,WHD1630GRXS,800.00,False,Sold Out,0,https://cavaathleisure.com/products/pine-pilates-club-sweatshirt
https://cavaathleisure.com,10093740458300,Pine Pilates Club Sweatshirt,Women's Hoodies & Sweatshirts,CAVA Athleisure Pvt Ltd,51899058782524,S,WHD1630GRS,800.00,False,Sold Out,0,https://cavaathleisure.com/products/pine-pilates-club-sweatshirt
https://cavaathleisure.com,10093740458300,Pine Pilates Club Sweatshirt,Women's Hoodies & Sweatshirts,CAVA Athleisure Pvt Ltd,51899058815292,M,WHD1630GRM,800.00,False,Sold Out,0,https://cavaathleisure.com/products/pine-pilates-club-sweatshirt
https://cavaathleisure.com,10093740458300,Pine Pilates Club Sweatshirt,Women's Hoodies & Sweatshirts,CAVA Athleisure Pvt Ltd,51899058848060,L,WHD1630GRL,800.00,False,Sold Out,0,https://cavaathleisure.com/products/pine-pilates-club-sweatshirt
https://cavaathleisure.com,10093740458300,Pine Pilates Club Sweatshirt,Women's Hoodies & Sweatshirts,CAVA Athleisure Pvt Ltd,51899058880828,XL,WHD1630GRXL,800.00,False,Sold Out,0,https://cavaathleisure.com/products/pine-pilates-club-sweatshirt
https://cavaathleisure.com,10093740458300,Pine Pilates Club Sweatshirt,Women's Hoodies & Sweatshirts,CAVA Athleisure Pvt Ltd,51899058913596,XXL,WHD1630GRXXL,800.00,False,Sold Out,0,https://cavaathleisure.com/products/pine-pilates-club-sweatshirt
https://cavaathleisure.com,10093740654908,Grey-Pink Pilates Core Boxy Tee,Women's T-shirts,CAVA Athleisure Pvt Ltd,51899063140668,XS,WTS1625GYPXS,779.00,False,Sold Out,0,https://cavaathleisure.com/products/grey-pink-pilates-core-boxy-tee
https://cavaathleisure.com,10093740654908,Grey-Pink Pilates Core Boxy Tee,Women's T-shirts,CAVA Athleisure Pvt Ltd,51899063173436,S,WTS1625GYPS,779.00,False,Sold Out,0,https://cavaathleisure.com/products/grey-pink-pilates-core-boxy-tee
https://cavaathleisure.com,10093740654908,Grey-Pink Pilates Core Boxy Tee,Women's T-shirts,CAVA Athleisure Pvt Ltd,51899063206204,M,WTS1625GYPM,779.00,False,Sold Out,0,https://cavaathleisure.com/products/grey-pink-pilates-core-boxy-tee
https://cavaathleisure.com,10093740654908,Grey-Pink Pilates Core Boxy Tee,Women's T-shirts,CAVA Athleisure Pvt Ltd,51899063238972,L,WTS1625GYPL,779.00,False,Sold Out,0,https://cavaathleisure.com/products/grey-pink-pilates-core-boxy-tee
https://cavaathleisure.com,10093740654908,Grey-Pink Pilates Core Boxy Tee,Women's T-shirts,CAVA Athleisure Pvt Ltd,51899063271740,XL,WTS1625GYPXL,779.00,False,Sold Out,0,https://cavaathleisure.com/products/grey-pink-pilates-core-boxy-tee
https://cavaathleisure.com,10093740654908,Grey-Pink Pilates Core Boxy Tee,Women's T-shirts,CAVA Athleisure Pvt Ltd,51899063304508,XXL,WTS1625GYPXXL,779.00,False,Sold Out,0,https://cavaathleisure.com/products/grey-pink-pilates-core-boxy-tee
https://cavaathleisure.com,10093740294460,Cream Pilates Club Sweatshirt,Women's Hoodies & Sweatshirts,CAVA Athleisure Pvt Ltd,51899057144124,XS,WHD1630WHXS,800.00,False,Sold Out,0,https://cavaathleisure.com/products/cream-pilates-club-sweatshirt
https://cavaathleisure.com,10093740294460,Cream Pilates Club Sweatshirt,Women's Hoodies & Sweatshirts,CAVA Athleisure Pvt Ltd,51899057176892,S,WHD1630WHS,800.00,False,Sold Out,0,https://cavaathleisure.com/products/cream-pilates-club-sweatshirt
https://cavaathleisure.com,10093740294460,Cream Pilates Club Sweatshirt,Women's Hoodies & Sweatshirts,CAVA Athleisure Pvt Ltd,51899057209660,M,WHD1630WHM,800.00,False,Sold Out,0,https://cavaathleisure.com/products/cream-pilates-club-sweatshirt
https://cavaathleisure.com,10093740294460,Cream Pilates Club Sweatshirt,Women's Hoodies & Sweatshirts,CAVA Athleisure Pvt Ltd,51899057242428,L,WHD1630WHL,800.00,False,Sold Out,0,https://cavaathleisure.com/products/cream-pilates-club-sweatshirt
https://cavaathleisure.com,10093740294460,Cream Pilates Club Sweatshirt,Women's Hoodies & Sweatshirts,CAVA Athleisure Pvt Ltd,51899057275196,XL,WHD1630WHXL,800.00,False,Sold Out,0,https://cavaathleisure.com/products/cream-pilates-club-sweatshirt
https://cavaathleisure.com,10093740294460,Cream Pilates Club Sweatshirt,Women's Hoodies & Sweatshirts,CAVA Athleisure Pvt Ltd,51899057307964,XXL,WHD1630WHXXL,800.00,False,Sold Out,0,https://cavaathleisure.com/products/cream-pilates-club-sweatshirt
https://cavaathleisure.com,10070820815164,Wine Sculptor Jacket,Women's Jackets,CAVA Athleisure Pvt Ltd,51815533609276,XS,WJK9SET5WRDXS,1799.00,True,Available,1,https://cavaathleisure.com/products/wine-sculptor-jacket
https://cavaathleisure.com,10070820815164,Wine Sculptor Jacket,Women's Jackets,CAVA Athleisure Pvt Ltd,51815533642044,S,WJK9SET5WRDS,1799.00,True,Available,1,https://cavaathleisure.com/products/wine-sculptor-jacket
https://cavaathleisure.com,10070820815164,Wine Sculptor Jacket,Women's Jackets,CAVA Athleisure Pvt Ltd,51815533674812,M,WJK9SET5WRDM,1799.00,True,Available,1,https://cavaathleisure.com/products/wine-sculptor-jacket
https://cavaathleisure.com,10070820815164,Wine Sculptor Jacket,Women's Jackets,CAVA Athleisure Pvt Ltd,51815533707580,L,WJK9SET5WRDL,1799.00,True,Available,1,https://cavaathleisure.com/products/wine-sculptor-jacket
https://cavaathleisure.com,10070820815164,Wine Sculptor Jacket,Women's Jackets,CAVA Athleisure Pvt Ltd,51815533740348,XL,WJK9SET5WRDXL,1799.00,True,Available,1,https://cavaathleisure.com/products/wine-sculptor-jacket
https://cavaathleisure.com,10070820815164,Wine Sculptor Jacket,Women's Jackets,CAVA Athleisure Pvt Ltd,51815533773116,XXL,WJK9SET5WRDXXL,1799.00,True,Available,1,https://cavaathleisure.com/products/wine-sculptor-jacket
https://cavaathleisure.com,10093739737404,Navy Pilates Club Sweatshirt,Women's Hoodies & Sweatshirts,CAVA Athleisure Pvt Ltd,51899054391612,XS,WHD1630NYXS,999.00,False,Sold Out,0,https://cavaathleisure.com/products/navy-pilates-club-sweatshirt
https://cavaathleisure.com,10093739737404,Navy Pilates Club Sweatshirt,Women's Hoodies & Sweatshirts,CAVA Athleisure Pvt Ltd,51899054424380,S,WHD1630NYS,999.00,False,Sold Out,0,https://cavaathleisure.com/products/navy-pilates-club-sweatshirt
https://cavaathleisure.com,10093739737404,Navy Pilates Club Sweatshirt,Women's Hoodies & Sweatshirts,CAVA Athleisure Pvt Ltd,51899054457148,M,WHD1630NYM,999.00,False,Sold Out,0,https://cavaathleisure.com/products/navy-pilates-club-sweatshirt
https://cavaathleisure.com,10093739737404,Navy Pilates Club Sweatshirt,Women's Hoodies & Sweatshirts,CAVA Athleisure Pvt Ltd,51899054489916,L,WHD1630NYL,999.00,False,Sold Out,0,https://cavaathleisure.com/products/navy-pilates-club-sweatshirt
https://cavaathleisure.com,10093739737404,Navy Pilates Club Sweatshirt,Women's Hoodies & Sweatshirts,CAVA Athleisure Pvt Ltd,51899054522684,XL,WHD1630NYXL,999.00,False,Sold Out,0,https://cavaathleisure.com/products/navy-pilates-club-sweatshirt
https://cavaathleisure.com,10093739737404,Navy Pilates Club Sweatshirt,Women's Hoodies & Sweatshirts,CAVA Athleisure Pvt Ltd,51899054555452,XXL,WHD1630NYXXL,999.00,True,Available,1,https://cavaathleisure.com/products/navy-pilates-club-sweatshirt
https://cavaathleisure.com,10091152539964,Pine Trackline Oversized Printed Tee - Men,Men's T-shirts,CAVA Athleisure Pvt Ltd,51888352198972,S,MTS1613GRBCS,923.00,False,Sold Out,0,https://cavaathleisure.com/products/pine-trackline-oversized-printed-tee-men
https://cavaathleisure.com,10091152539964,Pine Trackline Oversized Printed Tee - Men,Men's T-shirts,CAVA Athleisure Pvt Ltd,51888352231740,M,MTS1613GRBCM,923.00,False,Sold Out,0,https://cavaathleisure.com/products/pine-trackline-oversized-printed-tee-men
https://cavaathleisure.com,10091152539964,Pine Trackline Oversized Printed Tee - Men,Men's T-shirts,CAVA Athleisure Pvt Ltd,51888352264508,L,MTS1613GRBCL,923.00,False,Sold Out,0,https://cavaathleisure.com/products/pine-trackline-oversized-printed-tee-men
https://cavaathleisure.com,10091152539964,Pine Trackline Oversized Printed Tee - Men,Men's T-shirts,CAVA Athleisure Pvt Ltd,51888352297276,XL,MTS1613GRBCXL,923.00,False,Sold Out,0,https://cavaathleisure.com/products/pine-trackline-oversized-printed-tee-men
https://cavaathleisure.com,10091152539964,Pine Trackline Oversized Printed Tee - Men,Men's T-shirts,CAVA Athleisure Pvt Ltd,51888352330044,XXL,MTS1613GRBCXXL,923.00,False,Sold Out,0,https://cavaathleisure.com/products/pine-trackline-oversized-printed-tee-men
https://cavaathleisure.com,10069346517308,Wine Swirl Tennis Skorts,Skorts and Skirts,CAVA Athleisure Pvt Ltd,53817490997564,XXS,WSKSET445WRDXXS,1399.00,True,Available,1,https://cavaathleisure.com/products/wine-swirl-tennis-skorts
https://cavaathleisure.com,10069346517308,Wine Swirl Tennis Skorts,Skorts and Skirts,CAVA Athleisure Pvt Ltd,51812099686716,XS,WSK9SET4WRDXS,1399.00,True,Available,1,https://cavaathleisure.com/products/wine-swirl-tennis-skorts
https://cavaathleisure.com,10069346517308,Wine Swirl Tennis Skorts,Skorts and Skirts,CAVA Athleisure Pvt Ltd,53939617431868,XS,WSKSET4L45WRDXS,1399.00,True,Available,1,https://cavaathleisure.com/products/wine-swirl-tennis-skorts
https://cavaathleisure.com,10069346517308,Wine Swirl Tennis Skorts,Skorts and Skirts,CAVA Athleisure Pvt Ltd,51812099719484,S,WSK9SET4WRDS,1399.00,True,Available,1,https://cavaathleisure.com/products/wine-swirl-tennis-skorts
https://cavaathleisure.com,10069346517308,Wine Swirl Tennis Skorts,Skorts and Skirts,CAVA Athleisure Pvt Ltd,53939617464636,S,WSKSET4L45WRDS,1399.00,False,Sold Out,0,https://cavaathleisure.com/products/wine-swirl-tennis-skorts
https://cavaathleisure.com,10069346517308,Wine Swirl Tennis Skorts,Skorts and Skirts,CAVA Athleisure Pvt Ltd,51812099752252,M,WSK9SET4WRDM,1399.00,True,Available,1,https://cavaathleisure.com/products/wine-swirl-tennis-skorts
https://cavaathleisure.com,10069346517308,Wine Swirl Tennis Skorts,Skorts and Skirts,CAVA Athleisure Pvt Ltd,53939617497404,M,WSKSET4L45WRDM,1399.00,False,Sold Out,0,https://cavaathleisure.com/products/wine-swirl-tennis-skorts
https://cavaathleisure.com,10069346517308,Wine Swirl Tennis Skorts,Skorts and Skirts,CAVA Athleisure Pvt Ltd,51812099785020,L,WSK9SET4WRDL,1399.00,True,Available,1,https://cavaathleisure.com/products/wine-swirl-tennis-skorts
https://cavaathleisure.com,10069346517308,Wine Swirl Tennis Skorts,Skorts and Skirts,CAVA Athleisure Pvt Ltd,53939617530172,L,WSKSET4L45WRDL,1399.00,False,Sold Out,0,https://cavaathleisure.com/products/wine-swirl-tennis-skorts
https://cavaathleisure.com,10069346517308,Wine Swirl Tennis Skorts,Skorts and Skirts,CAVA Athleisure Pvt Ltd,51812099817788,XL,WSK9SET4WRDXL,1399.00,True,Available,1,https://cavaathleisure.com/products/wine-swirl-tennis-skorts
https://cavaathleisure.com,10069346517308,Wine Swirl Tennis Skorts,Skorts and Skirts,CAVA Athleisure Pvt Ltd,53939617562940,XL,WSKSET4L45WRDXL,1399.00,False,Sold Out,0,https://cavaathleisure.com/products/wine-swirl-tennis-skorts
https://cavaathleisure.com,10069346517308,Wine Swirl Tennis Skorts,Skorts and Skirts,CAVA Athleisure Pvt Ltd,51812099850556,XXL,WSK9SET4WRDXXL,1399.00,True,Available,1,https://cavaathleisure.com/products/wine-swirl-tennis-skorts
https://cavaathleisure.com,10069346517308,Wine Swirl Tennis Skorts,Skorts and Skirts,CAVA Athleisure Pvt Ltd,53939617595708,XXL,WSKSET4L45WRDXXL,1399.00,True,Available,1,https://cavaathleisure.com/products/wine-swirl-tennis-skorts
https://cavaathleisure.com,10069346517308,Wine Swirl Tennis Skorts,Skorts and Skirts,CAVA Athleisure Pvt Ltd,53817491030332,XXXL,WSKSET445WRDXXXL,1399.00,True,Available,1,https://cavaathleisure.com/products/wine-swirl-tennis-skorts
https://cavaathleisure.com,10069346517308,Wine Swirl Tennis Skorts,Skorts and Skirts,CAVA Athleisure Pvt Ltd,53939617628476,XXXL,WSKSET4L45WRDXXXL,1399.00,True,Available,1,https://cavaathleisure.com/products/wine-swirl-tennis-skorts
https://cavaathleisure.com,10093739376956,Grey Pilates Club Sweatshirt,Women's Hoodies & Sweatshirts,CAVA Athleisure Pvt Ltd,51899052917052,XS,WHD1630GYXS,800.00,False,Sold Out,0,https://cavaathleisure.com/products/grey-pilates-club-sweatshirt
https://cavaathleisure.com,10093739376956,Grey Pilates Club Sweatshirt,Women's Hoodies & Sweatshirts,CAVA Athleisure Pvt Ltd,51899052949820,S,WHD1630GYS,800.00,False,Sold Out,0,https://cavaathleisure.com/products/grey-pilates-club-sweatshirt
https://cavaathleisure.com,10093739376956,Grey Pilates Club Sweatshirt,Women's Hoodies & Sweatshirts,CAVA Athleisure Pvt Ltd,51899052982588,M,WHD1630GYM,800.00,False,Sold Out,0,https://cavaathleisure.com/products/grey-pilates-club-sweatshirt
https://cavaathleisure.com,10093739376956,Grey Pilates Club Sweatshirt,Women's Hoodies & Sweatshirts,CAVA Athleisure Pvt Ltd,51899053015356,L,WHD1630GYL,800.00,False,Sold Out,0,https://cavaathleisure.com/products/grey-pilates-club-sweatshirt
https://cavaathleisure.com,10093739376956,Grey Pilates Club Sweatshirt,Women's Hoodies & Sweatshirts,CAVA Athleisure Pvt Ltd,51899053048124,XL,WHD1630GYXL,800.00,True,Available,1,https://cavaathleisure.com/products/grey-pilates-club-sweatshirt
https://cavaathleisure.com,10093739376956,Grey Pilates Club Sweatshirt,Women's Hoodies & Sweatshirts,CAVA Athleisure Pvt Ltd,51899053080892,XXL,WHD1630GYXXL,800.00,True,Available,1,https://cavaathleisure.com/products/grey-pilates-club-sweatshirt
https://cavaathleisure.com,10091156603196,White Trackline Oversized Printed Tee - Men,Men's T-shirts,CAVA Athleisure Pvt Ltd,51888376676668,S,MTS1613WHBCS,934.00,False,Sold Out,0,https://cavaathleisure.com/products/white-trackline-oversized-printed-tee-men
https://cavaathleisure.com,10091156603196,White Trackline Oversized Printed Tee - Men,Men's T-shirts,CAVA Athleisure Pvt Ltd,51888376709436,M,MTS1613WHBCM,934.00,False,Sold Out,0,https://cavaathleisure.com/products/white-trackline-oversized-printed-tee-men
https://cavaathleisure.com,10091156603196,White Trackline Oversized Printed Tee - Men,Men's T-shirts,CAVA Athleisure Pvt Ltd,51888376742204,L,MTS1613WHBCL,934.00,False,Sold Out,0,https://cavaathleisure.com/products/white-trackline-oversized-printed-tee-men
https://cavaathleisure.com,10091156603196,White Trackline Oversized Printed Tee - Men,Men's T-shirts,CAVA Athleisure Pvt Ltd,51888376774972,XL,MTS1613WHBCXL,934.00,True,Available,1,https://cavaathleisure.com/products/white-trackline-oversized-printed-tee-men
https://cavaathleisure.com,10091156603196,White Trackline Oversized Printed Tee - Men,Men's T-shirts,CAVA Athleisure Pvt Ltd,51888376807740,XXL,MTS1613WHBCXXL,934.00,True,Available,1,https://cavaathleisure.com/products/white-trackline-oversized-printed-tee-men
https://cavaathleisure.com,10090126606652,Pine Pickleball Oversized Printed Tee - Men,Men's T-shirts,CAVA Athleisure Pvt Ltd,51885565772092,S,MTS1613GRPCS,844.00,False,Sold Out,0,https://cavaathleisure.com/products/pine-pickleball-oversized-printed-tee-men
https://cavaathleisure.com,10090126606652,Pine Pickleball Oversized Printed Tee - Men,Men's T-shirts,CAVA Athleisure Pvt Ltd,51885565804860,M,MTS1613GRPCM,844.00,False,Sold Out,0,https://cavaathleisure.com/products/pine-pickleball-oversized-printed-tee-men
https://cavaathleisure.com,10090126606652,Pine Pickleball Oversized Printed Tee - Men,Men's T-shirts,CAVA Athleisure Pvt Ltd,51885565837628,L,MTS1613GRPCL,844.00,False,Sold Out,0,https://cavaathleisure.com/products/pine-pickleball-oversized-printed-tee-men
https://cavaathleisure.com,10090126606652,Pine Pickleball Oversized Printed Tee - Men,Men's T-shirts,CAVA Athleisure Pvt Ltd,51885565870396,XL,MTS1613GRPCXL,844.00,False,Sold Out,0,https://cavaathleisure.com/products/pine-pickleball-oversized-printed-tee-men
https://cavaathleisure.com,10090126606652,Pine Pickleball Oversized Printed Tee - Men,Men's T-shirts,CAVA Athleisure Pvt Ltd,51885565903164,XXL,MTS1613GRPCXXL,844.00,False,Sold Out,0,https://cavaathleisure.com/products/pine-pickleball-oversized-printed-tee-men
https://cavaathleisure.com,10090126049596,Beige Certified Hoopers Oversized Printed Tee - Men,Men's T-shirts,CAVA Athleisure Pvt Ltd,51885563511100,S,MTS1613WHBCCS,999.00,False,Sold Out,0,https://cavaathleisure.com/products/beige-certified-hoopers-oversized-printed-tee-men
https://cavaathleisure.com,10090126049596,Beige Certified Hoopers Oversized Printed Tee - Men,Men's T-shirts,CAVA Athleisure Pvt Ltd,51885563543868,M,MTS1613WHBCCM,999.00,False,Sold Out,0,https://cavaathleisure.com/products/beige-certified-hoopers-oversized-printed-tee-men
https://cavaathleisure.com,10090126049596,Beige Certified Hoopers Oversized Printed Tee - Men,Men's T-shirts,CAVA Athleisure Pvt Ltd,51885563576636,L,MTS1613WHBCCL,999.00,False,Sold Out,0,https://cavaathleisure.com/products/beige-certified-hoopers-oversized-printed-tee-men
https://cavaathleisure.com,10090126049596,Beige Certified Hoopers Oversized Printed Tee - Men,Men's T-shirts,CAVA Athleisure Pvt Ltd,51885563609404,XL,MTS1613WHBCCXL,999.00,False,Sold Out,0,https://cavaathleisure.com/products/beige-certified-hoopers-oversized-printed-tee-men
https://cavaathleisure.com,10090126049596,Beige Certified Hoopers Oversized Printed Tee - Men,Men's T-shirts,CAVA Athleisure Pvt Ltd,51885563642172,XXL,MTS1613WHBCCXXL,999.00,False,Sold Out,0,https://cavaathleisure.com/products/beige-certified-hoopers-oversized-printed-tee-men
https://cavaathleisure.com,10089615458620,Grey Certified Hoopers Oversized Printed Tee - Men,Men's T-shirts,CAVA Athleisure Pvt Ltd,51883454955836,S,MTS1613GYHCS,844.00,False,Sold Out,0,https://cavaathleisure.com/products/grey-certified-hoopers-oversized-printed-tee-men
https://cavaathleisure.com,10089615458620,Grey Certified Hoopers Oversized Printed Tee - Men,Men's T-shirts,CAVA Athleisure Pvt Ltd,51883454988604,M,MTS1613GYHCM,844.00,False,Sold Out,0,https://cavaathleisure.com/products/grey-certified-hoopers-oversized-printed-tee-men
https://cavaathleisure.com,10089615458620,Grey Certified Hoopers Oversized Printed Tee - Men,Men's T-shirts,CAVA Athleisure Pvt Ltd,51883455021372,L,MTS1613GYHCL,844.00,False,Sold Out,0,https://cavaathleisure.com/products/grey-certified-hoopers-oversized-printed-tee-men
https://cavaathleisure.com,10089615458620,Grey Certified Hoopers Oversized Printed Tee - Men,Men's T-shirts,CAVA Athleisure Pvt Ltd,51883455054140,XL,MTS1613GYHCXL,844.00,False,Sold Out,0,https://cavaathleisure.com/products/grey-certified-hoopers-oversized-printed-tee-men
https://cavaathleisure.com,10089615458620,Grey Certified Hoopers Oversized Printed Tee - Men,Men's T-shirts,CAVA Athleisure Pvt Ltd,51883455086908,XXL,MTS1613GYHCXXL,844.00,False,Sold Out,0,https://cavaathleisure.com/products/grey-certified-hoopers-oversized-printed-tee-men
https://cavaathleisure.com,10090127032636,White Pickleball Oversized Printed Tee - Men,Men's T-shirts,CAVA Athleisure Pvt Ltd,51885567115580,S,MTS1613WHPCS,844.00,False,Sold Out,0,https://cavaathleisure.com/products/white-pickleball-oversized-printed-tee-men
https://cavaathleisure.com,10090127032636,White Pickleball Oversized Printed Tee - Men,Men's T-shirts,CAVA Athleisure Pvt Ltd,51885567148348,M,MTS1613WHPCM,844.00,False,Sold Out,0,https://cavaathleisure.com/products/white-pickleball-oversized-printed-tee-men
https://cavaathleisure.com,10090127032636,White Pickleball Oversized Printed Tee - Men,Men's T-shirts,CAVA Athleisure Pvt Ltd,51885567181116,L,MTS1613WHPCL,844.00,False,Sold Out,0,https://cavaathleisure.com/products/white-pickleball-oversized-printed-tee-men
https://cavaathleisure.com,10090127032636,White Pickleball Oversized Printed Tee - Men,Men's T-shirts,CAVA Athleisure Pvt Ltd,51885567213884,XL,MTS1613WHPCXL,844.00,False,Sold Out,0,https://cavaathleisure.com/products/white-pickleball-oversized-printed-tee-men
https://cavaathleisure.com,10090127032636,White Pickleball Oversized Printed Tee - Men,Men's T-shirts,CAVA Athleisure Pvt Ltd,51885567246652,XXL,MTS1613WHPCXXL,844.00,True,Available,1,https://cavaathleisure.com/products/white-pickleball-oversized-printed-tee-men
https://cavaathleisure.com,10091151130940,White Tenniscore Oversized Printed Tee - Men,Men's T-shirts,CAVA Athleisure Pvt Ltd,51888340828476,S,MTS1613WHTCS,960.00,False,Sold Out,0,https://cavaathleisure.com/products/white-tenniscore-oversized-printed-tee-men
https://cavaathleisure.com,10091151130940,White Tenniscore Oversized Printed Tee - Men,Men's T-shirts,CAVA Athleisure Pvt Ltd,51888340861244,M,MTS1613WHTCM,960.00,False,Sold Out,0,https://cavaathleisure.com/products/white-tenniscore-oversized-printed-tee-men
https://cavaathleisure.com,10091151130940,White Tenniscore Oversized Printed Tee - Men,Men's T-shirts,CAVA Athleisure Pvt Ltd,51888340894012,L,MTS1613WHTCL,960.00,False,Sold Out,0,https://cavaathleisure.com/products/white-tenniscore-oversized-printed-tee-men
https://cavaathleisure.com,10091151130940,White Tenniscore Oversized Printed Tee - Men,Men's T-shirts,CAVA Athleisure Pvt Ltd,51888340926780,XL,MTS1613WHTCXL,960.00,True,Available,1,https://cavaathleisure.com/products/white-tenniscore-oversized-printed-tee-men
https://cavaathleisure.com,10091151130940,White Tenniscore Oversized Printed Tee - Men,Men's T-shirts,CAVA Athleisure Pvt Ltd,51888340959548,XXL,MTS1613WHTCXXL,960.00,True,Available,1,https://cavaathleisure.com/products/white-tenniscore-oversized-printed-tee-men
https://cavaathleisure.com,10089614770492,Navy Certified Hoopers Oversized Printed Tee - Men,Men's T-shirts,CAVA Athleisure Pvt Ltd,51883452072252,S,MTS1613NYHCS,842.00,False,Sold Out,0,https://cavaathleisure.com/products/navy-certified-hoopers-oversized-printed-tee-men
https://cavaathleisure.com,10089614770492,Navy Certified Hoopers Oversized Printed Tee - Men,Men's T-shirts,CAVA Athleisure Pvt Ltd,51883452105020,M,MTS1613NYHCM,842.00,False,Sold Out,0,https://cavaathleisure.com/products/navy-certified-hoopers-oversized-printed-tee-men
https://cavaathleisure.com,10089614770492,Navy Certified Hoopers Oversized Printed Tee - Men,Men's T-shirts,CAVA Athleisure Pvt Ltd,51883452137788,L,MTS1613NYHCL,842.00,False,Sold Out,0,https://cavaathleisure.com/products/navy-certified-hoopers-oversized-printed-tee-men
https://cavaathleisure.com,10089614770492,Navy Certified Hoopers Oversized Printed Tee - Men,Men's T-shirts,CAVA Athleisure Pvt Ltd,51883452170556,XL,MTS1613NYHCXL,842.00,False,Sold Out,0,https://cavaathleisure.com/products/navy-certified-hoopers-oversized-printed-tee-men
https://cavaathleisure.com,10089614770492,Navy Certified Hoopers Oversized Printed Tee - Men,Men's T-shirts,CAVA Athleisure Pvt Ltd,51883452203324,XXL,MTS1613NYHCXXL,842.00,False,Sold Out,0,https://cavaathleisure.com/products/navy-certified-hoopers-oversized-printed-tee-men
https://cavaathleisure.com,10071471096124,Ivory Cava Buckle-up Bag,Accessories,CAVA Athleisure Pvt Ltd,51820532105532,Free Size,UNAC1416WH,1599.00,False,Sold Out,0,https://cavaathleisure.com/products/ivory-cava-buckle-up-bag
https://cavaathleisure.com,10079588679996,Cava Everyday Scrunchie - Pack of 3,Accessories,CAVA Athleisure Pvt Ltd,51848450113852,Free Size,WAC1406BKPUWHPC3,599.00,False,Sold Out,0,https://cavaathleisure.com/products/cava-everyday-scrunchie-pack-of-3
https://cavaathleisure.com,10089614016828,White Certified Hoopers Oversized Printed Tee - Men,Men's T-shirts,CAVA Athleisure Pvt Ltd,51883447746876,S,MTS1613WHHCS,939.00,False,Sold Out,0,https://cavaathleisure.com/products/white-certified-hoopers-oversized-printed-tee-men
https://cavaathleisure.com,10089614016828,White Certified Hoopers Oversized Printed Tee - Men,Men's T-shirts,CAVA Athleisure Pvt Ltd,51883447779644,M,MTS1613WHHCM,939.00,False,Sold Out,0,https://cavaathleisure.com/products/white-certified-hoopers-oversized-printed-tee-men
https://cavaathleisure.com,10089614016828,White Certified Hoopers Oversized Printed Tee - Men,Men's T-shirts,CAVA Athleisure Pvt Ltd,51883447812412,L,MTS1613WHHCL,939.00,False,Sold Out,0,https://cavaathleisure.com/products/white-certified-hoopers-oversized-printed-tee-men
https://cavaathleisure.com,10089614016828,White Certified Hoopers Oversized Printed Tee - Men,Men's T-shirts,CAVA Athleisure Pvt Ltd,51883447845180,XL,MTS1613WHHCXL,939.00,True,Available,1,https://cavaathleisure.com/products/white-certified-hoopers-oversized-printed-tee-men
https://cavaathleisure.com,10089614016828,White Certified Hoopers Oversized Printed Tee - Men,Men's T-shirts,CAVA Athleisure Pvt Ltd,51883447877948,XXL,MTS1613WHHCXXL,939.00,False,Sold Out,0,https://cavaathleisure.com/products/white-certified-hoopers-oversized-printed-tee-men
https://cavaathleisure.com,10071465918780,Marine Cava Club Cap,Accessories,CAVA Athleisure Pvt Ltd,51820472500540,Free size,UNAC1410NY,999.00,False,Sold Out,0,https://cavaathleisure.com/products/marine-cava-club-cap
https://cavaathleisure.com,10071470145852,Black Cava Buckle-up Bag,Accessories,CAVA Athleisure Pvt Ltd,51820519620924,Free size,UNAC1416BK,1599.00,True,Available,1,https://cavaathleisure.com/products/black-cava-buckle-up-bag
https://cavaathleisure.com,10071463133500,Bubblegum Cava Club Cap,Accessories,CAVA Athleisure Pvt Ltd,51820428951868,Free size,UNAC1410PN,999.00,False,Sold Out,0,https://cavaathleisure.com/products/bubblegum-cava-club-cap
https://cavaathleisure.com,10071464640828,Forest Cava Club Cap,Accessories,CAVA Athleisure Pvt Ltd,51820443894076,Free size,UNAC1410GR,999.00,False,Sold Out,0,https://cavaathleisure.com/products/forest-cava-club-cap
https://cavaathleisure.com,10071468015932,Grey Cava Buckle-up Bag,Accessories,CAVA Athleisure Pvt Ltd,51820507398460,Free size,UNAC1416GY,1599.00,True,Available,1,https://cavaathleisure.com/products/grey-cava-buckle-up-bag
https://cavaathleisure.com,10071452582204,Obsidian Black Cava Club Cap,Accessories,CAVA Athleisure Pvt Ltd,51820373377340,Free size,UNAC1410BK,999.00,False,Sold Out,0,https://cavaathleisure.com/products/obsidian-black-cava-club-cap
https://cavaathleisure.com,10071452057916,White Cava Head Band,Accessories,CAVA Athleisure Pvt Ltd,51820370362684,Free size,UNAC1432WH,499.00,False,Sold Out,0,https://cavaathleisure.com/products/white-cava-head-band
https://cavaathleisure.com,10071426367804,Black Cava Head Band,Accessories,CAVA Athleisure Pvt Ltd,51820019515708,Free size,UNAC1432BK,499.00,False,Sold Out,0,https://cavaathleisure.com/products/black-head-band
https://cavaathleisure.com,10071423615292,Pink Cava Bow Scrunchie,Accessories,CAVA Athleisure Pvt Ltd,51819962204476,Free Size,WAC1405PN,299.00,False,Sold Out,0,https://cavaathleisure.com/products/pink-cava-bow-scrunchie
https://cavaathleisure.com,10071421911356,Ivory Cava Bow Scrunchie,Accessories,CAVA Athleisure Pvt Ltd,51819926126908,Free Size,WAC1405WH,299.00,False,Sold Out,0,https://cavaathleisure.com/products/ivory-cava-bow-scrunchie
https://cavaathleisure.com,10071330849084,Black Cava Bow Scrunchie,Accessories,CAVA Athleisure Pvt Ltd,51818412048700,Free size,WAC1405BK,299.00,False,Sold Out,0,https://cavaathleisure.com/products/black-cava-bow-scrunchie
https://cavaathleisure.com,10071110844732,Blue Supima Crew Neck T-Shirt - Regular Fit,Mens Topwear,CAVA Athleisure Pvt Ltd,51817363603772,S,MTS16CS101BLS,799.00,False,Sold Out,0,https://cavaathleisure.com/products/blue-supima-crew-neck-t-shirt
https://cavaathleisure.com,10071110844732,Blue Supima Crew Neck T-Shirt - Regular Fit,Mens Topwear,CAVA Athleisure Pvt Ltd,51817363636540,M,MTS16CS101BLM,799.00,False,Sold Out,0,https://cavaathleisure.com/products/blue-supima-crew-neck-t-shirt
https://cavaathleisure.com,10071110844732,Blue Supima Crew Neck T-Shirt - Regular Fit,Mens Topwear,CAVA Athleisure Pvt Ltd,51817363669308,L,MTS16CS101BLL,799.00,False,Sold Out,0,https://cavaathleisure.com/products/blue-supima-crew-neck-t-shirt
https://cavaathleisure.com,10071110844732,Blue Supima Crew Neck T-Shirt - Regular Fit,Mens Topwear,CAVA Athleisure Pvt Ltd,51817363702076,XL,MTS16CS101BLXL,799.00,False,Sold Out,0,https://cavaathleisure.com/products/blue-supima-crew-neck-t-shirt
https://cavaathleisure.com,10071110844732,Blue Supima Crew Neck T-Shirt - Regular Fit,Mens Topwear,CAVA Athleisure Pvt Ltd,51817363734844,XXL,MTS16CS101BLXXL,799.00,False,Sold Out,0,https://cavaathleisure.com/products/blue-supima-crew-neck-t-shirt
https://cavaathleisure.com,10083541778748,Dusky Purple Supima Crew Neck T-shirt - Regular Fit,Men's T-shirts,CAVA Athleisure Pvt Ltd,51860433043772,S,MTS16CS101PUS,799.00,False,Sold Out,0,https://cavaathleisure.com/products/dusky-purple-supima-crew-neck-t-shirt-regular-fit
https://cavaathleisure.com,10083541778748,Dusky Purple Supima Crew Neck T-shirt - Regular Fit,Men's T-shirts,CAVA Athleisure Pvt Ltd,51860433076540,M,MTS16CS101PUM,799.00,False,Sold Out,0,https://cavaathleisure.com/products/dusky-purple-supima-crew-neck-t-shirt-regular-fit
https://cavaathleisure.com,10083541778748,Dusky Purple Supima Crew Neck T-shirt - Regular Fit,Men's T-shirts,CAVA Athleisure Pvt Ltd,51860433109308,L,MTS16CS101PUL,799.00,False,Sold Out,0,https://cavaathleisure.com/products/dusky-purple-supima-crew-neck-t-shirt-regular-fit
https://cavaathleisure.com,10083541778748,Dusky Purple Supima Crew Neck T-shirt - Regular Fit,Men's T-shirts,CAVA Athleisure Pvt Ltd,51860433142076,XL,MTS16CS101PUXL,799.00,False,Sold Out,0,https://cavaathleisure.com/products/dusky-purple-supima-crew-neck-t-shirt-regular-fit
https://cavaathleisure.com,10083541778748,Dusky Purple Supima Crew Neck T-shirt - Regular Fit,Men's T-shirts,CAVA Athleisure Pvt Ltd,51860433174844,XXL,MTS16CS101PUXXL,799.00,True,Available,1,https://cavaathleisure.com/products/dusky-purple-supima-crew-neck-t-shirt-regular-fit
https://cavaathleisure.com,10071088791868,Cream Supima Crew Neck T-Shirt - Regular Fit,Men's T-shirts,CAVA Athleisure Pvt Ltd,51817276539196,S,MTS16CS101WHS,799.00,False,Sold Out,0,https://cavaathleisure.com/products/cream-supima-crew-neck-t-shirt
https://cavaathleisure.com,10071088791868,Cream Supima Crew Neck T-Shirt - Regular Fit,Men's T-shirts,CAVA Athleisure Pvt Ltd,51817276571964,M,MTS16CS101WHM,799.00,False,Sold Out,0,https://cavaathleisure.com/products/cream-supima-crew-neck-t-shirt
https://cavaathleisure.com,10071088791868,Cream Supima Crew Neck T-Shirt - Regular Fit,Men's T-shirts,CAVA Athleisure Pvt Ltd,51817276604732,L,MTS16CS101WHL,799.00,False,Sold Out,0,https://cavaathleisure.com/products/cream-supima-crew-neck-t-shirt
https://cavaathleisure.com,10071088791868,Cream Supima Crew Neck T-Shirt - Regular Fit,Men's T-shirts,CAVA Athleisure Pvt Ltd,51817276637500,XL,MTS16CS101WHXL,799.00,False,Sold Out,0,https://cavaathleisure.com/products/cream-supima-crew-neck-t-shirt
https://cavaathleisure.com,10071088791868,Cream Supima Crew Neck T-Shirt - Regular Fit,Men's T-shirts,CAVA Athleisure Pvt Ltd,51817276670268,XXL,MTS16CS101WHXXL,799.00,True,Available,1,https://cavaathleisure.com/products/cream-supima-crew-neck-t-shirt
https://cavaathleisure.com,10071102685500,Pine Supima Crew Neck T-Shirt - Regular Fit,Men's T-shirts,CAVA Athleisure Pvt Ltd,51817330737468,S,MTS16CS101GRS,799.00,False,Sold Out,0,https://cavaathleisure.com/products/pine-supima-crew-neck-t-shirt
https://cavaathleisure.com,10071102685500,Pine Supima Crew Neck T-Shirt - Regular Fit,Men's T-shirts,CAVA Athleisure Pvt Ltd,51817330770236,M,MTS16CS101GRM,799.00,False,Sold Out,0,https://cavaathleisure.com/products/pine-supima-crew-neck-t-shirt
https://cavaathleisure.com,10071102685500,Pine Supima Crew Neck T-Shirt - Regular Fit,Men's T-shirts,CAVA Athleisure Pvt Ltd,51817330803004,L,MTS16CS101GRL,799.00,False,Sold Out,0,https://cavaathleisure.com/products/pine-supima-crew-neck-t-shirt
https://cavaathleisure.com,10071102685500,Pine Supima Crew Neck T-Shirt - Regular Fit,Men's T-shirts,CAVA Athleisure Pvt Ltd,51817330835772,XL,MTS16CS101GRXL,799.00,True,Available,1,https://cavaathleisure.com/products/pine-supima-crew-neck-t-shirt
https://cavaathleisure.com,10071102685500,Pine Supima Crew Neck T-Shirt - Regular Fit,Men's T-shirts,CAVA Athleisure Pvt Ltd,51817330868540,XXL,MTS16CS101GRXXL,799.00,True,Available,1,https://cavaathleisure.com/products/pine-supima-crew-neck-t-shirt
https://cavaathleisure.com,10084569448764,Dusky Purple Supima V Neck T-shirt - Regular Fit,Men's T-shirts,CAVA Athleisure Pvt Ltd,51864795447612,S,MTS16CS102PUS,967.00,True,Available,1,https://cavaathleisure.com/products/dusky-purple-supima-v-neck-t-shirt-regular-fit
https://cavaathleisure.com,10084569448764,Dusky Purple Supima V Neck T-shirt - Regular Fit,Men's T-shirts,CAVA Athleisure Pvt Ltd,51864795480380,M,MTS16CS102PUM,967.00,True,Available,1,https://cavaathleisure.com/products/dusky-purple-supima-v-neck-t-shirt-regular-fit
https://cavaathleisure.com,10084569448764,Dusky Purple Supima V Neck T-shirt - Regular Fit,Men's T-shirts,CAVA Athleisure Pvt Ltd,51864795513148,L,MTS16CS102PUL,967.00,False,Sold Out,0,https://cavaathleisure.com/products/dusky-purple-supima-v-neck-t-shirt-regular-fit
https://cavaathleisure.com,10084569448764,Dusky Purple Supima V Neck T-shirt - Regular Fit,Men's T-shirts,CAVA Athleisure Pvt Ltd,51864795545916,XL,MTS16CS102PUXL,967.00,True,Available,1,https://cavaathleisure.com/products/dusky-purple-supima-v-neck-t-shirt-regular-fit
https://cavaathleisure.com,10084569448764,Dusky Purple Supima V Neck T-shirt - Regular Fit,Men's T-shirts,CAVA Athleisure Pvt Ltd,51864795578684,XXL,MTS16CS102PUXXL,967.00,False,Sold Out,0,https://cavaathleisure.com/products/dusky-purple-supima-v-neck-t-shirt-regular-fit
https://cavaathleisure.com,10070935896380,Pine Supima Polo T-Shirt - Regular Fit,Men's T-shirts,CAVA Athleisure Pvt Ltd,51816330461500,S,MTS16CS103GRS,860.00,True,Available,1,https://cavaathleisure.com/products/pine-supima-polo-t-shirt
https://cavaathleisure.com,10070935896380,Pine Supima Polo T-Shirt - Regular Fit,Men's T-shirts,CAVA Athleisure Pvt Ltd,51816330494268,M,MTS16CS103GRM,860.00,False,Sold Out,0,https://cavaathleisure.com/products/pine-supima-polo-t-shirt
https://cavaathleisure.com,10070935896380,Pine Supima Polo T-Shirt - Regular Fit,Men's T-shirts,CAVA Athleisure Pvt Ltd,51816330527036,L,MTS16CS103GRL,860.00,False,Sold Out,0,https://cavaathleisure.com/products/pine-supima-polo-t-shirt
https://cavaathleisure.com,10070935896380,Pine Supima Polo T-Shirt - Regular Fit,Men's T-shirts,CAVA Athleisure Pvt Ltd,51816330559804,XL,MTS16CS103GRXL,860.00,False,Sold Out,0,https://cavaathleisure.com/products/pine-supima-polo-t-shirt
https://cavaathleisure.com,10070935896380,Pine Supima Polo T-Shirt - Regular Fit,Men's T-shirts,CAVA Athleisure Pvt Ltd,51816330592572,XXL,MTS16CS103GRXXL,860.00,False,Sold Out,0,https://cavaathleisure.com/products/pine-supima-polo-t-shirt
https://cavaathleisure.com,10054253969724,Pebble Cava Essential Sweatshirt,Women's Hoodies & Sweatshirts,CAVA Athleisure Pvt Ltd,51761307353404,XS,WTS11536BLXS,1199.00,False,Sold Out,0,https://cavaathleisure.com/products/pebble-cava-essential-sweatshirt
https://cavaathleisure.com,10054253969724,Pebble Cava Essential Sweatshirt,Women's Hoodies & Sweatshirts,CAVA Athleisure Pvt Ltd,51761307386172,S,WTS11536BLS,1199.00,False,Sold Out,0,https://cavaathleisure.com/products/pebble-cava-essential-sweatshirt
https://cavaathleisure.com,10054253969724,Pebble Cava Essential Sweatshirt,Women's Hoodies & Sweatshirts,CAVA Athleisure Pvt Ltd,51761307418940,M,WTS11536BLM,1199.00,True,Available,1,https://cavaathleisure.com/products/pebble-cava-essential-sweatshirt
https://cavaathleisure.com,10054253969724,Pebble Cava Essential Sweatshirt,Women's Hoodies & Sweatshirts,CAVA Athleisure Pvt Ltd,51761307451708,L,WTS11536BLL,1199.00,False,Sold Out,0,https://cavaathleisure.com/products/pebble-cava-essential-sweatshirt
https://cavaathleisure.com,10054253969724,Pebble Cava Essential Sweatshirt,Women's Hoodies & Sweatshirts,CAVA Athleisure Pvt Ltd,51761307484476,XL,WTS11536BLXL,1199.00,False,Sold Out,0,https://cavaathleisure.com/products/pebble-cava-essential-sweatshirt
https://cavaathleisure.com,10054253969724,Pebble Cava Essential Sweatshirt,Women's Hoodies & Sweatshirts,CAVA Athleisure Pvt Ltd,51761307517244,XXL,WTS11536BLXXL,1199.00,False,Sold Out,0,https://cavaathleisure.com/products/pebble-cava-essential-sweatshirt
https://cavaathleisure.com,10071072145724,Pine Supima V Neck T-Shirt - Regular Fit,Men's T-shirts,CAVA Athleisure Pvt Ltd,51817185313084,S,MTS16CS102GRS,749.00,True,Available,1,https://cavaathleisure.com/products/pine-supima-v-neck-t-shirt
https://cavaathleisure.com,10071072145724,Pine Supima V Neck T-Shirt - Regular Fit,Men's T-shirts,CAVA Athleisure Pvt Ltd,51817185345852,M,MTS16CS102GRM,749.00,True,Available,1,https://cavaathleisure.com/products/pine-supima-v-neck-t-shirt
https://cavaathleisure.com,10071072145724,Pine Supima V Neck T-Shirt - Regular Fit,Men's T-shirts,CAVA Athleisure Pvt Ltd,51817185378620,L,MTS16CS102GRL,749.00,False,Sold Out,0,https://cavaathleisure.com/products/pine-supima-v-neck-t-shirt
https://cavaathleisure.com,10071072145724,Pine Supima V Neck T-Shirt - Regular Fit,Men's T-shirts,CAVA Athleisure Pvt Ltd,51817185411388,XL,MTS16CS102GRXL,749.00,True,Available,1,https://cavaathleisure.com/products/pine-supima-v-neck-t-shirt
https://cavaathleisure.com,10071072145724,Pine Supima V Neck T-Shirt - Regular Fit,Men's T-shirts,CAVA Athleisure Pvt Ltd,51817185444156,XXL,MTS16CS102GRXXL,749.00,True,Available,1,https://cavaathleisure.com/products/pine-supima-v-neck-t-shirt
https://cavaathleisure.com,10070930227516,Ash Supima Polo T-Shirt - Regular Fit,Men's T-shirts,CAVA Athleisure Pvt Ltd,51816277705020,S,MTS16CS103NYS,1099.00,False,Sold Out,0,https://cavaathleisure.com/products/ash-supima-polo-t-shirt
https://cavaathleisure.com,10070930227516,Ash Supima Polo T-Shirt - Regular Fit,Men's T-shirts,CAVA Athleisure Pvt Ltd,51816277737788,M,MTS16CS103NYM,1099.00,False,Sold Out,0,https://cavaathleisure.com/products/ash-supima-polo-t-shirt
https://cavaathleisure.com,10070930227516,Ash Supima Polo T-Shirt - Regular Fit,Men's T-shirts,CAVA Athleisure Pvt Ltd,51816277770556,L,MTS16CS103NYL,1099.00,True,Available,1,https://cavaathleisure.com/products/ash-supima-polo-t-shirt
https://cavaathleisure.com,10070930227516,Ash Supima Polo T-Shirt - Regular Fit,Men's T-shirts,CAVA Athleisure Pvt Ltd,51816277803324,XL,MTS16CS103NYXL,1099.00,True,Available,1,https://cavaathleisure.com/products/ash-supima-polo-t-shirt
https://cavaathleisure.com,10070930227516,Ash Supima Polo T-Shirt - Regular Fit,Men's T-shirts,CAVA Athleisure Pvt Ltd,51816277836092,XXL,MTS16CS103NYXXL,1099.00,True,Available,1,https://cavaathleisure.com/products/ash-supima-polo-t-shirt
https://cavaathleisure.com,10070916825404,Sand Supima Polo T-Shirt - Regular Fit,Men's T-shirts,CAVA Athleisure Pvt Ltd,51816175632700,S,MTS16CS103BGS,1099.00,True,Available,1,https://cavaathleisure.com/products/sand-supima-polo-t-shirt
https://cavaathleisure.com,10070916825404,Sand Supima Polo T-Shirt - Regular Fit,Men's T-shirts,CAVA Athleisure Pvt Ltd,51816175665468,M,MTS16CS103BGM,1099.00,False,Sold Out,0,https://cavaathleisure.com/products/sand-supima-polo-t-shirt
https://cavaathleisure.com,10070916825404,Sand Supima Polo T-Shirt - Regular Fit,Men's T-shirts,CAVA Athleisure Pvt Ltd,51816175698236,L,MTS16CS103BGL,1099.00,False,Sold Out,0,https://cavaathleisure.com/products/sand-supima-polo-t-shirt
https://cavaathleisure.com,10070916825404,Sand Supima Polo T-Shirt - Regular Fit,Men's T-shirts,CAVA Athleisure Pvt Ltd,51816175731004,XL,MTS16CS103BGXL,1099.00,True,Available,1,https://cavaathleisure.com/products/sand-supima-polo-t-shirt
https://cavaathleisure.com,10070916825404,Sand Supima Polo T-Shirt - Regular Fit,Men's T-shirts,CAVA Athleisure Pvt Ltd,51816175763772,XXL,MTS16CS103BGXXL,1099.00,True,Available,1,https://cavaathleisure.com/products/sand-supima-polo-t-shirt
https://cavaathleisure.com,10019871457596,Olive Workleisure Pants,Men's Trousers,CAVA Athleisure Pvt Ltd,51673010503996,30,MTR1010GR30,1170.00,False,Sold Out,0,https://cavaathleisure.com/products/olive-workleisure-pants
https://cavaathleisure.com,10019871457596,Olive Workleisure Pants,Men's Trousers,CAVA Athleisure Pvt Ltd,51673010536764,32,MTR1010GR32,1170.00,False,Sold Out,0,https://cavaathleisure.com/products/olive-workleisure-pants
https://cavaathleisure.com,10019871457596,Olive Workleisure Pants,Men's Trousers,CAVA Athleisure Pvt Ltd,51673010569532,34,MTR1010GR34,1170.00,False,Sold Out,0,https://cavaathleisure.com/products/olive-workleisure-pants
https://cavaathleisure.com,10019871457596,Olive Workleisure Pants,Men's Trousers,CAVA Athleisure Pvt Ltd,51673010602300,36,MTR1010GR36,1170.00,False,Sold Out,0,https://cavaathleisure.com/products/olive-workleisure-pants
https://cavaathleisure.com,10019871457596,Olive Workleisure Pants,Men's Trousers,CAVA Athleisure Pvt Ltd,51673010635068,38,MTR1010GR38,1170.00,False,Sold Out,0,https://cavaathleisure.com/products/olive-workleisure-pants
https://cavaathleisure.com,10019870835004,Charcoal Workleisure Pants,Men's Trousers,CAVA Athleisure Pvt Ltd,51673008374076,30,MTR1010GY30,1170.00,False,Sold Out,0,https://cavaathleisure.com/products/charcoal-workleisure-pants
https://cavaathleisure.com,10019870835004,Charcoal Workleisure Pants,Men's Trousers,CAVA Athleisure Pvt Ltd,51673008406844,32,MTR1010GY32,1170.00,False,Sold Out,0,https://cavaathleisure.com/products/charcoal-workleisure-pants
https://cavaathleisure.com,10019870835004,Charcoal Workleisure Pants,Men's Trousers,CAVA Athleisure Pvt Ltd,51673008439612,34,MTR1010GY34,1170.00,False,Sold Out,0,https://cavaathleisure.com/products/charcoal-workleisure-pants
https://cavaathleisure.com,10019870835004,Charcoal Workleisure Pants,Men's Trousers,CAVA Athleisure Pvt Ltd,51673008472380,36,MTR1010GY36,1170.00,False,Sold Out,0,https://cavaathleisure.com/products/charcoal-workleisure-pants
https://cavaathleisure.com,10019870835004,Charcoal Workleisure Pants,Men's Trousers,CAVA Athleisure Pvt Ltd,51673008505148,38,MTR1010GY38,1170.00,False,Sold Out,0,https://cavaathleisure.com/products/charcoal-workleisure-pants
https://cavaathleisure.com,10019870409020,Black Workleisure Pants,Men's Trousers,CAVA Athleisure Pvt Ltd,51673005916476,30,MTR1010BK30,1170.00,False,Sold Out,0,https://cavaathleisure.com/products/black-workleisure-pants
https://cavaathleisure.com,10019870409020,Black Workleisure Pants,Men's Trousers,CAVA Athleisure Pvt Ltd,51673005949244,32,MTR1010BK32,1170.00,False,Sold Out,0,https://cavaathleisure.com/products/black-workleisure-pants
https://cavaathleisure.com,10019870409020,Black Workleisure Pants,Men's Trousers,CAVA Athleisure Pvt Ltd,51673005982012,34,MTR1010BK34,1170.00,False,Sold Out,0,https://cavaathleisure.com/products/black-workleisure-pants
https://cavaathleisure.com,10019870409020,Black Workleisure Pants,Men's Trousers,CAVA Athleisure Pvt Ltd,51673006014780,36,MTR1010BK36,1170.00,False,Sold Out,0,https://cavaathleisure.com/products/black-workleisure-pants
https://cavaathleisure.com,10019870409020,Black Workleisure Pants,Men's Trousers,CAVA Athleisure Pvt Ltd,51673006047548,38,MTR1010BK38,1170.00,True,Available,1,https://cavaathleisure.com/products/black-workleisure-pants
https://cavaathleisure.com,10054201278780,Pine Cava Essential Sweatshirt,Women's Hoodies & Sweatshirts,CAVA Athleisure Pvt Ltd,51761137877308,XS,WTS11536GRXS,1199.00,True,Available,1,https://cavaathleisure.com/products/pine-cava-essential-sweatshirt
https://cavaathleisure.com,10054201278780,Pine Cava Essential Sweatshirt,Women's Hoodies & Sweatshirts,CAVA Athleisure Pvt Ltd,51761137910076,S,WTS11536GRS,1199.00,True,Available,1,https://cavaathleisure.com/products/pine-cava-essential-sweatshirt
https://cavaathleisure.com,10054201278780,Pine Cava Essential Sweatshirt,Women's Hoodies & Sweatshirts,CAVA Athleisure Pvt Ltd,51761137942844,M,WTS11536GRM,1199.00,False,Sold Out,0,https://cavaathleisure.com/products/pine-cava-essential-sweatshirt
https://cavaathleisure.com,10054201278780,Pine Cava Essential Sweatshirt,Women's Hoodies & Sweatshirts,CAVA Athleisure Pvt Ltd,51761137975612,L,WTS11536GRL,1199.00,False,Sold Out,0,https://cavaathleisure.com/products/pine-cava-essential-sweatshirt
https://cavaathleisure.com,10054201278780,Pine Cava Essential Sweatshirt,Women's Hoodies & Sweatshirts,CAVA Athleisure Pvt Ltd,51761138008380,XL,WTS11536GRXL,1199.00,False,Sold Out,0,https://cavaathleisure.com/products/pine-cava-essential-sweatshirt
https://cavaathleisure.com,10054201278780,Pine Cava Essential Sweatshirt,Women's Hoodies & Sweatshirts,CAVA Athleisure Pvt Ltd,51761138041148,XXL,WTS11536GRXXL,1199.00,False,Sold Out,0,https://cavaathleisure.com/products/pine-cava-essential-sweatshirt
https://cavaathleisure.com,10068845035836,Blue Sky-Rise Leggings,Leggings,CAVA Athleisure Pvt Ltd,51810307244348,XS,WLG9SET3BLXS,1299.00,False,Sold Out,0,https://cavaathleisure.com/products/blue-sky-rise-leggings
https://cavaathleisure.com,10068845035836,Blue Sky-Rise Leggings,Leggings,CAVA Athleisure Pvt Ltd,51810307277116,S,WLG9SET3BLS,1299.00,True,Available,1,https://cavaathleisure.com/products/blue-sky-rise-leggings
https://cavaathleisure.com,10068845035836,Blue Sky-Rise Leggings,Leggings,CAVA Athleisure Pvt Ltd,51810307309884,M,WLG9SET3BLM,1299.00,False,Sold Out,0,https://cavaathleisure.com/products/blue-sky-rise-leggings
https://cavaathleisure.com,10068845035836,Blue Sky-Rise Leggings,Leggings,CAVA Athleisure Pvt Ltd,51810307342652,L,WLG9SET3BLL,1299.00,False,Sold Out,0,https://cavaathleisure.com/products/blue-sky-rise-leggings
https://cavaathleisure.com,10068845035836,Blue Sky-Rise Leggings,Leggings,CAVA Athleisure Pvt Ltd,51810307375420,XL,WLG9SET3BLXL,1299.00,False,Sold Out,0,https://cavaathleisure.com/products/blue-sky-rise-leggings
https://cavaathleisure.com,10068845035836,Blue Sky-Rise Leggings,Leggings,CAVA Athleisure Pvt Ltd,51810307408188,XXL,WLG9SET3BLXXL,1299.00,False,Sold Out,0,https://cavaathleisure.com/products/blue-sky-rise-leggings
https://cavaathleisure.com,10065317167420,Cobalt Racerback Tank,Women's Tanks,CAVA Athleisure Pvt Ltd,51797969011004,XS,WTN1SET5NY2XS,1199.00,False,Sold Out,0,https://cavaathleisure.com/products/cobalt-racerback-tank
https://cavaathleisure.com,10065317167420,Cobalt Racerback Tank,Women's Tanks,CAVA Athleisure Pvt Ltd,51797969043772,S,WTN1SET5NY2S,1199.00,False,Sold Out,0,https://cavaathleisure.com/products/cobalt-racerback-tank
https://cavaathleisure.com,10065317167420,Cobalt Racerback Tank,Women's Tanks,CAVA Athleisure Pvt Ltd,51797969076540,M,WTN1SET5NY2M,1199.00,False,Sold Out,0,https://cavaathleisure.com/products/cobalt-racerback-tank
https://cavaathleisure.com,10065317167420,Cobalt Racerback Tank,Women's Tanks,CAVA Athleisure Pvt Ltd,51797969109308,L,WTN1SET5NY2L,1199.00,False,Sold Out,0,https://cavaathleisure.com/products/cobalt-racerback-tank
https://cavaathleisure.com,10065317167420,Cobalt Racerback Tank,Women's Tanks,CAVA Athleisure Pvt Ltd,51797969142076,XL,WTN1SET5NY2XL,1199.00,False,Sold Out,0,https://cavaathleisure.com/products/cobalt-racerback-tank
https://cavaathleisure.com,10065317167420,Cobalt Racerback Tank,Women's Tanks,CAVA Athleisure Pvt Ltd,51797969174844,XXL,WTN1SET5NY2XXL,1199.00,False,Sold Out,0,https://cavaathleisure.com/products/cobalt-racerback-tank
https://cavaathleisure.com,10054764495164,Cobalt Sculptor Jacket,Women's Jackets,CAVA Athleisure Pvt Ltd,51763112542524,XS,WJK10SET5NY2XS,1799.00,False,Sold Out,0,https://cavaathleisure.com/products/cobalt-sculptor-jacket
https://cavaathleisure.com,10054764495164,Cobalt Sculptor Jacket,Women's Jackets,CAVA Athleisure Pvt Ltd,51763112575292,S,WJK10SET5NY2S,1799.00,False,Sold Out,0,https://cavaathleisure.com/products/cobalt-sculptor-jacket
https://cavaathleisure.com,10054764495164,Cobalt Sculptor Jacket,Women's Jackets,CAVA Athleisure Pvt Ltd,51763112608060,M,WJK10SET5NY2M,1799.00,False,Sold Out,0,https://cavaathleisure.com/products/cobalt-sculptor-jacket
https://cavaathleisure.com,10054764495164,Cobalt Sculptor Jacket,Women's Jackets,CAVA Athleisure Pvt Ltd,51763112640828,L,WJK10SET5NY2L,1799.00,False,Sold Out,0,https://cavaathleisure.com/products/cobalt-sculptor-jacket
https://cavaathleisure.com,10054764495164,Cobalt Sculptor Jacket,Women's Jackets,CAVA Athleisure Pvt Ltd,51763112673596,XL,WJK10SET5NY2XL,1799.00,False,Sold Out,0,https://cavaathleisure.com/products/cobalt-sculptor-jacket
https://cavaathleisure.com,10054764495164,Cobalt Sculptor Jacket,Women's Jackets,CAVA Athleisure Pvt Ltd,51763112706364,XXL,WJK10SET5NY2XXL,1799.00,False,Sold Out,0,https://cavaathleisure.com/products/cobalt-sculptor-jacket
https://cavaathleisure.com,10068833861948,Blue Super Stretch Brami,Sports Bras,CAVA Athleisure Pvt Ltd,51810279326012,XS,WSB9SET3BLXS,1199.00,False,Sold Out,0,https://cavaathleisure.com/products/blue-super-stretch-brami
https://cavaathleisure.com,10068833861948,Blue Super Stretch Brami,Sports Bras,CAVA Athleisure Pvt Ltd,51810279358780,S,WSB9SET3BLS,1199.00,True,Available,1,https://cavaathleisure.com/products/blue-super-stretch-brami
https://cavaathleisure.com,10068833861948,Blue Super Stretch Brami,Sports Bras,CAVA Athleisure Pvt Ltd,51810279391548,M,WSB9SET3BLM,1199.00,False,Sold Out,0,https://cavaathleisure.com/products/blue-super-stretch-brami
https://cavaathleisure.com,10068833861948,Blue Super Stretch Brami,Sports Bras,CAVA Athleisure Pvt Ltd,51810279424316,L,WSB9SET3BLL,1199.00,False,Sold Out,0,https://cavaathleisure.com/products/blue-super-stretch-brami
https://cavaathleisure.com,10068833861948,Blue Super Stretch Brami,Sports Bras,CAVA Athleisure Pvt Ltd,51810279457084,XL,WSB9SET3BLXL,1199.00,True,Available,1,https://cavaathleisure.com/products/blue-super-stretch-brami
https://cavaathleisure.com,10068833861948,Blue Super Stretch Brami,Sports Bras,CAVA Athleisure Pvt Ltd,51810279489852,XXL,WSB9SET3BLXXL,1199.00,False,Sold Out,0,https://cavaathleisure.com/products/blue-super-stretch-brami
https://cavaathleisure.com,10059014308156,Cedar Aerial Crop Tank,Women's Tanks,CAVA Athleisure Pvt Ltd,51779670442300,XS,WTN10SET12BNXS,999.00,False,Sold Out,0,https://cavaathleisure.com/products/cedar-aerial-crop-tank
https://cavaathleisure.com,10059014308156,Cedar Aerial Crop Tank,Women's Tanks,CAVA Athleisure Pvt Ltd,51779670475068,S,WTN10SET12BNS,999.00,False,Sold Out,0,https://cavaathleisure.com/products/cedar-aerial-crop-tank
https://cavaathleisure.com,10059014308156,Cedar Aerial Crop Tank,Women's Tanks,CAVA Athleisure Pvt Ltd,51779670507836,M,WTN10SET12BNM,999.00,False,Sold Out,0,https://cavaathleisure.com/products/cedar-aerial-crop-tank
https://cavaathleisure.com,10059014308156,Cedar Aerial Crop Tank,Women's Tanks,CAVA Athleisure Pvt Ltd,51779670540604,L,WTN10SET12BNL,999.00,False,Sold Out,0,https://cavaathleisure.com/products/cedar-aerial-crop-tank
https://cavaathleisure.com,10059014308156,Cedar Aerial Crop Tank,Women's Tanks,CAVA Athleisure Pvt Ltd,51779670573372,XL,WTN10SET12BNXL,999.00,False,Sold Out,0,https://cavaathleisure.com/products/cedar-aerial-crop-tank
https://cavaathleisure.com,10059014308156,Cedar Aerial Crop Tank,Women's Tanks,CAVA Athleisure Pvt Ltd,51779670606140,XXL,WTN10SET12BNXXL,999.00,False,Sold Out,0,https://cavaathleisure.com/products/cedar-aerial-crop-tank
https://cavaathleisure.com,10059013914940,Sage Swirl Tennis Skorts,Skorts and Skirts,CAVA Athleisure Pvt Ltd,51779662414140,XS,WSK10SET4GRXS,1399.00,False,Sold Out,0,https://cavaathleisure.com/products/sage-swirl-tennis-skorts
https://cavaathleisure.com,10059013914940,Sage Swirl Tennis Skorts,Skorts and Skirts,CAVA Athleisure Pvt Ltd,51779662446908,S,WSK10SET4GRS,1399.00,False,Sold Out,0,https://cavaathleisure.com/products/sage-swirl-tennis-skorts
https://cavaathleisure.com,10059013914940,Sage Swirl Tennis Skorts,Skorts and Skirts,CAVA Athleisure Pvt Ltd,51779662479676,M,WSK10SET4GRM,1399.00,False,Sold Out,0,https://cavaathleisure.com/products/sage-swirl-tennis-skorts
https://cavaathleisure.com,10059013914940,Sage Swirl Tennis Skorts,Skorts and Skirts,CAVA Athleisure Pvt Ltd,51779662512444,L,WSK10SET4GRL,1399.00,False,Sold Out,0,https://cavaathleisure.com/products/sage-swirl-tennis-skorts
https://cavaathleisure.com,10059013914940,Sage Swirl Tennis Skorts,Skorts and Skirts,CAVA Athleisure Pvt Ltd,51779662545212,XL,WSK10SET4GRXL,1399.00,False,Sold Out,0,https://cavaathleisure.com/products/sage-swirl-tennis-skorts
https://cavaathleisure.com,10059013914940,Sage Swirl Tennis Skorts,Skorts and Skirts,CAVA Athleisure Pvt Ltd,51779662577980,XXL,WSK10SET4GRXXL,1399.00,False,Sold Out,0,https://cavaathleisure.com/products/sage-swirl-tennis-skorts
https://cavaathleisure.com,10024920875324,Red Cross Back Sports Bra,Sports Bras,CAVA Athleisure Pvt Ltd,51687163298108,XS,WSB14SET1RDXS,1199.00,False,Sold Out,0,https://cavaathleisure.com/products/red-cross-back-sports-bra
https://cavaathleisure.com,10024920875324,Red Cross Back Sports Bra,Sports Bras,CAVA Athleisure Pvt Ltd,51687163330876,S,WSB14SET1RDS,1199.00,False,Sold Out,0,https://cavaathleisure.com/products/red-cross-back-sports-bra
https://cavaathleisure.com,10024920875324,Red Cross Back Sports Bra,Sports Bras,CAVA Athleisure Pvt Ltd,51750969246012,M,WSB14SET1RDM,1199.00,False,Sold Out,0,https://cavaathleisure.com/products/red-cross-back-sports-bra
https://cavaathleisure.com,10024920875324,Red Cross Back Sports Bra,Sports Bras,CAVA Athleisure Pvt Ltd,51750969278780,L,WSB14SET1RDL,1199.00,False,Sold Out,0,https://cavaathleisure.com/products/red-cross-back-sports-bra
https://cavaathleisure.com,10024920875324,Red Cross Back Sports Bra,Sports Bras,CAVA Athleisure Pvt Ltd,51750969311548,XL,WSB14SET1RDXL,1199.00,False,Sold Out,0,https://cavaathleisure.com/products/red-cross-back-sports-bra
https://cavaathleisure.com,10024920875324,Red Cross Back Sports Bra,Sports Bras,CAVA Athleisure Pvt Ltd,51750969344316,XXL,WSB14SET1RDXXL,1199.00,False,Sold Out,0,https://cavaathleisure.com/products/red-cross-back-sports-bra
https://cavaathleisure.com,10054385959228,Lime Overlap Tee,Women's T-shirts,CAVA Athleisure Pvt Ltd,51761909956924,XS,WTP1SET2GRXS,999.00,False,Sold Out,0,https://cavaathleisure.com/products/lime-overlap-tee
https://cavaathleisure.com,10054385959228,Lime Overlap Tee,Women's T-shirts,CAVA Athleisure Pvt Ltd,51761909989692,S,WTP1SET2GRS,999.00,False,Sold Out,0,https://cavaathleisure.com/products/lime-overlap-tee
https://cavaathleisure.com,10054385959228,Lime Overlap Tee,Women's T-shirts,CAVA Athleisure Pvt Ltd,51761910022460,M,WTP1SET2GRM,999.00,False,Sold Out,0,https://cavaathleisure.com/products/lime-overlap-tee
https://cavaathleisure.com,10054385959228,Lime Overlap Tee,Women's T-shirts,CAVA Athleisure Pvt Ltd,51761910055228,L,WTP1SET2GRL,999.00,False,Sold Out,0,https://cavaathleisure.com/products/lime-overlap-tee
https://cavaathleisure.com,10054385959228,Lime Overlap Tee,Women's T-shirts,CAVA Athleisure Pvt Ltd,51761910087996,XL,WTP1SET2GRXL,999.00,False,Sold Out,0,https://cavaathleisure.com/products/lime-overlap-tee
https://cavaathleisure.com,10054385959228,Lime Overlap Tee,Women's T-shirts,CAVA Athleisure Pvt Ltd,51761910120764,XXL,WTP1SET2GRXXL,999.00,False,Sold Out,0,https://cavaathleisure.com/products/lime-overlap-tee
https://cavaathleisure.com,10065315430716,Wine Racerback Tank,Women's Tanks,CAVA Athleisure Pvt Ltd,51797965340988,XS,WTN1SET5RDXS,1199.00,True,Available,1,https://cavaathleisure.com/products/wine-racerback-tank
https://cavaathleisure.com,10065315430716,Wine Racerback Tank,Women's Tanks,CAVA Athleisure Pvt Ltd,51797965373756,S,WTN1SET5RDS,1199.00,True,Available,1,https://cavaathleisure.com/products/wine-racerback-tank
https://cavaathleisure.com,10065315430716,Wine Racerback Tank,Women's Tanks,CAVA Athleisure Pvt Ltd,51797965406524,M,WTN1SET5RDM,1199.00,True,Available,1,https://cavaathleisure.com/products/wine-racerback-tank
https://cavaathleisure.com,10065315430716,Wine Racerback Tank,Women's Tanks,CAVA Athleisure Pvt Ltd,51797965439292,L,WTN1SET5RDL,1199.00,True,Available,1,https://cavaathleisure.com/products/wine-racerback-tank
https://cavaathleisure.com,10065315430716,Wine Racerback Tank,Women's Tanks,CAVA Athleisure Pvt Ltd,51797965472060,XL,WTN1SET5RDXL,1199.00,False,Sold Out,0,https://cavaathleisure.com/products/wine-racerback-tank
https://cavaathleisure.com,10065315430716,Wine Racerback Tank,Women's Tanks,CAVA Athleisure Pvt Ltd,51797965504828,XXL,WTN1SET5RDXXL,1199.00,False,Sold Out,0,https://cavaathleisure.com/products/wine-racerback-tank
https://cavaathleisure.com,10017632256316,Burgundy Hourglass Snug Leggings,Leggings,CAVA Athleisure Pvt Ltd,51662511079740,XS,WLG1010WRDXS,1299.00,False,Sold Out,0,https://cavaathleisure.com/products/burgundy-hourglass-snug-leggings
https://cavaathleisure.com,10017632256316,Burgundy Hourglass Snug Leggings,Leggings,CAVA Athleisure Pvt Ltd,51662511112508,S,WLG1010WRDS,1299.00,False,Sold Out,0,https://cavaathleisure.com/products/burgundy-hourglass-snug-leggings
https://cavaathleisure.com,10017632256316,Burgundy Hourglass Snug Leggings,Leggings,CAVA Athleisure Pvt Ltd,51662511145276,M,WLG1010WRDM,1299.00,False,Sold Out,0,https://cavaathleisure.com/products/burgundy-hourglass-snug-leggings
https://cavaathleisure.com,10017632256316,Burgundy Hourglass Snug Leggings,Leggings,CAVA Athleisure Pvt Ltd,51662511178044,L,WLG1010WRDL,1299.00,False,Sold Out,0,https://cavaathleisure.com/products/burgundy-hourglass-snug-leggings
https://cavaathleisure.com,10017632256316,Burgundy Hourglass Snug Leggings,Leggings,CAVA Athleisure Pvt Ltd,51662511210812,XL,WLG1010WRDXL,1299.00,False,Sold Out,0,https://cavaathleisure.com/products/burgundy-hourglass-snug-leggings
https://cavaathleisure.com,10017632256316,Burgundy Hourglass Snug Leggings,Leggings,CAVA Athleisure Pvt Ltd,51662511243580,XXL,WLG1010WRDXXL,1299.00,False,Sold Out,0,https://cavaathleisure.com/products/burgundy-hourglass-snug-leggings
https://cavaathleisure.com,10054449955132,Cobalt Overlap Tee,Women's T-shirts,CAVA Athleisure Pvt Ltd,51762145558844,XS,WTP1SET2NY2XS,999.00,True,Available,1,https://cavaathleisure.com/products/cobalt-overlap-tee
https://cavaathleisure.com,10054449955132,Cobalt Overlap Tee,Women's T-shirts,CAVA Athleisure Pvt Ltd,51762145591612,S,WTP1SET2NY2S,999.00,True,Available,1,https://cavaathleisure.com/products/cobalt-overlap-tee
https://cavaathleisure.com,10054449955132,Cobalt Overlap Tee,Women's T-shirts,CAVA Athleisure Pvt Ltd,51762145624380,M,WTP1SET2NY2M,999.00,False,Sold Out,0,https://cavaathleisure.com/products/cobalt-overlap-tee
https://cavaathleisure.com,10054449955132,Cobalt Overlap Tee,Women's T-shirts,CAVA Athleisure Pvt Ltd,51762145657148,L,WTP1SET2NY2L,999.00,True,Available,1,https://cavaathleisure.com/products/cobalt-overlap-tee
https://cavaathleisure.com,10054449955132,Cobalt Overlap Tee,Women's T-shirts,CAVA Athleisure Pvt Ltd,51762145689916,XL,WTP1SET2NY2XL,999.00,False,Sold Out,0,https://cavaathleisure.com/products/cobalt-overlap-tee
https://cavaathleisure.com,10054449955132,Cobalt Overlap Tee,Women's T-shirts,CAVA Athleisure Pvt Ltd,51762145722684,XXL,WTP1SET2NY2XXL,999.00,False,Sold Out,0,https://cavaathleisure.com/products/cobalt-overlap-tee
https://cavaathleisure.com,10016144752956,Cobalt Sprint Shorts - Lined,Women's Shorts,CAVA Athleisure Pvt Ltd,51656104902972,XS,WSH1409BLXS,910.00,False,Sold Out,0,https://cavaathleisure.com/products/cobalt-sprint-shorts-lined
https://cavaathleisure.com,10016144752956,Cobalt Sprint Shorts - Lined,Women's Shorts,CAVA Athleisure Pvt Ltd,51656104935740,S,WSH1409BLS,910.00,False,Sold Out,0,https://cavaathleisure.com/products/cobalt-sprint-shorts-lined
https://cavaathleisure.com,10016144752956,Cobalt Sprint Shorts - Lined,Women's Shorts,CAVA Athleisure Pvt Ltd,51656104968508,M,WSH1409BLM,910.00,False,Sold Out,0,https://cavaathleisure.com/products/cobalt-sprint-shorts-lined
https://cavaathleisure.com,10016144752956,Cobalt Sprint Shorts - Lined,Women's Shorts,CAVA Athleisure Pvt Ltd,51656105001276,L,WSH1409BLL,910.00,False,Sold Out,0,https://cavaathleisure.com/products/cobalt-sprint-shorts-lined
https://cavaathleisure.com,10016144752956,Cobalt Sprint Shorts - Lined,Women's Shorts,CAVA Athleisure Pvt Ltd,51656105034044,XL,WSH1409BLXL,910.00,True,Available,1,https://cavaathleisure.com/products/cobalt-sprint-shorts-lined
https://cavaathleisure.com,10016144752956,Cobalt Sprint Shorts - Lined,Women's Shorts,CAVA Athleisure Pvt Ltd,51656105066812,XXL,WSH1409BLXXL,910.00,False,Sold Out,0,https://cavaathleisure.com/products/cobalt-sprint-shorts-lined
https://cavaathleisure.com,10054235029820,Cream Cava Essential Sweatshirt,Women's Hoodies & Sweatshirts,CAVA Athleisure Pvt Ltd,51761256988988,XS,WTS11536WHXS,1199.00,True,Available,1,https://cavaathleisure.com/products/cream-cava-essential-sweatshirt
https://cavaathleisure.com,10054235029820,Cream Cava Essential Sweatshirt,Women's Hoodies & Sweatshirts,CAVA Athleisure Pvt Ltd,51761257021756,S,WTS11536WHS,1199.00,True,Available,1,https://cavaathleisure.com/products/cream-cava-essential-sweatshirt
https://cavaathleisure.com,10054235029820,Cream Cava Essential Sweatshirt,Women's Hoodies & Sweatshirts,CAVA Athleisure Pvt Ltd,51761257054524,M,WTS11536WHM,1199.00,True,Available,1,https://cavaathleisure.com/products/cream-cava-essential-sweatshirt
https://cavaathleisure.com,10054235029820,Cream Cava Essential Sweatshirt,Women's Hoodies & Sweatshirts,CAVA Athleisure Pvt Ltd,51761257087292,L,WTS11536WHL,1199.00,False,Sold Out,0,https://cavaathleisure.com/products/cream-cava-essential-sweatshirt
https://cavaathleisure.com,10054235029820,Cream Cava Essential Sweatshirt,Women's Hoodies & Sweatshirts,CAVA Athleisure Pvt Ltd,51761257120060,XL,WTS11536WHXL,1199.00,True,Available,1,https://cavaathleisure.com/products/cream-cava-essential-sweatshirt
https://cavaathleisure.com,10054235029820,Cream Cava Essential Sweatshirt,Women's Hoodies & Sweatshirts,CAVA Athleisure Pvt Ltd,51761257152828,XXL,WTS11536WHXXL,1199.00,True,Available,1,https://cavaathleisure.com/products/cream-cava-essential-sweatshirt
https://cavaathleisure.com,10019880960316,Green Pulse Seamless Tee,Men's T-shirts,CAVA Athleisure Pvt Ltd,51673041633596,S,MTS1CS121GRS,815.00,True,Available,1,https://cavaathleisure.com/products/green-pulse-seamless-tee
https://cavaathleisure.com,10019880960316,Green Pulse Seamless Tee,Men's T-shirts,CAVA Athleisure Pvt Ltd,51673041666364,M,MTS1CS121GRM,815.00,False,Sold Out,0,https://cavaathleisure.com/products/green-pulse-seamless-tee
https://cavaathleisure.com,10019880960316,Green Pulse Seamless Tee,Men's T-shirts,CAVA Athleisure Pvt Ltd,51673041699132,L,MTS1CS121GRL,815.00,False,Sold Out,0,https://cavaathleisure.com/products/green-pulse-seamless-tee
https://cavaathleisure.com,10019880960316,Green Pulse Seamless Tee,Men's T-shirts,CAVA Athleisure Pvt Ltd,51673041731900,XL,MTS1CS121GRXL,815.00,False,Sold Out,0,https://cavaathleisure.com/products/green-pulse-seamless-tee
https://cavaathleisure.com,10019880960316,Green Pulse Seamless Tee,Men's T-shirts,CAVA Athleisure Pvt Ltd,51673041764668,XXL,MTS1CS121GRXXL,815.00,True,Available,1,https://cavaathleisure.com/products/green-pulse-seamless-tee
https://cavaathleisure.com,10041900826940,Wine Silhouette Zip Top,Women's Tops,CAVA Athleisure Pvt Ltd,51733290090812,XS,WTP14ACU03RDXS,934.00,False,Sold Out,0,https://cavaathleisure.com/products/wine-silhouette-zip-top
https://cavaathleisure.com,10041900826940,Wine Silhouette Zip Top,Women's Tops,CAVA Athleisure Pvt Ltd,51733290123580,S,WTP14ACU03RDS,934.00,False,Sold Out,0,https://cavaathleisure.com/products/wine-silhouette-zip-top
https://cavaathleisure.com,10041900826940,Wine Silhouette Zip Top,Women's Tops,CAVA Athleisure Pvt Ltd,51733290156348,M,WTP14ACU03RDM,934.00,False,Sold Out,0,https://cavaathleisure.com/products/wine-silhouette-zip-top
https://cavaathleisure.com,10041900826940,Wine Silhouette Zip Top,Women's Tops,CAVA Athleisure Pvt Ltd,51733290189116,L,WTP14ACU03RDL,934.00,False,Sold Out,0,https://cavaathleisure.com/products/wine-silhouette-zip-top
https://cavaathleisure.com,10041900826940,Wine Silhouette Zip Top,Women's Tops,CAVA Athleisure Pvt Ltd,51733290221884,XL,WTP14ACU03RDXL,934.00,False,Sold Out,0,https://cavaathleisure.com/products/wine-silhouette-zip-top
https://cavaathleisure.com,10041900826940,Wine Silhouette Zip Top,Women's Tops,CAVA Athleisure Pvt Ltd,51733290254652,XXL,WTP14ACU03RDXXL,934.00,False,Sold Out,0,https://cavaathleisure.com/products/wine-silhouette-zip-top
https://cavaathleisure.com,10019883254076,Black Pulse Seamless Tee,Men's T-shirts,CAVA Athleisure Pvt Ltd,51673048842556,S,MTS1CS121BKS,899.00,True,Available,1,https://cavaathleisure.com/products/black-pulse-seamless-tee
https://cavaathleisure.com,10019883254076,Black Pulse Seamless Tee,Men's T-shirts,CAVA Athleisure Pvt Ltd,51673048875324,M,MTS1CS121BKM,899.00,False,Sold Out,0,https://cavaathleisure.com/products/black-pulse-seamless-tee
https://cavaathleisure.com,10019883254076,Black Pulse Seamless Tee,Men's T-shirts,CAVA Athleisure Pvt Ltd,51673048908092,L,MTS1CS121BKL,899.00,False,Sold Out,0,https://cavaathleisure.com/products/black-pulse-seamless-tee
https://cavaathleisure.com,10019883254076,Black Pulse Seamless Tee,Men's T-shirts,CAVA Athleisure Pvt Ltd,51673048940860,XL,MTS1CS121BKXL,899.00,True,Available,1,https://cavaathleisure.com/products/black-pulse-seamless-tee
https://cavaathleisure.com,10019883254076,Black Pulse Seamless Tee,Men's T-shirts,CAVA Athleisure Pvt Ltd,51673048973628,XXL,MTS1CS121BKXXL,899.00,True,Available,1,https://cavaathleisure.com/products/black-pulse-seamless-tee
https://cavaathleisure.com,10030508835132,Training tees - Pack of 3,Women's T-shirts,CAVA Athleisure Pvt Ltd,51719503315260,XS,WTS10CS08PNPUGRXS,2533.00,False,Sold Out,0,https://cavaathleisure.com/products/training-tees-pack-of-3
https://cavaathleisure.com,10030508835132,Training tees - Pack of 3,Women's T-shirts,CAVA Athleisure Pvt Ltd,51719503348028,S,WTS10CS08PNPUGRS,2533.00,False,Sold Out,0,https://cavaathleisure.com/products/training-tees-pack-of-3
https://cavaathleisure.com,10030508835132,Training tees - Pack of 3,Women's T-shirts,CAVA Athleisure Pvt Ltd,51719503380796,M,WTS10CS08PNPUGRM,2533.00,False,Sold Out,0,https://cavaathleisure.com/products/training-tees-pack-of-3
https://cavaathleisure.com,10030508835132,Training tees - Pack of 3,Women's T-shirts,CAVA Athleisure Pvt Ltd,51719503413564,L,WTS10CS08PNPUGRL,2533.00,False,Sold Out,0,https://cavaathleisure.com/products/training-tees-pack-of-3
https://cavaathleisure.com,10030508835132,Training tees - Pack of 3,Women's T-shirts,CAVA Athleisure Pvt Ltd,51719503446332,XL,WTS10CS08PNPUGRXL,2533.00,False,Sold Out,0,https://cavaathleisure.com/products/training-tees-pack-of-3
https://cavaathleisure.com,10030508835132,Training tees - Pack of 3,Women's T-shirts,CAVA Athleisure Pvt Ltd,51719503479100,XXL,WTS10CS08PNPUGRXXL,2533.00,False,Sold Out,0,https://cavaathleisure.com/products/training-tees-pack-of-3
https://cavaathleisure.com,10019877880124,Ash Pulse Seamless Tee,Men's T-shirts,CAVA Athleisure Pvt Ltd,51673031999804,S,MTS1CS121NYS,899.00,True,Available,1,https://cavaathleisure.com/products/ash-pulse-seamless-tee
https://cavaathleisure.com,10019877880124,Ash Pulse Seamless Tee,Men's T-shirts,CAVA Athleisure Pvt Ltd,51673032032572,M,MTS1CS121NYM,899.00,False,Sold Out,0,https://cavaathleisure.com/products/ash-pulse-seamless-tee
https://cavaathleisure.com,10019877880124,Ash Pulse Seamless Tee,Men's T-shirts,CAVA Athleisure Pvt Ltd,51673032065340,L,MTS1CS121NYL,899.00,True,Available,1,https://cavaathleisure.com/products/ash-pulse-seamless-tee
https://cavaathleisure.com,10019877880124,Ash Pulse Seamless Tee,Men's T-shirts,CAVA Athleisure Pvt Ltd,51673032098108,XL,MTS1CS121NYXL,899.00,True,Available,1,https://cavaathleisure.com/products/ash-pulse-seamless-tee
https://cavaathleisure.com,10019877880124,Ash Pulse Seamless Tee,Men's T-shirts,CAVA Athleisure Pvt Ltd,51673032130876,XXL,MTS1CS121NYXXL,899.00,True,Available,1,https://cavaathleisure.com/products/ash-pulse-seamless-tee
https://cavaathleisure.com,10030491074876,Overlap Tank - Pack of 3,Women's Tanks,CAVA Athleisure Pvt Ltd,51719507935548,XS,WTPSET10BKNYGRXS,2650.00,False,Sold Out,0,https://cavaathleisure.com/products/overlap-tank-pack-of-3
https://cavaathleisure.com,10030491074876,Overlap Tank - Pack of 3,Women's Tanks,CAVA Athleisure Pvt Ltd,51719507968316,S,WTPSET10BKNYGRS,2650.00,False,Sold Out,0,https://cavaathleisure.com/products/overlap-tank-pack-of-3
https://cavaathleisure.com,10030491074876,Overlap Tank - Pack of 3,Women's Tanks,CAVA Athleisure Pvt Ltd,51719508001084,M,WTPSET10BKNYGRM,2650.00,False,Sold Out,0,https://cavaathleisure.com/products/overlap-tank-pack-of-3
https://cavaathleisure.com,10030491074876,Overlap Tank - Pack of 3,Women's Tanks,CAVA Athleisure Pvt Ltd,51719508033852,L,WTPSET10BKNYGRL,2650.00,False,Sold Out,0,https://cavaathleisure.com/products/overlap-tank-pack-of-3
https://cavaathleisure.com,10030491074876,Overlap Tank - Pack of 3,Women's Tanks,CAVA Athleisure Pvt Ltd,51719508066620,XL,WTPSET10BKNYGRXL,2650.00,False,Sold Out,0,https://cavaathleisure.com/products/overlap-tank-pack-of-3
https://cavaathleisure.com,10030491074876,Overlap Tank - Pack of 3,Women's Tanks,CAVA Athleisure Pvt Ltd,51719508099388,XXL,WTPSET10BKNYGRXXL,2650.00,False,Sold Out,0,https://cavaathleisure.com/products/overlap-tank-pack-of-3
https://cavaathleisure.com,10030467776828,Pastel Overlap Tees - Pack of 3,Women's T-shirts,CAVA Athleisure Pvt Ltd,51719510786364,XS,WTPSET2BLPUPNXS,3313.00,False,Sold Out,0,https://cavaathleisure.com/products/pastel-overlap-tees-pack-of-3
https://cavaathleisure.com,10030467776828,Pastel Overlap Tees - Pack of 3,Women's T-shirts,CAVA Athleisure Pvt Ltd,51719510819132,S,WTPSET2BLPUPNS,3313.00,False,Sold Out,0,https://cavaathleisure.com/products/pastel-overlap-tees-pack-of-3
https://cavaathleisure.com,10030467776828,Pastel Overlap Tees - Pack of 3,Women's T-shirts,CAVA Athleisure Pvt Ltd,51719510851900,M,WTPSET2BLPUPNM,3313.00,False,Sold Out,0,https://cavaathleisure.com/products/pastel-overlap-tees-pack-of-3
https://cavaathleisure.com,10030467776828,Pastel Overlap Tees - Pack of 3,Women's T-shirts,CAVA Athleisure Pvt Ltd,51719510884668,L,WTPSET2BLPUPNL,3313.00,False,Sold Out,0,https://cavaathleisure.com/products/pastel-overlap-tees-pack-of-3
https://cavaathleisure.com,10030467776828,Pastel Overlap Tees - Pack of 3,Women's T-shirts,CAVA Athleisure Pvt Ltd,51719510917436,XL,WTPSET2BLPUPNXL,3313.00,False,Sold Out,0,https://cavaathleisure.com/products/pastel-overlap-tees-pack-of-3
https://cavaathleisure.com,10030467776828,Pastel Overlap Tees - Pack of 3,Women's T-shirts,CAVA Athleisure Pvt Ltd,51719510950204,XXL,WTPSET2BLPUPNXXL,3313.00,False,Sold Out,0,https://cavaathleisure.com/products/pastel-overlap-tees-pack-of-3
https://cavaathleisure.com,10041900728636,Brown Silhouette Zip Top,Women's Tops,CAVA Athleisure Pvt Ltd,51733291729212,XS,WTP14ACU03BNXS,850.00,True,Available,1,https://cavaathleisure.com/products/brown-silhouette-zip-top
https://cavaathleisure.com,10041900728636,Brown Silhouette Zip Top,Women's Tops,CAVA Athleisure Pvt Ltd,51733291761980,S,WTP14ACU03BNS,850.00,True,Available,1,https://cavaathleisure.com/products/brown-silhouette-zip-top
https://cavaathleisure.com,10041900728636,Brown Silhouette Zip Top,Women's Tops,CAVA Athleisure Pvt Ltd,51733291794748,M,WTP14ACU03BNM,850.00,False,Sold Out,0,https://cavaathleisure.com/products/brown-silhouette-zip-top
https://cavaathleisure.com,10041900728636,Brown Silhouette Zip Top,Women's Tops,CAVA Athleisure Pvt Ltd,51733291827516,L,WTP14ACU03BNL,850.00,False,Sold Out,0,https://cavaathleisure.com/products/brown-silhouette-zip-top
https://cavaathleisure.com,10041900728636,Brown Silhouette Zip Top,Women's Tops,CAVA Athleisure Pvt Ltd,51733291860284,XL,WTP14ACU03BNXL,850.00,False,Sold Out,0,https://cavaathleisure.com/products/brown-silhouette-zip-top
https://cavaathleisure.com,10041900728636,Brown Silhouette Zip Top,Women's Tops,CAVA Athleisure Pvt Ltd,51733291893052,XXL,WTP14ACU03BNXXL,850.00,False,Sold Out,0,https://cavaathleisure.com/products/brown-silhouette-zip-top
https://cavaathleisure.com,10030231814460,Basic Overlap Tees - Pack of 3,Women's T-shirts,CAVA Athleisure Pvt Ltd,51719513375036,XS,WTPST2BKBNNYXS,3313.00,False,Sold Out,0,https://cavaathleisure.com/products/basic-overlap-tees-pack-of-3
https://cavaathleisure.com,10030231814460,Basic Overlap Tees - Pack of 3,Women's T-shirts,CAVA Athleisure Pvt Ltd,51719513407804,S,WTPST2BKBNNYS,3313.00,False,Sold Out,0,https://cavaathleisure.com/products/basic-overlap-tees-pack-of-3
https://cavaathleisure.com,10030231814460,Basic Overlap Tees - Pack of 3,Women's T-shirts,CAVA Athleisure Pvt Ltd,51719513440572,M,WTPST2BKBNNYM,3313.00,False,Sold Out,0,https://cavaathleisure.com/products/basic-overlap-tees-pack-of-3
https://cavaathleisure.com,10030231814460,Basic Overlap Tees - Pack of 3,Women's T-shirts,CAVA Athleisure Pvt Ltd,51719513473340,L,WTPST2BKBNNYL,3313.00,False,Sold Out,0,https://cavaathleisure.com/products/basic-overlap-tees-pack-of-3
https://cavaathleisure.com,10030231814460,Basic Overlap Tees - Pack of 3,Women's T-shirts,CAVA Athleisure Pvt Ltd,51719513506108,XL,WTPST2BKBNNYXL,3313.00,False,Sold Out,0,https://cavaathleisure.com/products/basic-overlap-tees-pack-of-3
https://cavaathleisure.com,10030231814460,Basic Overlap Tees - Pack of 3,Women's T-shirts,CAVA Athleisure Pvt Ltd,51719513538876,XXL,WTPST2BKBNNYXXL,3313.00,False,Sold Out,0,https://cavaathleisure.com/products/basic-overlap-tees-pack-of-3
https://cavaathleisure.com,10041196675388,Cobalt Silhouette Zip Top,Women's Tops,CAVA Athleisure Pvt Ltd,51733329084732,XS,WTP14ACU03BLXS,850.00,True,Available,1,https://cavaathleisure.com/products/cobalt-silhouette-zip-top
https://cavaathleisure.com,10041196675388,Cobalt Silhouette Zip Top,Women's Tops,CAVA Athleisure Pvt Ltd,51733329117500,S,WTP14ACU03BLS,850.00,True,Available,1,https://cavaathleisure.com/products/cobalt-silhouette-zip-top
https://cavaathleisure.com,10041196675388,Cobalt Silhouette Zip Top,Women's Tops,CAVA Athleisure Pvt Ltd,51733329150268,M,WTP14ACU03BLM,850.00,False,Sold Out,0,https://cavaathleisure.com/products/cobalt-silhouette-zip-top
https://cavaathleisure.com,10041196675388,Cobalt Silhouette Zip Top,Women's Tops,CAVA Athleisure Pvt Ltd,51733329183036,L,WTP14ACU03BLL,850.00,False,Sold Out,0,https://cavaathleisure.com/products/cobalt-silhouette-zip-top
https://cavaathleisure.com,10041196675388,Cobalt Silhouette Zip Top,Women's Tops,CAVA Athleisure Pvt Ltd,51733329215804,XL,WTP14ACU03BLXL,850.00,True,Available,1,https://cavaathleisure.com/products/cobalt-silhouette-zip-top
https://cavaathleisure.com,10041196675388,Cobalt Silhouette Zip Top,Women's Tops,CAVA Athleisure Pvt Ltd,51733329248572,XXL,WTP14ACU03BLXXL,850.00,False,Sold Out,0,https://cavaathleisure.com/products/cobalt-silhouette-zip-top
https://cavaathleisure.com,10019845833020,Cream Cava Oversized Jersey,Men's T-shirts,CAVA Athleisure Pvt Ltd,51672937595196,S,MTS1601WHS,949.00,False,Sold Out,0,https://cavaathleisure.com/products/cream-cava-oversized-jersey
https://cavaathleisure.com,10019845833020,Cream Cava Oversized Jersey,Men's T-shirts,CAVA Athleisure Pvt Ltd,51672937627964,M,MTS1601WHM,949.00,False,Sold Out,0,https://cavaathleisure.com/products/cream-cava-oversized-jersey
https://cavaathleisure.com,10019845833020,Cream Cava Oversized Jersey,Men's T-shirts,CAVA Athleisure Pvt Ltd,51672937660732,L,MTS1601WHL,949.00,False,Sold Out,0,https://cavaathleisure.com/products/cream-cava-oversized-jersey
https://cavaathleisure.com,10019845833020,Cream Cava Oversized Jersey,Men's T-shirts,CAVA Athleisure Pvt Ltd,51672937693500,XL,MTS1601WHXL,949.00,False,Sold Out,0,https://cavaathleisure.com/products/cream-cava-oversized-jersey
https://cavaathleisure.com,10019845833020,Cream Cava Oversized Jersey,Men's T-shirts,CAVA Athleisure Pvt Ltd,51672937726268,XXL,MTS1601WHXXL,949.00,False,Sold Out,0,https://cavaathleisure.com/products/cream-cava-oversized-jersey
https://cavaathleisure.com,10019845275964,Black Cava Oversized Jersey,Men's T-shirts,CAVA Athleisure Pvt Ltd,51672935727420,S,MTS1601BKS,949.00,False,Sold Out,0,https://cavaathleisure.com/products/black-cava-oversized-jersey
https://cavaathleisure.com,10019845275964,Black Cava Oversized Jersey,Men's T-shirts,CAVA Athleisure Pvt Ltd,51672935760188,M,MTS1601BKM,949.00,False,Sold Out,0,https://cavaathleisure.com/products/black-cava-oversized-jersey
https://cavaathleisure.com,10019845275964,Black Cava Oversized Jersey,Men's T-shirts,CAVA Athleisure Pvt Ltd,51672935792956,L,MTS1601BKL,949.00,False,Sold Out,0,https://cavaathleisure.com/products/black-cava-oversized-jersey
https://cavaathleisure.com,10019845275964,Black Cava Oversized Jersey,Men's T-shirts,CAVA Athleisure Pvt Ltd,51672935825724,XL,MTS1601BKXL,949.00,False,Sold Out,0,https://cavaathleisure.com/products/black-cava-oversized-jersey
https://cavaathleisure.com,10019845275964,Black Cava Oversized Jersey,Men's T-shirts,CAVA Athleisure Pvt Ltd,51672935858492,XXL,MTS1601BKXXL,949.00,False,Sold Out,0,https://cavaathleisure.com/products/black-cava-oversized-jersey
https://cavaathleisure.com,10019846390076,Steel Blue Cava Oversized Jersey,Men's T-shirts,CAVA Athleisure Pvt Ltd,51672941527356,S,MTS1601GYS,1044.00,False,Sold Out,0,https://cavaathleisure.com/products/steel-blue-cava-oversized-jersey
https://cavaathleisure.com,10019846390076,Steel Blue Cava Oversized Jersey,Men's T-shirts,CAVA Athleisure Pvt Ltd,51672941560124,M,MTS1601GYM,1044.00,False,Sold Out,0,https://cavaathleisure.com/products/steel-blue-cava-oversized-jersey
https://cavaathleisure.com,10019846390076,Steel Blue Cava Oversized Jersey,Men's T-shirts,CAVA Athleisure Pvt Ltd,51672941592892,L,MTS1601GYL,1044.00,False,Sold Out,0,https://cavaathleisure.com/products/steel-blue-cava-oversized-jersey
https://cavaathleisure.com,10019846390076,Steel Blue Cava Oversized Jersey,Men's T-shirts,CAVA Athleisure Pvt Ltd,51672941625660,XL,MTS1601GYXL,1044.00,True,Available,1,https://cavaathleisure.com/products/steel-blue-cava-oversized-jersey
https://cavaathleisure.com,10019846390076,Steel Blue Cava Oversized Jersey,Men's T-shirts,CAVA Athleisure Pvt Ltd,51672941658428,XXL,MTS1601GYXXL,1044.00,False,Sold Out,0,https://cavaathleisure.com/products/steel-blue-cava-oversized-jersey
https://cavaathleisure.com,10016075481404,White Contrast Trim Top,Women's Tops,CAVA Athleisure Pvt Ltd,51655735968060,XS,WSB1401WHXS,630.00,False,Sold Out,0,https://cavaathleisure.com/products/white-contrast-trim-top
https://cavaathleisure.com,10016075481404,White Contrast Trim Top,Women's Tops,CAVA Athleisure Pvt Ltd,51655736000828,S,WSB1401WHS,630.00,False,Sold Out,0,https://cavaathleisure.com/products/white-contrast-trim-top
https://cavaathleisure.com,10016075481404,White Contrast Trim Top,Women's Tops,CAVA Athleisure Pvt Ltd,51655736033596,M,WSB1401WHM,630.00,False,Sold Out,0,https://cavaathleisure.com/products/white-contrast-trim-top
https://cavaathleisure.com,10016075481404,White Contrast Trim Top,Women's Tops,CAVA Athleisure Pvt Ltd,51655736066364,L,WSB1401WHL,630.00,False,Sold Out,0,https://cavaathleisure.com/products/white-contrast-trim-top
https://cavaathleisure.com,10016075481404,White Contrast Trim Top,Women's Tops,CAVA Athleisure Pvt Ltd,51655736099132,XL,WSB1401WHXL,630.00,False,Sold Out,0,https://cavaathleisure.com/products/white-contrast-trim-top
https://cavaathleisure.com,10016075481404,White Contrast Trim Top,Women's Tops,CAVA Athleisure Pvt Ltd,51655736131900,XXL,WSB1401WHXXL,630.00,False,Sold Out,0,https://cavaathleisure.com/products/white-contrast-trim-top
https://cavaathleisure.com,10016039567676,Black Contrast Trim Top,Women's Tops,CAVA Athleisure Pvt Ltd,51655644021052,XS,WSB1401BKXS,630.00,False,Sold Out,0,https://cavaathleisure.com/products/black-contrast-trim-top
https://cavaathleisure.com,10016039567676,Black Contrast Trim Top,Women's Tops,CAVA Athleisure Pvt Ltd,51655644053820,S,WSB1401BKS,630.00,False,Sold Out,0,https://cavaathleisure.com/products/black-contrast-trim-top
https://cavaathleisure.com,10016039567676,Black Contrast Trim Top,Women's Tops,CAVA Athleisure Pvt Ltd,51655644086588,M,WSB1401BKM,630.00,False,Sold Out,0,https://cavaathleisure.com/products/black-contrast-trim-top
https://cavaathleisure.com,10016039567676,Black Contrast Trim Top,Women's Tops,CAVA Athleisure Pvt Ltd,51655644119356,L,WSB1401BKL,630.00,False,Sold Out,0,https://cavaathleisure.com/products/black-contrast-trim-top
https://cavaathleisure.com,10016039567676,Black Contrast Trim Top,Women's Tops,CAVA Athleisure Pvt Ltd,51655644152124,XL,WSB1401BKXL,630.00,False,Sold Out,0,https://cavaathleisure.com/products/black-contrast-trim-top
https://cavaathleisure.com,10016039567676,Black Contrast Trim Top,Women's Tops,CAVA Athleisure Pvt Ltd,51655644184892,XXL,WSB1401BKXXL,630.00,False,Sold Out,0,https://cavaathleisure.com/products/black-contrast-trim-top
https://cavaathleisure.com,10015536939324,Baby Pink Contour Jacket 1.0,Women's Jackets,CAVA Athleisure Pvt Ltd,51653798822204,S,WJK1417PNS,2399.00,False,Sold Out,0,https://cavaathleisure.com/products/baby-pink-contour-jacket-1-0
https://cavaathleisure.com,10015536939324,Baby Pink Contour Jacket 1.0,Women's Jackets,CAVA Athleisure Pvt Ltd,51653798854972,M,WJK1417PNM,2399.00,False,Sold Out,0,https://cavaathleisure.com/products/baby-pink-contour-jacket-1-0
https://cavaathleisure.com,10015536939324,Baby Pink Contour Jacket 1.0,Women's Jackets,CAVA Athleisure Pvt Ltd,51653798887740,L,WJK1417PNL,2399.00,False,Sold Out,0,https://cavaathleisure.com/products/baby-pink-contour-jacket-1-0
https://cavaathleisure.com,10015536939324,Baby Pink Contour Jacket 1.0,Women's Jackets,CAVA Athleisure Pvt Ltd,51653798920508,XL,WJK1417PNXL,2399.00,False,Sold Out,0,https://cavaathleisure.com/products/baby-pink-contour-jacket-1-0
https://cavaathleisure.com,10019842752828,Black Graphic Oversized Tee - Men,Men's T-shirts,CAVA Athleisure Pvt Ltd,51672929468732,S,MTS1602PBKS,699.00,False,Sold Out,0,https://cavaathleisure.com/products/black-graphic-oversized-tee-men
https://cavaathleisure.com,10019842752828,Black Graphic Oversized Tee - Men,Men's T-shirts,CAVA Athleisure Pvt Ltd,51672929501500,M,MTS1602PBKM,699.00,False,Sold Out,0,https://cavaathleisure.com/products/black-graphic-oversized-tee-men
https://cavaathleisure.com,10019842752828,Black Graphic Oversized Tee - Men,Men's T-shirts,CAVA Athleisure Pvt Ltd,51672929534268,L,MTS1602PBKL,699.00,True,Available,1,https://cavaathleisure.com/products/black-graphic-oversized-tee-men
https://cavaathleisure.com,10019842752828,Black Graphic Oversized Tee - Men,Men's T-shirts,CAVA Athleisure Pvt Ltd,51672929567036,XL,MTS1602PBKXL,699.00,True,Available,1,https://cavaathleisure.com/products/black-graphic-oversized-tee-men
https://cavaathleisure.com,10019842752828,Black Graphic Oversized Tee - Men,Men's T-shirts,CAVA Athleisure Pvt Ltd,51672929599804,XXL,MTS1602PBKXXL,699.00,True,Available,1,https://cavaathleisure.com/products/black-graphic-oversized-tee-men
https://cavaathleisure.com,10016075940156,Burgundy Contrast Trim Top,Women's Tops,CAVA Athleisure Pvt Ltd,51655737344316,XS,WSB1401RDXS,630.00,False,Sold Out,0,https://cavaathleisure.com/products/burgundy-contrast-trim-top
https://cavaathleisure.com,10016075940156,Burgundy Contrast Trim Top,Women's Tops,CAVA Athleisure Pvt Ltd,51655737377084,S,WSB1401RDS,630.00,True,Available,1,https://cavaathleisure.com/products/burgundy-contrast-trim-top
https://cavaathleisure.com,10016075940156,Burgundy Contrast Trim Top,Women's Tops,CAVA Athleisure Pvt Ltd,51655737409852,M,WSB1401RDM,630.00,True,Available,1,https://cavaathleisure.com/products/burgundy-contrast-trim-top
https://cavaathleisure.com,10016075940156,Burgundy Contrast Trim Top,Women's Tops,CAVA Athleisure Pvt Ltd,51655737442620,L,WSB1401RDL,630.00,True,Available,1,https://cavaathleisure.com/products/burgundy-contrast-trim-top
https://cavaathleisure.com,10016075940156,Burgundy Contrast Trim Top,Women's Tops,CAVA Athleisure Pvt Ltd,51655737475388,XL,WSB1401RDXL,630.00,False,Sold Out,0,https://cavaathleisure.com/products/burgundy-contrast-trim-top
https://cavaathleisure.com,10016075940156,Burgundy Contrast Trim Top,Women's Tops,CAVA Athleisure Pvt Ltd,51655737508156,XXL,WSB1401RDXXL,630.00,False,Sold Out,0,https://cavaathleisure.com/products/burgundy-contrast-trim-top
https://cavaathleisure.com,10019845210428,Steel Blue Graphic Oversized Tee - Men,Men's T-shirts,CAVA Athleisure Pvt Ltd,51672935334204,S,MTS1602PNYS,699.00,True,Available,1,https://cavaathleisure.com/products/steel-blue-graphic-oversized-tee-men
https://cavaathleisure.com,10019845210428,Steel Blue Graphic Oversized Tee - Men,Men's T-shirts,CAVA Athleisure Pvt Ltd,51672935366972,M,MTS1602PNYM,699.00,True,Available,1,https://cavaathleisure.com/products/steel-blue-graphic-oversized-tee-men
https://cavaathleisure.com,10019845210428,Steel Blue Graphic Oversized Tee - Men,Men's T-shirts,CAVA Athleisure Pvt Ltd,51672935399740,L,MTS1602PNYL,699.00,False,Sold Out,0,https://cavaathleisure.com/products/steel-blue-graphic-oversized-tee-men
https://cavaathleisure.com,10019845210428,Steel Blue Graphic Oversized Tee - Men,Men's T-shirts,CAVA Athleisure Pvt Ltd,51672935432508,XL,MTS1602PNYXL,699.00,True,Available,1,https://cavaathleisure.com/products/steel-blue-graphic-oversized-tee-men
https://cavaathleisure.com,10019845210428,Steel Blue Graphic Oversized Tee - Men,Men's T-shirts,CAVA Athleisure Pvt Ltd,51672935465276,XXL,MTS1602PNYXXL,699.00,True,Available,1,https://cavaathleisure.com/products/steel-blue-graphic-oversized-tee-men
https://cavaathleisure.com,10015501222204,Sky Blue Contour Jacket 1.0,Women's Jackets,CAVA Athleisure Pvt Ltd,51655531299132,S,WJK1417BLS,2399.00,False,Sold Out,0,https://cavaathleisure.com/products/sky-blue-contour-jacket-1-0
https://cavaathleisure.com,10015501222204,Sky Blue Contour Jacket 1.0,Women's Jackets,CAVA Athleisure Pvt Ltd,51655531331900,M,WJK1417BLM,2399.00,False,Sold Out,0,https://cavaathleisure.com/products/sky-blue-contour-jacket-1-0
https://cavaathleisure.com,10015501222204,Sky Blue Contour Jacket 1.0,Women's Jackets,CAVA Athleisure Pvt Ltd,51655531364668,L,WJK1417BLL,2399.00,False,Sold Out,0,https://cavaathleisure.com/products/sky-blue-contour-jacket-1-0
https://cavaathleisure.com,10015501222204,Sky Blue Contour Jacket 1.0,Women's Jackets,CAVA Athleisure Pvt Ltd,51655531397436,XL,WJK1417BLXL,2399.00,False,Sold Out,0,https://cavaathleisure.com/products/sky-blue-contour-jacket-1-0
https://cavaathleisure.com,10015343149372,Steel Blue Graphic Oversized Tee - Women,Women's T-shirts,CAVA Athleisure Pvt Ltd,51653147361596,XS,WTS1606NYXS,1049.00,False,Sold Out,0,https://cavaathleisure.com/products/steel-blue-graphic-oversized-tee-women
https://cavaathleisure.com,10015343149372,Steel Blue Graphic Oversized Tee - Women,Women's T-shirts,CAVA Athleisure Pvt Ltd,51653147394364,S,WTS1606NYS,1049.00,False,Sold Out,0,https://cavaathleisure.com/products/steel-blue-graphic-oversized-tee-women
https://cavaathleisure.com,10015343149372,Steel Blue Graphic Oversized Tee - Women,Women's T-shirts,CAVA Athleisure Pvt Ltd,51653147427132,M,WTS1606NYM,1049.00,False,Sold Out,0,https://cavaathleisure.com/products/steel-blue-graphic-oversized-tee-women
https://cavaathleisure.com,10015343149372,Steel Blue Graphic Oversized Tee - Women,Women's T-shirts,CAVA Athleisure Pvt Ltd,51653147459900,L,WTS1606NYL,1049.00,False,Sold Out,0,https://cavaathleisure.com/products/steel-blue-graphic-oversized-tee-women
https://cavaathleisure.com,10015343149372,Steel Blue Graphic Oversized Tee - Women,Women's T-shirts,CAVA Athleisure Pvt Ltd,51653147492668,XL,WTS1606NYXL,1049.00,False,Sold Out,0,https://cavaathleisure.com/products/steel-blue-graphic-oversized-tee-women
https://cavaathleisure.com,10015343149372,Steel Blue Graphic Oversized Tee - Women,Women's T-shirts,CAVA Athleisure Pvt Ltd,51653147525436,XXL,WTS1606NYXXL,1049.00,False,Sold Out,0,https://cavaathleisure.com/products/steel-blue-graphic-oversized-tee-women
https://cavaathleisure.com,10015343214908,Black Contour Jacket 1.0,Women's Jackets,CAVA Athleisure Pvt Ltd,51653150114108,S,WJK1417BKS,2399.00,False,Sold Out,0,https://cavaathleisure.com/products/black-contour-jacket-1-0
https://cavaathleisure.com,10015343214908,Black Contour Jacket 1.0,Women's Jackets,CAVA Athleisure Pvt Ltd,51653150146876,M,WJK1417BKM,2399.00,False,Sold Out,0,https://cavaathleisure.com/products/black-contour-jacket-1-0
https://cavaathleisure.com,10015343214908,Black Contour Jacket 1.0,Women's Jackets,CAVA Athleisure Pvt Ltd,51653150179644,L,WJK1417BKL,2399.00,False,Sold Out,0,https://cavaathleisure.com/products/black-contour-jacket-1-0
https://cavaathleisure.com,10015343214908,Black Contour Jacket 1.0,Women's Jackets,CAVA Athleisure Pvt Ltd,51653150212412,XL,WJK1417BKXL,2399.00,False,Sold Out,0,https://cavaathleisure.com/products/black-contour-jacket-1-0
https://cavaathleisure.com,10015370510652,Ivory Contour Jacket 1.0,Women's Jackets,CAVA Athleisure Pvt Ltd,51653258150204,S,WJK1417WHS,2399.00,False,Sold Out,0,https://cavaathleisure.com/products/ivory-contour-jacket-1-0
https://cavaathleisure.com,10015370510652,Ivory Contour Jacket 1.0,Women's Jackets,CAVA Athleisure Pvt Ltd,51653258182972,M,WJK1417WHM,2399.00,False,Sold Out,0,https://cavaathleisure.com/products/ivory-contour-jacket-1-0
https://cavaathleisure.com,10015370510652,Ivory Contour Jacket 1.0,Women's Jackets,CAVA Athleisure Pvt Ltd,51653258215740,L,WJK1417WHL,2399.00,False,Sold Out,0,https://cavaathleisure.com/products/ivory-contour-jacket-1-0
https://cavaathleisure.com,10015370510652,Ivory Contour Jacket 1.0,Women's Jackets,CAVA Athleisure Pvt Ltd,51653258248508,XL,WJK1417WHXL,2399.00,False,Sold Out,0,https://cavaathleisure.com/products/ivory-contour-jacket-1-0
https://cavaathleisure.com,10015341084988,Black Graphic Oversized Tee - Women,Women's T-shirts,CAVA Athleisure Pvt Ltd,51653109219644,XS,WTS1606BKXS,1049.00,False,Sold Out,0,https://cavaathleisure.com/products/black-graphic-oversized-tee-women
https://cavaathleisure.com,10015341084988,Black Graphic Oversized Tee - Women,Women's T-shirts,CAVA Athleisure Pvt Ltd,51653109252412,S,WTS1606BKS,1049.00,False,Sold Out,0,https://cavaathleisure.com/products/black-graphic-oversized-tee-women
https://cavaathleisure.com,10015341084988,Black Graphic Oversized Tee - Women,Women's T-shirts,CAVA Athleisure Pvt Ltd,51653109285180,M,WTS1606BKM,1049.00,False,Sold Out,0,https://cavaathleisure.com/products/black-graphic-oversized-tee-women
https://cavaathleisure.com,10015341084988,Black Graphic Oversized Tee - Women,Women's T-shirts,CAVA Athleisure Pvt Ltd,51653109317948,L,WTS1606BKL,1049.00,False,Sold Out,0,https://cavaathleisure.com/products/black-graphic-oversized-tee-women
https://cavaathleisure.com,10015341084988,Black Graphic Oversized Tee - Women,Women's T-shirts,CAVA Athleisure Pvt Ltd,51653109350716,XL,WTS1606BKXL,1049.00,False,Sold Out,0,https://cavaathleisure.com/products/black-graphic-oversized-tee-women
https://cavaathleisure.com,10015341084988,Black Graphic Oversized Tee - Women,Women's T-shirts,CAVA Athleisure Pvt Ltd,51653109383484,XXL,WTS1606BKXXL,1049.00,False,Sold Out,0,https://cavaathleisure.com/products/black-graphic-oversized-tee-women
https://cavaathleisure.com,10014555078972,Lime Overlap Tank,Women's Tanks,CAVA Athleisure Pvt Ltd,51651082027324,XS,WTN104GRXS,949.00,False,Sold Out,0,https://cavaathleisure.com/products/lime-overlap-tank
https://cavaathleisure.com,10014555078972,Lime Overlap Tank,Women's Tanks,CAVA Athleisure Pvt Ltd,51651082060092,S,WTN104GRS,949.00,False,Sold Out,0,https://cavaathleisure.com/products/lime-overlap-tank
https://cavaathleisure.com,10014555078972,Lime Overlap Tank,Women's Tanks,CAVA Athleisure Pvt Ltd,51651082092860,M,WTN104GRM,949.00,False,Sold Out,0,https://cavaathleisure.com/products/lime-overlap-tank
https://cavaathleisure.com,10014555078972,Lime Overlap Tank,Women's Tanks,CAVA Athleisure Pvt Ltd,51651082125628,L,WTN104GRL,949.00,False,Sold Out,0,https://cavaathleisure.com/products/lime-overlap-tank
https://cavaathleisure.com,10014555078972,Lime Overlap Tank,Women's Tanks,CAVA Athleisure Pvt Ltd,51651082158396,XL,WTN104GRXL,949.00,False,Sold Out,0,https://cavaathleisure.com/products/lime-overlap-tank
https://cavaathleisure.com,10014555078972,Lime Overlap Tank,Women's Tanks,CAVA Athleisure Pvt Ltd,51651082191164,XXL,WTN104GRXXL,949.00,False,Sold Out,0,https://cavaathleisure.com/products/lime-overlap-tank
https://cavaathleisure.com,10014517231932,Black Overlap Tank,Women's Tanks,CAVA Athleisure Pvt Ltd,51650922250556,XS,WTN104BKXS,949.00,False,Sold Out,0,https://cavaathleisure.com/products/black-overlap-tank
https://cavaathleisure.com,10014517231932,Black Overlap Tank,Women's Tanks,CAVA Athleisure Pvt Ltd,51650922283324,S,WTN104BKS,949.00,False,Sold Out,0,https://cavaathleisure.com/products/black-overlap-tank
https://cavaathleisure.com,10014517231932,Black Overlap Tank,Women's Tanks,CAVA Athleisure Pvt Ltd,51650922316092,M,WTN104BKM,949.00,False,Sold Out,0,https://cavaathleisure.com/products/black-overlap-tank
https://cavaathleisure.com,10014517231932,Black Overlap Tank,Women's Tanks,CAVA Athleisure Pvt Ltd,51650922348860,L,WTN104BKL,949.00,False,Sold Out,0,https://cavaathleisure.com/products/black-overlap-tank
https://cavaathleisure.com,10014517231932,Black Overlap Tank,Women's Tanks,CAVA Athleisure Pvt Ltd,51650922381628,XL,WTN104BKXL,949.00,False,Sold Out,0,https://cavaathleisure.com/products/black-overlap-tank
https://cavaathleisure.com,10014517231932,Black Overlap Tank,Women's Tanks,CAVA Athleisure Pvt Ltd,51650922414396,XXL,WTN104BKXXL,949.00,True,Available,1,https://cavaathleisure.com/products/black-overlap-tank
https://cavaathleisure.com,10014553964860,Cobalt Overlap Tank,Women's Tanks,CAVA Athleisure Pvt Ltd,51651078521148,XS,WTN104NY2XS,949.00,True,Available,1,https://cavaathleisure.com/products/cobalt-overlap-tank
https://cavaathleisure.com,10014553964860,Cobalt Overlap Tank,Women's Tanks,CAVA Athleisure Pvt Ltd,51651078553916,S,WTN104NY2S,949.00,False,Sold Out,0,https://cavaathleisure.com/products/cobalt-overlap-tank
https://cavaathleisure.com,10014553964860,Cobalt Overlap Tank,Women's Tanks,CAVA Athleisure Pvt Ltd,51651078586684,M,WTN104NY2M,949.00,False,Sold Out,0,https://cavaathleisure.com/products/cobalt-overlap-tank
https://cavaathleisure.com,10014553964860,Cobalt Overlap Tank,Women's Tanks,CAVA Athleisure Pvt Ltd,51651078619452,L,WTN104NY2L,949.00,False,Sold Out,0,https://cavaathleisure.com/products/cobalt-overlap-tank
https://cavaathleisure.com,10014553964860,Cobalt Overlap Tank,Women's Tanks,CAVA Athleisure Pvt Ltd,51651078652220,XL,WTN104NY2XL,949.00,False,Sold Out,0,https://cavaathleisure.com/products/cobalt-overlap-tank
https://cavaathleisure.com,10014553964860,Cobalt Overlap Tank,Women's Tanks,CAVA Athleisure Pvt Ltd,51651078684988,XXL,WTN104NY2XXL,949.00,True,Available,1,https://cavaathleisure.com/products/cobalt-overlap-tank
https://cavaathleisure.com,10019850617148,Cement Contrast Bonded Polo,Men's T-shirts,CAVA Athleisure Pvt Ltd,51672952865084,S,MTS1405GYS,999.00,True,Available,1,https://cavaathleisure.com/products/cement-contrast-bonded-polo
https://cavaathleisure.com,10019850617148,Cement Contrast Bonded Polo,Men's T-shirts,CAVA Athleisure Pvt Ltd,51672952897852,M,MTS1405GYM,999.00,False,Sold Out,0,https://cavaathleisure.com/products/cement-contrast-bonded-polo
https://cavaathleisure.com,10019850617148,Cement Contrast Bonded Polo,Men's T-shirts,CAVA Athleisure Pvt Ltd,51672952930620,L,MTS1405GYL,999.00,False,Sold Out,0,https://cavaathleisure.com/products/cement-contrast-bonded-polo
https://cavaathleisure.com,10019850617148,Cement Contrast Bonded Polo,Men's T-shirts,CAVA Athleisure Pvt Ltd,51672952963388,XL,MTS1405GYXL,999.00,False,Sold Out,0,https://cavaathleisure.com/products/cement-contrast-bonded-polo
https://cavaathleisure.com,10019850617148,Cement Contrast Bonded Polo,Men's T-shirts,CAVA Athleisure Pvt Ltd,51672952996156,XXL,MTS1405GYXXL,999.00,True,Available,1,https://cavaathleisure.com/products/cement-contrast-bonded-polo
https://cavaathleisure.com,10019850453308,Black Contrast Bonded Polo,Men's T-shirts,CAVA Athleisure Pvt Ltd,51672952471868,S,MTS1405BKS,999.00,True,Available,1,https://cavaathleisure.com/products/black-contrast-bonded-polo
https://cavaathleisure.com,10019850453308,Black Contrast Bonded Polo,Men's T-shirts,CAVA Athleisure Pvt Ltd,51672952504636,M,MTS1405BKM,999.00,False,Sold Out,0,https://cavaathleisure.com/products/black-contrast-bonded-polo
https://cavaathleisure.com,10019850453308,Black Contrast Bonded Polo,Men's T-shirts,CAVA Athleisure Pvt Ltd,51672952537404,L,MTS1405BKL,999.00,False,Sold Out,0,https://cavaathleisure.com/products/black-contrast-bonded-polo
https://cavaathleisure.com,10019850453308,Black Contrast Bonded Polo,Men's T-shirts,CAVA Athleisure Pvt Ltd,51672952570172,XL,MTS1405BKXL,999.00,False,Sold Out,0,https://cavaathleisure.com/products/black-contrast-bonded-polo
https://cavaathleisure.com,10019850453308,Black Contrast Bonded Polo,Men's T-shirts,CAVA Athleisure Pvt Ltd,51672952602940,XXL,MTS1405BKXXL,999.00,True,Available,1,https://cavaathleisure.com/products/black-contrast-bonded-polo
https://cavaathleisure.com,10019855663420,Black Stride Golf Shorts,Men's Shorts,CAVA Athleisure Pvt Ltd,51672963678524,30,MSH112BK30,1049.00,True,Available,1,https://cavaathleisure.com/products/black-stride-golf-shorts
https://cavaathleisure.com,10019855663420,Black Stride Golf Shorts,Men's Shorts,CAVA Athleisure Pvt Ltd,51672963711292,32,MSH112BK32,1049.00,True,Available,1,https://cavaathleisure.com/products/black-stride-golf-shorts
https://cavaathleisure.com,10019855663420,Black Stride Golf Shorts,Men's Shorts,CAVA Athleisure Pvt Ltd,51672963744060,34,MSH112BK34,1049.00,True,Available,1,https://cavaathleisure.com/products/black-stride-golf-shorts
https://cavaathleisure.com,10019855663420,Black Stride Golf Shorts,Men's Shorts,CAVA Athleisure Pvt Ltd,51672963776828,36,MSH112BK36,1049.00,True,Available,1,https://cavaathleisure.com/products/black-stride-golf-shorts
https://cavaathleisure.com,10019855663420,Black Stride Golf Shorts,Men's Shorts,CAVA Athleisure Pvt Ltd,51672963809596,38,MSH112BK38,1049.00,False,Sold Out,0,https://cavaathleisure.com/products/black-stride-golf-shorts
https://cavaathleisure.com,10019864903996,Charcoal Stride Golf Shorts,Men's Shorts,CAVA Athleisure Pvt Ltd,51672987140412,30,MSH112BL30,1049.00,True,Available,1,https://cavaathleisure.com/products/charcoal-stride-golf-shorts
https://cavaathleisure.com,10019864903996,Charcoal Stride Golf Shorts,Men's Shorts,CAVA Athleisure Pvt Ltd,51672987173180,32,MSH112BL32,1049.00,True,Available,1,https://cavaathleisure.com/products/charcoal-stride-golf-shorts
https://cavaathleisure.com,10019864903996,Charcoal Stride Golf Shorts,Men's Shorts,CAVA Athleisure Pvt Ltd,51672987205948,34,MSH112BL34,1049.00,True,Available,1,https://cavaathleisure.com/products/charcoal-stride-golf-shorts
https://cavaathleisure.com,10019864903996,Charcoal Stride Golf Shorts,Men's Shorts,CAVA Athleisure Pvt Ltd,51672987238716,36,MSH112BL36,1049.00,True,Available,1,https://cavaathleisure.com/products/charcoal-stride-golf-shorts
https://cavaathleisure.com,10019864903996,Charcoal Stride Golf Shorts,Men's Shorts,CAVA Athleisure Pvt Ltd,51672987271484,38,MSH112BL38,1049.00,True,Available,1,https://cavaathleisure.com/products/charcoal-stride-golf-shorts
https://cavaathleisure.com,10019426730300,Cream Solid Oversized Tee - Men,Men's T-shirts,CAVA Athleisure Pvt Ltd,51671494328636,S,MTS1602SWHS,749.00,False,Sold Out,0,https://cavaathleisure.com/products/cream-solid-oversized-tee-men
https://cavaathleisure.com,10019426730300,Cream Solid Oversized Tee - Men,Men's T-shirts,CAVA Athleisure Pvt Ltd,51671494361404,M,MTS1602SWHM,749.00,False,Sold Out,0,https://cavaathleisure.com/products/cream-solid-oversized-tee-men
https://cavaathleisure.com,10019426730300,Cream Solid Oversized Tee - Men,Men's T-shirts,CAVA Athleisure Pvt Ltd,51671494394172,L,MTS1602SWHL,749.00,False,Sold Out,0,https://cavaathleisure.com/products/cream-solid-oversized-tee-men
https://cavaathleisure.com,10019426730300,Cream Solid Oversized Tee - Men,Men's T-shirts,CAVA Athleisure Pvt Ltd,51671494426940,XL,MTS1602SWHXL,749.00,False,Sold Out,0,https://cavaathleisure.com/products/cream-solid-oversized-tee-men
https://cavaathleisure.com,10019426730300,Cream Solid Oversized Tee - Men,Men's T-shirts,CAVA Athleisure Pvt Ltd,51671494459708,XXL,MTS1602SWHXXL,749.00,False,Sold Out,0,https://cavaathleisure.com/products/cream-solid-oversized-tee-men
https://cavaathleisure.com,10019430203708,Steel Blue Solid Oversized Tee - Men,Men's T-shirts,CAVA Athleisure Pvt Ltd,51671520805180,S,MTS1602SNYS,749.00,False,Sold Out,0,https://cavaathleisure.com/products/steel-blue-solid-oversized-tee-men
https://cavaathleisure.com,10019430203708,Steel Blue Solid Oversized Tee - Men,Men's T-shirts,CAVA Athleisure Pvt Ltd,51671520837948,M,MTS1602SNYM,749.00,False,Sold Out,0,https://cavaathleisure.com/products/steel-blue-solid-oversized-tee-men
https://cavaathleisure.com,10019430203708,Steel Blue Solid Oversized Tee - Men,Men's T-shirts,CAVA Athleisure Pvt Ltd,51671520870716,L,MTS1602SNYL,749.00,False,Sold Out,0,https://cavaathleisure.com/products/steel-blue-solid-oversized-tee-men
https://cavaathleisure.com,10019430203708,Steel Blue Solid Oversized Tee - Men,Men's T-shirts,CAVA Athleisure Pvt Ltd,51671520903484,XL,MTS1602SNYXL,749.00,False,Sold Out,0,https://cavaathleisure.com/products/steel-blue-solid-oversized-tee-men
https://cavaathleisure.com,10019430203708,Steel Blue Solid Oversized Tee - Men,Men's T-shirts,CAVA Athleisure Pvt Ltd,51671520936252,XXL,MTS1602SNYXXL,749.00,False,Sold Out,0,https://cavaathleisure.com/products/steel-blue-solid-oversized-tee-men
https://cavaathleisure.com,10019421815100,Black Solid Oversized Tee - Men,Men's T-shirts,CAVA Athleisure Pvt Ltd,51671470080316,S,MTS1602SBKS,749.00,False,Sold Out,0,https://cavaathleisure.com/products/black-solid-oversized-tee-men
https://cavaathleisure.com,10019421815100,Black Solid Oversized Tee - Men,Men's T-shirts,CAVA Athleisure Pvt Ltd,51671470113084,M,MTS1602SBKM,749.00,False,Sold Out,0,https://cavaathleisure.com/products/black-solid-oversized-tee-men
https://cavaathleisure.com,10019421815100,Black Solid Oversized Tee - Men,Men's T-shirts,CAVA Athleisure Pvt Ltd,51671470145852,L,MTS1602SBKL,749.00,False,Sold Out,0,https://cavaathleisure.com/products/black-solid-oversized-tee-men
https://cavaathleisure.com,10019421815100,Black Solid Oversized Tee - Men,Men's T-shirts,CAVA Athleisure Pvt Ltd,51671470178620,XL,MTS1602SBKXL,749.00,False,Sold Out,0,https://cavaathleisure.com/products/black-solid-oversized-tee-men
https://cavaathleisure.com,10019421815100,Black Solid Oversized Tee - Men,Men's T-shirts,CAVA Athleisure Pvt Ltd,51671470211388,XXL,MTS1602SBKXXL,749.00,False,Sold Out,0,https://cavaathleisure.com/products/black-solid-oversized-tee-men
https://cavaathleisure.com,10017808548156,Black Adaptive Track Pants,Women's Joggers,CAVA Athleisure Pvt Ltd,51663481274684,XS,WJR112BKXS,1150.00,False,Sold Out,0,https://cavaathleisure.com/products/black-adaptive-track-pants
https://cavaathleisure.com,10017808548156,Black Adaptive Track Pants,Women's Joggers,CAVA Athleisure Pvt Ltd,51663481307452,S,WJR112BKS,1150.00,False,Sold Out,0,https://cavaathleisure.com/products/black-adaptive-track-pants
https://cavaathleisure.com,10017808548156,Black Adaptive Track Pants,Women's Joggers,CAVA Athleisure Pvt Ltd,51663481340220,M,WJR112BKM,1150.00,False,Sold Out,0,https://cavaathleisure.com/products/black-adaptive-track-pants
https://cavaathleisure.com,10017808548156,Black Adaptive Track Pants,Women's Joggers,CAVA Athleisure Pvt Ltd,51663481372988,L,WJR112BKL,1150.00,False,Sold Out,0,https://cavaathleisure.com/products/black-adaptive-track-pants
https://cavaathleisure.com,10017808548156,Black Adaptive Track Pants,Women's Joggers,CAVA Athleisure Pvt Ltd,51663481405756,XL,WJR112BKXL,1150.00,False,Sold Out,0,https://cavaathleisure.com/products/black-adaptive-track-pants
https://cavaathleisure.com,10017808548156,Black Adaptive Track Pants,Women's Joggers,CAVA Athleisure Pvt Ltd,51663481438524,XXL,WJR112BKXXL,1150.00,False,Sold Out,0,https://cavaathleisure.com/products/black-adaptive-track-pants
https://cavaathleisure.com,10017737802044,Wine Adaptive Track Pants,Women's Joggers,CAVA Athleisure Pvt Ltd,51663361016124,XS,WJR112RDXS,1379.00,False,Sold Out,0,https://cavaathleisure.com/products/wine-adaptive-track-pants
https://cavaathleisure.com,10017737802044,Wine Adaptive Track Pants,Women's Joggers,CAVA Athleisure Pvt Ltd,51663361048892,S,WJR112RDS,1379.00,False,Sold Out,0,https://cavaathleisure.com/products/wine-adaptive-track-pants
https://cavaathleisure.com,10017737802044,Wine Adaptive Track Pants,Women's Joggers,CAVA Athleisure Pvt Ltd,51663361081660,M,WJR112RDM,1379.00,False,Sold Out,0,https://cavaathleisure.com/products/wine-adaptive-track-pants
https://cavaathleisure.com,10017737802044,Wine Adaptive Track Pants,Women's Joggers,CAVA Athleisure Pvt Ltd,51663361114428,L,WJR112RDL,1379.00,False,Sold Out,0,https://cavaathleisure.com/products/wine-adaptive-track-pants
https://cavaathleisure.com,10017737802044,Wine Adaptive Track Pants,Women's Joggers,CAVA Athleisure Pvt Ltd,51663361147196,XL,WJR112RDXL,1379.00,False,Sold Out,0,https://cavaathleisure.com/products/wine-adaptive-track-pants
https://cavaathleisure.com,10017737802044,Wine Adaptive Track Pants,Women's Joggers,CAVA Athleisure Pvt Ltd,51663361179964,XXL,WJR112RDXXL,1379.00,False,Sold Out,0,https://cavaathleisure.com/products/wine-adaptive-track-pants
https://cavaathleisure.com,10019850387772,Jade Contrast Bonded Polo,Men's T-shirts,CAVA Athleisure Pvt Ltd,51672952078652,S,MTS1405GRS,999.00,True,Available,1,https://cavaathleisure.com/products/jade-contrast-bonded-polo
https://cavaathleisure.com,10019850387772,Jade Contrast Bonded Polo,Men's T-shirts,CAVA Athleisure Pvt Ltd,51672952111420,M,MTS1405GRM,999.00,False,Sold Out,0,https://cavaathleisure.com/products/jade-contrast-bonded-polo
https://cavaathleisure.com,10019850387772,Jade Contrast Bonded Polo,Men's T-shirts,CAVA Athleisure Pvt Ltd,51672952144188,L,MTS1405GRL,999.00,False,Sold Out,0,https://cavaathleisure.com/products/jade-contrast-bonded-polo
https://cavaathleisure.com,10019850387772,Jade Contrast Bonded Polo,Men's T-shirts,CAVA Athleisure Pvt Ltd,51672952176956,XL,MTS1405GRXL,999.00,False,Sold Out,0,https://cavaathleisure.com/products/jade-contrast-bonded-polo
https://cavaathleisure.com,10019850387772,Jade Contrast Bonded Polo,Men's T-shirts,CAVA Athleisure Pvt Ltd,51672952209724,XXL,MTS1405GRXXL,999.00,True,Available,1,https://cavaathleisure.com/products/jade-contrast-bonded-polo
https://cavaathleisure.com,10019412476220,Cobalt Adaptive Track Pants,Women's Joggers,CAVA Athleisure Pvt Ltd,51671433871676,XS,WJR112NYXS,989.00,True,Available,1,https://cavaathleisure.com/products/cobalt-adaptive-track-pants
https://cavaathleisure.com,10019412476220,Cobalt Adaptive Track Pants,Women's Joggers,CAVA Athleisure Pvt Ltd,51671433904444,S,WJR112NYS,989.00,False,Sold Out,0,https://cavaathleisure.com/products/cobalt-adaptive-track-pants
https://cavaathleisure.com,10019412476220,Cobalt Adaptive Track Pants,Women's Joggers,CAVA Athleisure Pvt Ltd,51671433937212,M,WJR112NYM,989.00,False,Sold Out,0,https://cavaathleisure.com/products/cobalt-adaptive-track-pants
https://cavaathleisure.com,10019412476220,Cobalt Adaptive Track Pants,Women's Joggers,CAVA Athleisure Pvt Ltd,51671433969980,L,WJR112NYL,989.00,False,Sold Out,0,https://cavaathleisure.com/products/cobalt-adaptive-track-pants
https://cavaathleisure.com,10019412476220,Cobalt Adaptive Track Pants,Women's Joggers,CAVA Athleisure Pvt Ltd,51671434002748,XL,WJR112NYXL,989.00,False,Sold Out,0,https://cavaathleisure.com/products/cobalt-adaptive-track-pants
https://cavaathleisure.com,10019412476220,Cobalt Adaptive Track Pants,Women's Joggers,CAVA Athleisure Pvt Ltd,51671434035516,XXL,WJR112NYXXL,989.00,False,Sold Out,0,https://cavaathleisure.com/products/cobalt-adaptive-track-pants
https://cavaathleisure.com,10016909852988,Red Hourglass Snug Leggings,Leggings,CAVA Athleisure Pvt Ltd,51660445221180,XS,WLG1010RDXS,1299.00,False,Sold Out,0,https://cavaathleisure.com/products/red-hourglass-snug-leggings
https://cavaathleisure.com,10016909852988,Red Hourglass Snug Leggings,Leggings,CAVA Athleisure Pvt Ltd,51660445253948,S,WLG1010RDS,1299.00,False,Sold Out,0,https://cavaathleisure.com/products/red-hourglass-snug-leggings
https://cavaathleisure.com,10016909852988,Red Hourglass Snug Leggings,Leggings,CAVA Athleisure Pvt Ltd,51660445286716,M,WLG1010RDM,1299.00,False,Sold Out,0,https://cavaathleisure.com/products/red-hourglass-snug-leggings
https://cavaathleisure.com,10016909852988,Red Hourglass Snug Leggings,Leggings,CAVA Athleisure Pvt Ltd,51660445319484,L,WLG1010RDL,1299.00,False,Sold Out,0,https://cavaathleisure.com/products/red-hourglass-snug-leggings
https://cavaathleisure.com,10016909852988,Red Hourglass Snug Leggings,Leggings,CAVA Athleisure Pvt Ltd,51660445352252,XL,WLG1010RDXL,1299.00,False,Sold Out,0,https://cavaathleisure.com/products/red-hourglass-snug-leggings
https://cavaathleisure.com,10016909852988,Red Hourglass Snug Leggings,Leggings,CAVA Athleisure Pvt Ltd,51660445385020,XXL,WLG1010RDXXL,1299.00,False,Sold Out,0,https://cavaathleisure.com/products/red-hourglass-snug-leggings
https://cavaathleisure.com,10016913326396,Cobalt Hourglass Snug Leggings,Leggings,CAVA Athleisure Pvt Ltd,51660479365436,XS,WLG1005NYXS,1299.00,False,Sold Out,0,https://cavaathleisure.com/products/cobalt-hourglass-snug-leggings
https://cavaathleisure.com,10016913326396,Cobalt Hourglass Snug Leggings,Leggings,CAVA Athleisure Pvt Ltd,51660479398204,S,WLG1005NYS,1299.00,False,Sold Out,0,https://cavaathleisure.com/products/cobalt-hourglass-snug-leggings
https://cavaathleisure.com,10016913326396,Cobalt Hourglass Snug Leggings,Leggings,CAVA Athleisure Pvt Ltd,51660479430972,M,WLG1005NYM,1299.00,False,Sold Out,0,https://cavaathleisure.com/products/cobalt-hourglass-snug-leggings
https://cavaathleisure.com,10016913326396,Cobalt Hourglass Snug Leggings,Leggings,CAVA Athleisure Pvt Ltd,51660479463740,L,WLG1005NYL,1299.00,False,Sold Out,0,https://cavaathleisure.com/products/cobalt-hourglass-snug-leggings
https://cavaathleisure.com,10016913326396,Cobalt Hourglass Snug Leggings,Leggings,CAVA Athleisure Pvt Ltd,51660479496508,XL,WLG1005NYXL,1299.00,False,Sold Out,0,https://cavaathleisure.com/products/cobalt-hourglass-snug-leggings
https://cavaathleisure.com,10016913326396,Cobalt Hourglass Snug Leggings,Leggings,CAVA Athleisure Pvt Ltd,51660479529276,XXL,WLG1005NYXXL,1299.00,False,Sold Out,0,https://cavaathleisure.com/products/cobalt-hourglass-snug-leggings
https://cavaathleisure.com,10016179257660,Cobalt Hourglass Booty Shorts,Women's Shorts,CAVA Athleisure Pvt Ltd,51656242659644,XS,WSH1008BLXS,1099.00,False,Sold Out,0,https://cavaathleisure.com/products/cobalt-hourglass-booty-shorts
https://cavaathleisure.com,10016179257660,Cobalt Hourglass Booty Shorts,Women's Shorts,CAVA Athleisure Pvt Ltd,51656242692412,S,WSH1008BLS,1099.00,False,Sold Out,0,https://cavaathleisure.com/products/cobalt-hourglass-booty-shorts
https://cavaathleisure.com,10016179257660,Cobalt Hourglass Booty Shorts,Women's Shorts,CAVA Athleisure Pvt Ltd,51656242725180,M,WSH1008BLM,1099.00,False,Sold Out,0,https://cavaathleisure.com/products/cobalt-hourglass-booty-shorts
https://cavaathleisure.com,10016179257660,Cobalt Hourglass Booty Shorts,Women's Shorts,CAVA Athleisure Pvt Ltd,51656242757948,L,WSH1008BLL,1099.00,False,Sold Out,0,https://cavaathleisure.com/products/cobalt-hourglass-booty-shorts
https://cavaathleisure.com,10016179257660,Cobalt Hourglass Booty Shorts,Women's Shorts,CAVA Athleisure Pvt Ltd,51656242790716,XL,WSH1008BLXL,1099.00,False,Sold Out,0,https://cavaathleisure.com/products/cobalt-hourglass-booty-shorts
https://cavaathleisure.com,10016179257660,Cobalt Hourglass Booty Shorts,Women's Shorts,CAVA Athleisure Pvt Ltd,51656242823484,XXL,WSH1008BLXXL,1099.00,False,Sold Out,0,https://cavaathleisure.com/products/cobalt-hourglass-booty-shorts
https://cavaathleisure.com,10016177717564,Red Hourglass Booty Shorts,Women's Shorts,CAVA Athleisure Pvt Ltd,51656226603324,XS,WSH1008RDXS,1099.00,False,Sold Out,0,https://cavaathleisure.com/products/red-hourglass-booty-shorts
https://cavaathleisure.com,10016177717564,Red Hourglass Booty Shorts,Women's Shorts,CAVA Athleisure Pvt Ltd,51656226636092,S,WSH1008RDS,1099.00,False,Sold Out,0,https://cavaathleisure.com/products/red-hourglass-booty-shorts
https://cavaathleisure.com,10016177717564,Red Hourglass Booty Shorts,Women's Shorts,CAVA Athleisure Pvt Ltd,51656226668860,M,WSH1008RDM,1099.00,False,Sold Out,0,https://cavaathleisure.com/products/red-hourglass-booty-shorts
https://cavaathleisure.com,10016177717564,Red Hourglass Booty Shorts,Women's Shorts,CAVA Athleisure Pvt Ltd,51656226701628,L,WSH1008RDL,1099.00,False,Sold Out,0,https://cavaathleisure.com/products/red-hourglass-booty-shorts
https://cavaathleisure.com,10016177717564,Red Hourglass Booty Shorts,Women's Shorts,CAVA Athleisure Pvt Ltd,51656226734396,XL,WSH1008RDXL,1099.00,False,Sold Out,0,https://cavaathleisure.com/products/red-hourglass-booty-shorts
https://cavaathleisure.com,10016177717564,Red Hourglass Booty Shorts,Women's Shorts,CAVA Athleisure Pvt Ltd,51656226767164,XXL,WSH1008RDXXL,1099.00,False,Sold Out,0,https://cavaathleisure.com/products/red-hourglass-booty-shorts
https://cavaathleisure.com,10016145801532,Black Sprint Shorts - Lined,Women's Shorts,CAVA Athleisure Pvt Ltd,51656112275772,XS,WSH1409BKXS,1037.00,False,Sold Out,0,https://cavaathleisure.com/products/black-sprint-shorts-lined
https://cavaathleisure.com,10016145801532,Black Sprint Shorts - Lined,Women's Shorts,CAVA Athleisure Pvt Ltd,51656112308540,S,WSH1409BKS,1037.00,False,Sold Out,0,https://cavaathleisure.com/products/black-sprint-shorts-lined
https://cavaathleisure.com,10016145801532,Black Sprint Shorts - Lined,Women's Shorts,CAVA Athleisure Pvt Ltd,51656112341308,M,WSH1409BKM,1037.00,False,Sold Out,0,https://cavaathleisure.com/products/black-sprint-shorts-lined
https://cavaathleisure.com,10016145801532,Black Sprint Shorts - Lined,Women's Shorts,CAVA Athleisure Pvt Ltd,51656112374076,L,WSH1409BKL,1037.00,False,Sold Out,0,https://cavaathleisure.com/products/black-sprint-shorts-lined
https://cavaathleisure.com,10016145801532,Black Sprint Shorts - Lined,Women's Shorts,CAVA Athleisure Pvt Ltd,51656112406844,XL,WSH1409BKXL,1037.00,False,Sold Out,0,https://cavaathleisure.com/products/black-sprint-shorts-lined
https://cavaathleisure.com,10016145801532,Black Sprint Shorts - Lined,Women's Shorts,CAVA Athleisure Pvt Ltd,51656112439612,XXL,WSH1409BKXXL,1037.00,False,Sold Out,0,https://cavaathleisure.com/products/black-sprint-shorts-lined
https://cavaathleisure.com,10016126173500,Black Striped Back Crop Tank,Women's Tanks,CAVA Athleisure Pvt Ltd,51656017969468,XS,WTN105BKXS,850.00,False,Sold Out,0,https://cavaathleisure.com/products/black-striped-back-crop-tank
https://cavaathleisure.com,10016126173500,Black Striped Back Crop Tank,Women's Tanks,CAVA Athleisure Pvt Ltd,51656018002236,S,WTN105BKS,850.00,False,Sold Out,0,https://cavaathleisure.com/products/black-striped-back-crop-tank
https://cavaathleisure.com,10016126173500,Black Striped Back Crop Tank,Women's Tanks,CAVA Athleisure Pvt Ltd,51656018035004,M,WTN105BKM,850.00,False,Sold Out,0,https://cavaathleisure.com/products/black-striped-back-crop-tank
https://cavaathleisure.com,10016126173500,Black Striped Back Crop Tank,Women's Tanks,CAVA Athleisure Pvt Ltd,51656018067772,L,WTN105BKL,850.00,False,Sold Out,0,https://cavaathleisure.com/products/black-striped-back-crop-tank
https://cavaathleisure.com,10016126173500,Black Striped Back Crop Tank,Women's Tanks,CAVA Athleisure Pvt Ltd,51656018100540,XL,WTN105BKXL,850.00,False,Sold Out,0,https://cavaathleisure.com/products/black-striped-back-crop-tank
https://cavaathleisure.com,10016126173500,Black Striped Back Crop Tank,Women's Tanks,CAVA Athleisure Pvt Ltd,51656018133308,XXL,WTN105BKXXL,850.00,False,Sold Out,0,https://cavaathleisure.com/products/black-striped-back-crop-tank
https://cavaathleisure.com,10017632485692,Black Hourglass Snug Leggings,Leggings,CAVA Athleisure Pvt Ltd,51662519042364,XS,WLG1010BKXS,1299.00,True,Available,1,https://cavaathleisure.com/products/black-hourglass-snug-leggings
https://cavaathleisure.com,10017632485692,Black Hourglass Snug Leggings,Leggings,CAVA Athleisure Pvt Ltd,51662519075132,S,WLG1010BKS,1299.00,True,Available,1,https://cavaathleisure.com/products/black-hourglass-snug-leggings
https://cavaathleisure.com,10017632485692,Black Hourglass Snug Leggings,Leggings,CAVA Athleisure Pvt Ltd,51662519107900,M,WLG1010BKM,1299.00,True,Available,1,https://cavaathleisure.com/products/black-hourglass-snug-leggings
https://cavaathleisure.com,10017632485692,Black Hourglass Snug Leggings,Leggings,CAVA Athleisure Pvt Ltd,51662519140668,L,WLG1010BKL,1299.00,True,Available,1,https://cavaathleisure.com/products/black-hourglass-snug-leggings
https://cavaathleisure.com,10017632485692,Black Hourglass Snug Leggings,Leggings,CAVA Athleisure Pvt Ltd,51662519173436,XL,WLG1010BKXL,1299.00,True,Available,1,https://cavaathleisure.com/products/black-hourglass-snug-leggings
https://cavaathleisure.com,10017632485692,Black Hourglass Snug Leggings,Leggings,CAVA Athleisure Pvt Ltd,51662519206204,XXL,WLG1010BKXXL,1299.00,True,Available,1,https://cavaathleisure.com/products/black-hourglass-snug-leggings
https://cavaathleisure.com,10017635959100,Brown Hourglass Snug Leggings,Leggings,CAVA Athleisure Pvt Ltd,51662530478396,XS,WLG1010BNXS,1299.00,True,Available,1,https://cavaathleisure.com/products/brown-hourglass-snug-leggings
https://cavaathleisure.com,10017635959100,Brown Hourglass Snug Leggings,Leggings,CAVA Athleisure Pvt Ltd,51662530511164,S,WLG1010BNS,1299.00,True,Available,1,https://cavaathleisure.com/products/brown-hourglass-snug-leggings
https://cavaathleisure.com,10017635959100,Brown Hourglass Snug Leggings,Leggings,CAVA Athleisure Pvt Ltd,51662530543932,M,WLG1010BNM,1299.00,True,Available,1,https://cavaathleisure.com/products/brown-hourglass-snug-leggings
https://cavaathleisure.com,10017635959100,Brown Hourglass Snug Leggings,Leggings,CAVA Athleisure Pvt Ltd,51662530576700,L,WLG1010BNL,1299.00,True,Available,1,https://cavaathleisure.com/products/brown-hourglass-snug-leggings
https://cavaathleisure.com,10017635959100,Brown Hourglass Snug Leggings,Leggings,CAVA Athleisure Pvt Ltd,51662530609468,XL,WLG1010BNXL,1299.00,True,Available,1,https://cavaathleisure.com/products/brown-hourglass-snug-leggings
https://cavaathleisure.com,10017635959100,Brown Hourglass Snug Leggings,Leggings,CAVA Athleisure Pvt Ltd,51662530642236,XXL,WLG1010BNXXL,1299.00,True,Available,1,https://cavaathleisure.com/products/brown-hourglass-snug-leggings
https://cavaathleisure.com,10016111624508,Ivory Striped Back Crop Tank,Women's Tanks,CAVA Athleisure Pvt Ltd,51655965409596,XS,WTN105WHXS,1274.00,False,Sold Out,0,https://cavaathleisure.com/products/ivory-striped-back-crop-tank
https://cavaathleisure.com,10016111624508,Ivory Striped Back Crop Tank,Women's Tanks,CAVA Athleisure Pvt Ltd,51655965442364,S,WTN105WHS,1274.00,False,Sold Out,0,https://cavaathleisure.com/products/ivory-striped-back-crop-tank
https://cavaathleisure.com,10016111624508,Ivory Striped Back Crop Tank,Women's Tanks,CAVA Athleisure Pvt Ltd,51655965475132,M,WTN105WHM,1274.00,False,Sold Out,0,https://cavaathleisure.com/products/ivory-striped-back-crop-tank
https://cavaathleisure.com,10016111624508,Ivory Striped Back Crop Tank,Women's Tanks,CAVA Athleisure Pvt Ltd,51655965507900,L,WTN105WHL,1274.00,False,Sold Out,0,https://cavaathleisure.com/products/ivory-striped-back-crop-tank
https://cavaathleisure.com,10016111624508,Ivory Striped Back Crop Tank,Women's Tanks,CAVA Athleisure Pvt Ltd,51655965540668,XL,WTN105WHXL,1274.00,False,Sold Out,0,https://cavaathleisure.com/products/ivory-striped-back-crop-tank
https://cavaathleisure.com,10016111624508,Ivory Striped Back Crop Tank,Women's Tanks,CAVA Athleisure Pvt Ltd,51655965573436,XXL,WTN105WHXXL,1274.00,False,Sold Out,0,https://cavaathleisure.com/products/ivory-striped-back-crop-tank
https://cavaathleisure.com,10016108118332,Wine Striped Back Crop Tank,Women's Tanks,CAVA Athleisure Pvt Ltd,51655849738556,XS,WTN105RDXS,850.00,False,Sold Out,0,https://cavaathleisure.com/products/wine-striped-back-crop-tank
https://cavaathleisure.com,10016108118332,Wine Striped Back Crop Tank,Women's Tanks,CAVA Athleisure Pvt Ltd,51655849771324,S,WTN105RDS,850.00,False,Sold Out,0,https://cavaathleisure.com/products/wine-striped-back-crop-tank
https://cavaathleisure.com,10016108118332,Wine Striped Back Crop Tank,Women's Tanks,CAVA Athleisure Pvt Ltd,51655849804092,M,WTN105RDM,850.00,False,Sold Out,0,https://cavaathleisure.com/products/wine-striped-back-crop-tank
https://cavaathleisure.com,10016108118332,Wine Striped Back Crop Tank,Women's Tanks,CAVA Athleisure Pvt Ltd,51655849836860,L,WTN105RDL,850.00,False,Sold Out,0,https://cavaathleisure.com/products/wine-striped-back-crop-tank
https://cavaathleisure.com,10016108118332,Wine Striped Back Crop Tank,Women's Tanks,CAVA Athleisure Pvt Ltd,51655849869628,XL,WTN105RDXL,850.00,False,Sold Out,0,https://cavaathleisure.com/products/wine-striped-back-crop-tank
https://cavaathleisure.com,10016108118332,Wine Striped Back Crop Tank,Women's Tanks,CAVA Athleisure Pvt Ltd,51655849902396,XXL,WTN105RDXXL,850.00,False,Sold Out,0,https://cavaathleisure.com/products/wine-striped-back-crop-tank
https://cavaathleisure.com,10014551834940,Brown Overlap Tank,Women's Tanks,CAVA Athleisure Pvt Ltd,51651065479484,XS,WTN104BNXS,949.00,False,Sold Out,0,https://cavaathleisure.com/products/brown-overlap-tank
https://cavaathleisure.com,10014551834940,Brown Overlap Tank,Women's Tanks,CAVA Athleisure Pvt Ltd,51651065512252,S,WTN104BNS,949.00,False,Sold Out,0,https://cavaathleisure.com/products/brown-overlap-tank
https://cavaathleisure.com,10014551834940,Brown Overlap Tank,Women's Tanks,CAVA Athleisure Pvt Ltd,51651065545020,M,WTN104BNM,949.00,False,Sold Out,0,https://cavaathleisure.com/products/brown-overlap-tank
https://cavaathleisure.com,10014551834940,Brown Overlap Tank,Women's Tanks,CAVA Athleisure Pvt Ltd,51651065577788,L,WTN104BNL,949.00,False,Sold Out,0,https://cavaathleisure.com/products/brown-overlap-tank
https://cavaathleisure.com,10014551834940,Brown Overlap Tank,Women's Tanks,CAVA Athleisure Pvt Ltd,51651065610556,XL,WTN104BNXL,949.00,False,Sold Out,0,https://cavaathleisure.com/products/brown-overlap-tank
https://cavaathleisure.com,10014551834940,Brown Overlap Tank,Women's Tanks,CAVA Athleisure Pvt Ltd,51651065643324,XXL,WTN104BNXXL,949.00,False,Sold Out,0,https://cavaathleisure.com/products/brown-overlap-tank
https://cavaathleisure.com,10015342035260,Cream Graphic Oversized Tee - Women,Women's T-shirts,CAVA Athleisure Pvt Ltd,51653124063548,XS,WTS1606WHXS,750.00,False,Sold Out,0,https://cavaathleisure.com/products/cream-graphic-oversized-tee-women
https://cavaathleisure.com,10015342035260,Cream Graphic Oversized Tee - Women,Women's T-shirts,CAVA Athleisure Pvt Ltd,51653124096316,S,WTS1606WHS,750.00,False,Sold Out,0,https://cavaathleisure.com/products/cream-graphic-oversized-tee-women
https://cavaathleisure.com,10015342035260,Cream Graphic Oversized Tee - Women,Women's T-shirts,CAVA Athleisure Pvt Ltd,51653124129084,M,WTS1606WHM,750.00,False,Sold Out,0,https://cavaathleisure.com/products/cream-graphic-oversized-tee-women
https://cavaathleisure.com,10015342035260,Cream Graphic Oversized Tee - Women,Women's T-shirts,CAVA Athleisure Pvt Ltd,51653124161852,L,WTS1606WHL,750.00,False,Sold Out,0,https://cavaathleisure.com/products/cream-graphic-oversized-tee-women
https://cavaathleisure.com,10015342035260,Cream Graphic Oversized Tee - Women,Women's T-shirts,CAVA Athleisure Pvt Ltd,51653124194620,XL,WTS1606WHXL,750.00,False,Sold Out,0,https://cavaathleisure.com/products/cream-graphic-oversized-tee-women
https://cavaathleisure.com,10015342035260,Cream Graphic Oversized Tee - Women,Women's T-shirts,CAVA Athleisure Pvt Ltd,51653124227388,XXL,WTS1606WHXXL,750.00,False,Sold Out,0,https://cavaathleisure.com/products/cream-graphic-oversized-tee-women
https://cavaathleisure.com,10016179880252,Black Hourglass Booty Shorts,Women's Shorts,CAVA Athleisure Pvt Ltd,51656245838140,XS,WSH1008BKXS,1099.00,True,Available,1,https://cavaathleisure.com/products/black-hourglass-booty-shorts
https://cavaathleisure.com,10016179880252,Black Hourglass Booty Shorts,Women's Shorts,CAVA Athleisure Pvt Ltd,51656245870908,S,WSH1008BKS,1099.00,True,Available,1,https://cavaathleisure.com/products/black-hourglass-booty-shorts
https://cavaathleisure.com,10016179880252,Black Hourglass Booty Shorts,Women's Shorts,CAVA Athleisure Pvt Ltd,51656245903676,M,WSH1008BKM,1099.00,True,Available,1,https://cavaathleisure.com/products/black-hourglass-booty-shorts
https://cavaathleisure.com,10016179880252,Black Hourglass Booty Shorts,Women's Shorts,CAVA Athleisure Pvt Ltd,51656245936444,L,WSH1008BKL,1099.00,True,Available,1,https://cavaathleisure.com/products/black-hourglass-booty-shorts
https://cavaathleisure.com,10016179880252,Black Hourglass Booty Shorts,Women's Shorts,CAVA Athleisure Pvt Ltd,51656245969212,XL,WSH1008BKXL,1099.00,True,Available,1,https://cavaathleisure.com/products/black-hourglass-booty-shorts
https://cavaathleisure.com,10016179880252,Black Hourglass Booty Shorts,Women's Shorts,CAVA Athleisure Pvt Ltd,51656246001980,XXL,WSH1008BKXXL,1099.00,True,Available,1,https://cavaathleisure.com/products/black-hourglass-booty-shorts
https://cavaathleisure.com,10014387962172,Olive Wide Cargo Joggers,Women's Joggers,CAVA Athleisure Pvt Ltd,51650119795004,XS,WJR5BEL532GRXS,678.00,True,Available,1,https://cavaathleisure.com/products/olive-wide-cargo-joggers
https://cavaathleisure.com,10014387962172,Olive Wide Cargo Joggers,Women's Joggers,CAVA Athleisure Pvt Ltd,51650119827772,S,WJR5BEL532GRS,678.00,True,Available,1,https://cavaathleisure.com/products/olive-wide-cargo-joggers
https://cavaathleisure.com,10014387962172,Olive Wide Cargo Joggers,Women's Joggers,CAVA Athleisure Pvt Ltd,51650119860540,M,WJR5BEL532GRM,678.00,True,Available,1,https://cavaathleisure.com/products/olive-wide-cargo-joggers
https://cavaathleisure.com,10014387962172,Olive Wide Cargo Joggers,Women's Joggers,CAVA Athleisure Pvt Ltd,51650119893308,L,WJR5BEL532GRL,678.00,False,Sold Out,0,https://cavaathleisure.com/products/olive-wide-cargo-joggers
https://cavaathleisure.com,10014387962172,Olive Wide Cargo Joggers,Women's Joggers,CAVA Athleisure Pvt Ltd,51650119926076,XL,WJR5BEL532GRXL,678.00,False,Sold Out,0,https://cavaathleisure.com/products/olive-wide-cargo-joggers
https://cavaathleisure.com,10014387962172,Olive Wide Cargo Joggers,Women's Joggers,CAVA Athleisure Pvt Ltd,51650119958844,XXL,WJR5BEL532GRXXL,678.00,False,Sold Out,0,https://cavaathleisure.com/products/olive-wide-cargo-joggers
https://cavaathleisure.com,10011511095612,Moscow Blue Wide Cargo Joggers,Women's Joggers,CAVA Athleisure Pvt Ltd,51650130936124,XS,WJR5BEL532BLXS,690.00,True,Available,1,https://cavaathleisure.com/products/moscow-blue-wide-cargo-joggers
https://cavaathleisure.com,10011511095612,Moscow Blue Wide Cargo Joggers,Women's Joggers,CAVA Athleisure Pvt Ltd,51650130968892,S,WJR5BEL532BLS,690.00,True,Available,1,https://cavaathleisure.com/products/moscow-blue-wide-cargo-joggers
https://cavaathleisure.com,10011511095612,Moscow Blue Wide Cargo Joggers,Women's Joggers,CAVA Athleisure Pvt Ltd,51650131001660,M,WJR5BEL532BLM,690.00,True,Available,1,https://cavaathleisure.com/products/moscow-blue-wide-cargo-joggers
https://cavaathleisure.com,10011511095612,Moscow Blue Wide Cargo Joggers,Women's Joggers,CAVA Athleisure Pvt Ltd,51650131034428,L,WJR5BEL532BLL,690.00,True,Available,1,https://cavaathleisure.com/products/moscow-blue-wide-cargo-joggers
https://cavaathleisure.com,10011511095612,Moscow Blue Wide Cargo Joggers,Women's Joggers,CAVA Athleisure Pvt Ltd,51650131067196,XL,WJR5BEL532BLXL,690.00,False,Sold Out,0,https://cavaathleisure.com/products/moscow-blue-wide-cargo-joggers
https://cavaathleisure.com,10011511095612,Moscow Blue Wide Cargo Joggers,Women's Joggers,CAVA Athleisure Pvt Ltd,51650131099964,XXL,WJR5BEL532BLXXL,690.00,False,Sold Out,0,https://cavaathleisure.com/products/moscow-blue-wide-cargo-joggers
https://cavaathleisure.com,10014389535036,Beige Wide Cargo Joggers,Women's Joggers,CAVA Athleisure Pvt Ltd,51650114224444,XS,WJR5BEL532BGXS,805.00,True,Available,1,https://cavaathleisure.com/products/beige-wide-cargo-joggers
https://cavaathleisure.com,10014389535036,Beige Wide Cargo Joggers,Women's Joggers,CAVA Athleisure Pvt Ltd,51650114257212,S,WJR5BEL532BGS,805.00,True,Available,1,https://cavaathleisure.com/products/beige-wide-cargo-joggers
https://cavaathleisure.com,10014389535036,Beige Wide Cargo Joggers,Women's Joggers,CAVA Athleisure Pvt Ltd,51650114289980,M,WJR5BEL532BGM,805.00,True,Available,1,https://cavaathleisure.com/products/beige-wide-cargo-joggers
https://cavaathleisure.com,10014389535036,Beige Wide Cargo Joggers,Women's Joggers,CAVA Athleisure Pvt Ltd,51650114322748,L,WJR5BEL532BGL,805.00,True,Available,1,https://cavaathleisure.com/products/beige-wide-cargo-joggers
https://cavaathleisure.com,10014389535036,Beige Wide Cargo Joggers,Women's Joggers,CAVA Athleisure Pvt Ltd,51650114355516,XL,WJR5BEL532BGXL,805.00,True,Available,1,https://cavaathleisure.com/products/beige-wide-cargo-joggers
https://cavaathleisure.com,10014389535036,Beige Wide Cargo Joggers,Women's Joggers,CAVA Athleisure Pvt Ltd,51650114388284,XXL,WJR5BEL532BGXXL,805.00,False,Sold Out,0,https://cavaathleisure.com/products/beige-wide-cargo-joggers
https://cavaathleisure.com,10014397792572,Black Hyper Mesh Sports Bra,Sports Bras,CAVA Athleisure Pvt Ltd,51650153546044,XS,WSB102BKXS,1499.00,True,Available,1,https://cavaathleisure.com/products/black-hyper-mesh-sports-bra
https://cavaathleisure.com,10014397792572,Black Hyper Mesh Sports Bra,Sports Bras,CAVA Athleisure Pvt Ltd,51650153578812,S,WSB102BKS,1499.00,True,Available,1,https://cavaathleisure.com/products/black-hyper-mesh-sports-bra
https://cavaathleisure.com,10014397792572,Black Hyper Mesh Sports Bra,Sports Bras,CAVA Athleisure Pvt Ltd,51650153611580,M,WSB102BKM,1499.00,True,Available,1,https://cavaathleisure.com/products/black-hyper-mesh-sports-bra
https://cavaathleisure.com,10014397792572,Black Hyper Mesh Sports Bra,Sports Bras,CAVA Athleisure Pvt Ltd,51650153644348,L,WSB102BKL,1499.00,True,Available,1,https://cavaathleisure.com/products/black-hyper-mesh-sports-bra
https://cavaathleisure.com,10014397792572,Black Hyper Mesh Sports Bra,Sports Bras,CAVA Athleisure Pvt Ltd,51650153677116,XL,WSB102BKXL,1499.00,True,Available,1,https://cavaathleisure.com/products/black-hyper-mesh-sports-bra
https://cavaathleisure.com,10014397792572,Black Hyper Mesh Sports Bra,Sports Bras,CAVA Athleisure Pvt Ltd,51650153709884,XXL,WSB102BKXXL,1499.00,True,Available,1,https://cavaathleisure.com/products/black-hyper-mesh-sports-bra
https://cavaathleisure.com,9647891120444,Jumpstart Rope,Accessories,CAVA Athleisure Pvt Ltd,49934503280956,Default Title,UD-Skip-Rope-Black,299.00,False,Sold Out,0,https://cavaathleisure.com/products/jumpstart-rope
https://cavaathleisure.com,9955675832636,Salmon Aerial Crop Tank,Women's Tanks,CAVA athleisure,51501584646460,XS,WTN8SET12PNXS,974.00,False,Sold Out,0,https://cavaathleisure.com/products/salmon-aerial-crop-tank
https://cavaathleisure.com,9955675832636,Salmon Aerial Crop Tank,Women's Tanks,CAVA athleisure,51501584679228,S,WTN8SET12PNS,974.00,False,Sold Out,0,https://cavaathleisure.com/products/salmon-aerial-crop-tank
https://cavaathleisure.com,9955675832636,Salmon Aerial Crop Tank,Women's Tanks,CAVA athleisure,51501584711996,M,WTN8SET12PNM,974.00,False,Sold Out,0,https://cavaathleisure.com/products/salmon-aerial-crop-tank
https://cavaathleisure.com,9955675832636,Salmon Aerial Crop Tank,Women's Tanks,CAVA athleisure,51501584744764,L,WTN8SET12PNL,974.00,False,Sold Out,0,https://cavaathleisure.com/products/salmon-aerial-crop-tank
https://cavaathleisure.com,9955675832636,Salmon Aerial Crop Tank,Women's Tanks,CAVA athleisure,51501584777532,XL,WTN8SET12PNXL,974.00,False,Sold Out,0,https://cavaathleisure.com/products/salmon-aerial-crop-tank
https://cavaathleisure.com,9955675832636,Salmon Aerial Crop Tank,Women's Tanks,CAVA athleisure,51501584810300,XXL,WTN8SET12PNXXL,974.00,False,Sold Out,0,https://cavaathleisure.com/products/salmon-aerial-crop-tank
https://cavaathleisure.com,9945306366268,Cedar Aerial Leggings,Leggings,CAVA athleisure,51478629548348,XS,WLG10Set12BNXS,1292.00,False,Sold Out,0,https://cavaathleisure.com/products/cedar-aerial-leggings
https://cavaathleisure.com,9945306366268,Cedar Aerial Leggings,Leggings,CAVA athleisure,51478629581116,S,WLG10Set12BNS,1292.00,False,Sold Out,0,https://cavaathleisure.com/products/cedar-aerial-leggings
https://cavaathleisure.com,9945306366268,Cedar Aerial Leggings,Leggings,CAVA athleisure,51478629613884,M,WLG10Set12BNM,1292.00,False,Sold Out,0,https://cavaathleisure.com/products/cedar-aerial-leggings
https://cavaathleisure.com,9945306366268,Cedar Aerial Leggings,Leggings,CAVA athleisure,51478629646652,L,WLG10Set12BNL,1292.00,False,Sold Out,0,https://cavaathleisure.com/products/cedar-aerial-leggings
https://cavaathleisure.com,9945306366268,Cedar Aerial Leggings,Leggings,CAVA athleisure,51478629679420,XL,WLG10Set12BNXL,1292.00,False,Sold Out,0,https://cavaathleisure.com/products/cedar-aerial-leggings
https://cavaathleisure.com,9945306366268,Cedar Aerial Leggings,Leggings,CAVA athleisure,51478629712188,XXL,WLG10Set12BNXXL,1292.00,False,Sold Out,0,https://cavaathleisure.com/products/cedar-aerial-leggings
https://cavaathleisure.com,10019864871228,Olive Stride Golf Shorts,Men's Shorts,CAVA Athleisure Pvt Ltd,51672986943804,30,MSH112GR30,1049.00,True,Available,1,https://cavaathleisure.com/products/olive-stride-golf-shorts
https://cavaathleisure.com,10019864871228,Olive Stride Golf Shorts,Men's Shorts,CAVA Athleisure Pvt Ltd,51672986976572,32,MSH112GR32,1049.00,False,Sold Out,0,https://cavaathleisure.com/products/olive-stride-golf-shorts
https://cavaathleisure.com,10019864871228,Olive Stride Golf Shorts,Men's Shorts,CAVA Athleisure Pvt Ltd,51672987009340,34,MSH112GR34,1049.00,False,Sold Out,0,https://cavaathleisure.com/products/olive-stride-golf-shorts
https://cavaathleisure.com,10019864871228,Olive Stride Golf Shorts,Men's Shorts,CAVA Athleisure Pvt Ltd,51672987042108,36,MSH112GR36,1049.00,True,Available,1,https://cavaathleisure.com/products/olive-stride-golf-shorts
https://cavaathleisure.com,10019864871228,Olive Stride Golf Shorts,Men's Shorts,CAVA Athleisure Pvt Ltd,51672987074876,38,MSH112GR38,1049.00,True,Available,1,https://cavaathleisure.com/products/olive-stride-golf-shorts
https://cavaathleisure.com,9913259950396,White Cava Unisex Socks,Socks,CAVA athleisure,51008586481980,One size,UAC13SOCK1WH,499.00,False,Sold Out,0,https://cavaathleisure.com/products/white-cava-unisex-socks
https://cavaathleisure.com,9913259655484,Black Cava Unisex Socks,Socks,CAVA athleisure,51008583893308,One size,UAC13SOCK1BK,499.00,False,Sold Out,0,https://cavaathleisure.com/products/black-cava-unisex-socks
https://cavaathleisure.com,9899739447612,Green Racerback Tank,Women's Tanks,CAVA athleisure,50945798701372,XS,WTN10Set5GRXS,1199.00,False,Sold Out,0,https://cavaathleisure.com/products/green-racerback-tank
https://cavaathleisure.com,9899739447612,Green Racerback Tank,Women's Tanks,CAVA athleisure,50945798734140,S,WTN10Set5GRS,1199.00,False,Sold Out,0,https://cavaathleisure.com/products/green-racerback-tank
https://cavaathleisure.com,9899739447612,Green Racerback Tank,Women's Tanks,CAVA athleisure,50945798766908,M,WTN10Set5GRM,1199.00,False,Sold Out,0,https://cavaathleisure.com/products/green-racerback-tank
https://cavaathleisure.com,9899739447612,Green Racerback Tank,Women's Tanks,CAVA athleisure,50945798799676,L,WTN10Set5GRL,1199.00,False,Sold Out,0,https://cavaathleisure.com/products/green-racerback-tank
https://cavaathleisure.com,9899739447612,Green Racerback Tank,Women's Tanks,CAVA athleisure,50945798832444,XL,WTN10Set5GRXL,1199.00,False,Sold Out,0,https://cavaathleisure.com/products/green-racerback-tank
https://cavaathleisure.com,9899739447612,Green Racerback Tank,Women's Tanks,CAVA athleisure,50945798865212,XXL,WTN10Set5GRXXL,1199.00,False,Sold Out,0,https://cavaathleisure.com/products/green-racerback-tank
https://cavaathleisure.com,9906346099004,Navy Overlap Tee,Women's T-shirts,CAVA athleisure,50977253556540,XS,WTP1SET2NYXS,999.00,False,Sold Out,0,https://cavaathleisure.com/products/navy-overlap-tee
https://cavaathleisure.com,9906346099004,Navy Overlap Tee,Women's T-shirts,CAVA athleisure,50977253589308,S,WTP1SET2NYS,999.00,False,Sold Out,0,https://cavaathleisure.com/products/navy-overlap-tee
https://cavaathleisure.com,9906346099004,Navy Overlap Tee,Women's T-shirts,CAVA athleisure,50977253622076,M,WTP1SET2NYM,999.00,False,Sold Out,0,https://cavaathleisure.com/products/navy-overlap-tee
https://cavaathleisure.com,9906346099004,Navy Overlap Tee,Women's T-shirts,CAVA athleisure,50977253654844,L,WTP1SET2NYL,999.00,True,Available,1,https://cavaathleisure.com/products/navy-overlap-tee
https://cavaathleisure.com,9906346099004,Navy Overlap Tee,Women's T-shirts,CAVA athleisure,50977253687612,XL,WTP1SET2NYXL,999.00,False,Sold Out,0,https://cavaathleisure.com/products/navy-overlap-tee
https://cavaathleisure.com,9906346099004,Navy Overlap Tee,Women's T-shirts,CAVA athleisure,50977253720380,XXL,WTP1SET2NYXXL,999.00,False,Sold Out,0,https://cavaathleisure.com/products/navy-overlap-tee
https://cavaathleisure.com,9955323281724,Toasted Cross Back Sports Bra,Sports Bras,CAVA athleisure,51501020873020,XS,WSB14SET1BNXS,1199.00,False,Sold Out,0,https://cavaathleisure.com/products/toasted-cross-back-sports-bra
https://cavaathleisure.com,9955323281724,Toasted Cross Back Sports Bra,Sports Bras,CAVA athleisure,51501020905788,S,WSB14SET1BNS,1199.00,False,Sold Out,0,https://cavaathleisure.com/products/toasted-cross-back-sports-bra
https://cavaathleisure.com,9955323281724,Toasted Cross Back Sports Bra,Sports Bras,CAVA athleisure,51501020938556,M,WSB14SET1BNM,1199.00,True,Available,1,https://cavaathleisure.com/products/toasted-cross-back-sports-bra
https://cavaathleisure.com,9955323281724,Toasted Cross Back Sports Bra,Sports Bras,CAVA athleisure,51501020971324,L,WSB14SET1BNL,1199.00,True,Available,1,https://cavaathleisure.com/products/toasted-cross-back-sports-bra
https://cavaathleisure.com,9955323281724,Toasted Cross Back Sports Bra,Sports Bras,CAVA athleisure,51501021004092,XL,WSB14SET1BNXL,1199.00,True,Available,1,https://cavaathleisure.com/products/toasted-cross-back-sports-bra
https://cavaathleisure.com,9955323281724,Toasted Cross Back Sports Bra,Sports Bras,CAVA athleisure,51501021036860,XXL,WSB14SET1BNXXL,1199.00,True,Available,1,https://cavaathleisure.com/products/toasted-cross-back-sports-bra
https://cavaathleisure.com,9914173456700,Black Baseline Polo,Men's T-shirts,CAVA athleisure,51011242033468,S,MTS5CS108BKS,934.00,False,Sold Out,0,https://cavaathleisure.com/products/black-baseline-polo
https://cavaathleisure.com,9914173456700,Black Baseline Polo,Men's T-shirts,CAVA athleisure,51011242066236,M,MTS5CS108BKM,934.00,False,Sold Out,0,https://cavaathleisure.com/products/black-baseline-polo
https://cavaathleisure.com,9914173456700,Black Baseline Polo,Men's T-shirts,CAVA athleisure,51011242099004,L,MTS5CS108BKL,934.00,False,Sold Out,0,https://cavaathleisure.com/products/black-baseline-polo
https://cavaathleisure.com,9914173456700,Black Baseline Polo,Men's T-shirts,CAVA athleisure,51011242131772,XL,MTS5CS108BKXL,934.00,False,Sold Out,0,https://cavaathleisure.com/products/black-baseline-polo
https://cavaathleisure.com,9914173456700,Black Baseline Polo,Men's T-shirts,CAVA athleisure,51011242164540,XXL,MTS5CS108BKXXL,934.00,False,Sold Out,0,https://cavaathleisure.com/products/black-baseline-polo
https://cavaathleisure.com,9946281640252,Ruby Aerial Leggings,Leggings,CAVA athleisure,51481310921020,XS,WLG10Set12RDXS,999.00,True,Available,1,https://cavaathleisure.com/products/ruby-aerial-leggings
https://cavaathleisure.com,9946281640252,Ruby Aerial Leggings,Leggings,CAVA athleisure,51481310953788,S,WLG10Set12RDS,999.00,True,Available,1,https://cavaathleisure.com/products/ruby-aerial-leggings
https://cavaathleisure.com,9946281640252,Ruby Aerial Leggings,Leggings,CAVA athleisure,51481310986556,M,WLG10Set12RDM,999.00,True,Available,1,https://cavaathleisure.com/products/ruby-aerial-leggings
https://cavaathleisure.com,9946281640252,Ruby Aerial Leggings,Leggings,CAVA athleisure,51481311019324,L,WLG10Set12RDL,999.00,False,Sold Out,0,https://cavaathleisure.com/products/ruby-aerial-leggings
https://cavaathleisure.com,9946281640252,Ruby Aerial Leggings,Leggings,CAVA athleisure,51481311052092,XL,WLG10Set12RDXL,999.00,True,Available,1,https://cavaathleisure.com/products/ruby-aerial-leggings
https://cavaathleisure.com,9946281640252,Ruby Aerial Leggings,Leggings,CAVA athleisure,51481311084860,XXL,WLG10Set12RDXXL,999.00,False,Sold Out,0,https://cavaathleisure.com/products/ruby-aerial-leggings
https://cavaathleisure.com,9914172309820,Beige Baseline Polo,Men's T-shirts,CAVA athleisure,51011239706940,S,MTS5CS108BGS,899.00,False,Sold Out,0,https://cavaathleisure.com/products/beige-baseline-polo
https://cavaathleisure.com,9914172309820,Beige Baseline Polo,Men's T-shirts,CAVA athleisure,51011239739708,M,MTS5CS108BGM,899.00,False,Sold Out,0,https://cavaathleisure.com/products/beige-baseline-polo
https://cavaathleisure.com,9914172309820,Beige Baseline Polo,Men's T-shirts,CAVA athleisure,51011239772476,L,MTS5CS108BGL,899.00,False,Sold Out,0,https://cavaathleisure.com/products/beige-baseline-polo
https://cavaathleisure.com,9914172309820,Beige Baseline Polo,Men's T-shirts,CAVA athleisure,51011239805244,XL,MTS5CS108BGXL,899.00,False,Sold Out,0,https://cavaathleisure.com/products/beige-baseline-polo
https://cavaathleisure.com,9914172309820,Beige Baseline Polo,Men's T-shirts,CAVA athleisure,51011239838012,XXL,MTS5CS108BGXXL,899.00,True,Available,1,https://cavaathleisure.com/products/beige-baseline-polo
https://cavaathleisure.com,9914169983292,Jade Baseline Polo,Men's T-shirts,CAVA athleisure,51011233186108,S,MTS5CS108GRS,934.00,False,Sold Out,0,https://cavaathleisure.com/products/jade-baseline-polo
https://cavaathleisure.com,9914169983292,Jade Baseline Polo,Men's T-shirts,CAVA athleisure,51011233218876,M,MTS5CS108GRM,934.00,False,Sold Out,0,https://cavaathleisure.com/products/jade-baseline-polo
https://cavaathleisure.com,9914169983292,Jade Baseline Polo,Men's T-shirts,CAVA athleisure,51011233251644,L,MTS5CS108GRL,934.00,False,Sold Out,0,https://cavaathleisure.com/products/jade-baseline-polo
https://cavaathleisure.com,9914169983292,Jade Baseline Polo,Men's T-shirts,CAVA athleisure,51011233284412,XL,MTS5CS108GRXL,934.00,False,Sold Out,0,https://cavaathleisure.com/products/jade-baseline-polo
https://cavaathleisure.com,9914169983292,Jade Baseline Polo,Men's T-shirts,CAVA athleisure,51011233317180,XXL,MTS5CS108GRXXL,934.00,True,Available,1,https://cavaathleisure.com/products/jade-baseline-polo
https://cavaathleisure.com,9914171392316,Grey Baseline Polo,Men's T-shirts,CAVA athleisure,51011236593980,S,MTS5CS108GYS,899.00,False,Sold Out,0,https://cavaathleisure.com/products/grey-baseline-polo
https://cavaathleisure.com,9914171392316,Grey Baseline Polo,Men's T-shirts,CAVA athleisure,51011236626748,M,MTS5CS108GYM,899.00,False,Sold Out,0,https://cavaathleisure.com/products/grey-baseline-polo
https://cavaathleisure.com,9914171392316,Grey Baseline Polo,Men's T-shirts,CAVA athleisure,51011236659516,L,MTS5CS108GYL,899.00,True,Available,1,https://cavaathleisure.com/products/grey-baseline-polo
https://cavaathleisure.com,9914171392316,Grey Baseline Polo,Men's T-shirts,CAVA athleisure,51011236692284,XL,MTS5CS108GYXL,899.00,False,Sold Out,0,https://cavaathleisure.com/products/grey-baseline-polo
https://cavaathleisure.com,9914171392316,Grey Baseline Polo,Men's T-shirts,CAVA athleisure,51011236725052,XXL,MTS5CS108GYXXL,899.00,True,Available,1,https://cavaathleisure.com/products/grey-baseline-polo
https://cavaathleisure.com,9914099269948,Black Airy Resort Shirt,Men's Shirts,CAVA athleisure,51011134423356,S,MTP1CS116BKS,1046.00,True,Available,1,https://cavaathleisure.com/products/black-airy-resort-shirt
https://cavaathleisure.com,9914099269948,Black Airy Resort Shirt,Men's Shirts,CAVA athleisure,51011134456124,M,MTP1CS116BKM,1046.00,True,Available,1,https://cavaathleisure.com/products/black-airy-resort-shirt
https://cavaathleisure.com,9914099269948,Black Airy Resort Shirt,Men's Shirts,CAVA athleisure,51011134488892,L,MTP1CS116BKL,1046.00,True,Available,1,https://cavaathleisure.com/products/black-airy-resort-shirt
https://cavaathleisure.com,9914099269948,Black Airy Resort Shirt,Men's Shirts,CAVA athleisure,51011134521660,XL,MTP1CS116BKXL,1046.00,True,Available,1,https://cavaathleisure.com/products/black-airy-resort-shirt
https://cavaathleisure.com,9914099269948,Black Airy Resort Shirt,Men's Shirts,CAVA athleisure,51011134554428,XXL,MTP1CS116BKXXL,1046.00,True,Available,1,https://cavaathleisure.com/products/black-airy-resort-shirt
https://cavaathleisure.com,9914089505084,Navy Airy Resort Shirt,Men's Shirts,CAVA athleisure,51011123511612,S,MTP1CS116BLS,1050.00,True,Available,1,https://cavaathleisure.com/products/navy-airy-resort-shirt
https://cavaathleisure.com,9914089505084,Navy Airy Resort Shirt,Men's Shirts,CAVA athleisure,51011123544380,M,MTP1CS116BLM,1050.00,True,Available,1,https://cavaathleisure.com/products/navy-airy-resort-shirt
https://cavaathleisure.com,9914089505084,Navy Airy Resort Shirt,Men's Shirts,CAVA athleisure,51011123577148,L,MTP1CS116BLL,1050.00,True,Available,1,https://cavaathleisure.com/products/navy-airy-resort-shirt
https://cavaathleisure.com,9914089505084,Navy Airy Resort Shirt,Men's Shirts,CAVA athleisure,51011123609916,XL,MTP1CS116BLXL,1050.00,True,Available,1,https://cavaathleisure.com/products/navy-airy-resort-shirt
https://cavaathleisure.com,9914089505084,Navy Airy Resort Shirt,Men's Shirts,CAVA athleisure,51011123642684,XXL,MTP1CS116BLXXL,1050.00,True,Available,1,https://cavaathleisure.com/products/navy-airy-resort-shirt
https://cavaathleisure.com,9914072498492,Black Stride Cargo Pants,Men's Trousers,CAVA athleisure,51011072131388,30,MTR1CS118BK30,1399.00,False,Sold Out,0,https://cavaathleisure.com/products/black-stride-cargo-pants
https://cavaathleisure.com,9914072498492,Black Stride Cargo Pants,Men's Trousers,CAVA athleisure,51011072164156,32,MTR1CS118BK32,1399.00,False,Sold Out,0,https://cavaathleisure.com/products/black-stride-cargo-pants
https://cavaathleisure.com,9914072498492,Black Stride Cargo Pants,Men's Trousers,CAVA athleisure,51011072196924,34,MTR1CS118BK34,1399.00,False,Sold Out,0,https://cavaathleisure.com/products/black-stride-cargo-pants
https://cavaathleisure.com,9914072498492,Black Stride Cargo Pants,Men's Trousers,CAVA athleisure,51011072229692,36,MTR1CS118BK36,1399.00,False,Sold Out,0,https://cavaathleisure.com/products/black-stride-cargo-pants
https://cavaathleisure.com,9914072498492,Black Stride Cargo Pants,Men's Trousers,CAVA athleisure,51011072262460,38,MTR1CS118BK38,1399.00,False,Sold Out,0,https://cavaathleisure.com/products/black-stride-cargo-pants
https://cavaathleisure.com,9914075775292,Green Airy Resort Shirt,Men's Shirts,CAVA athleisure,51011079307580,S,MTP1CS116GRS,1196.00,True,Available,1,https://cavaathleisure.com/products/green-airy-resort-shirt
https://cavaathleisure.com,9914075775292,Green Airy Resort Shirt,Men's Shirts,CAVA athleisure,51011079340348,M,MTP1CS116GRM,1196.00,True,Available,1,https://cavaathleisure.com/products/green-airy-resort-shirt
https://cavaathleisure.com,9914075775292,Green Airy Resort Shirt,Men's Shirts,CAVA athleisure,51011079373116,L,MTP1CS116GRL,1196.00,True,Available,1,https://cavaathleisure.com/products/green-airy-resort-shirt
https://cavaathleisure.com,9914075775292,Green Airy Resort Shirt,Men's Shirts,CAVA athleisure,51011079405884,XL,MTP1CS116GRXL,1196.00,True,Available,1,https://cavaathleisure.com/products/green-airy-resort-shirt
https://cavaathleisure.com,9914075775292,Green Airy Resort Shirt,Men's Shirts,CAVA athleisure,51011079438652,XXL,MTP1CS116GRXXL,1196.00,True,Available,1,https://cavaathleisure.com/products/green-airy-resort-shirt
https://cavaathleisure.com,9914087768380,Clay Airy Resort Shirt,Men's Shirts,CAVA athleisure,51011118924092,S,MTP1CS116BGS,1050.00,True,Available,1,https://cavaathleisure.com/products/clay-airy-resort-shirt
https://cavaathleisure.com,9914087768380,Clay Airy Resort Shirt,Men's Shirts,CAVA athleisure,51011118956860,M,MTP1CS116BGM,1050.00,True,Available,1,https://cavaathleisure.com/products/clay-airy-resort-shirt
https://cavaathleisure.com,9914087768380,Clay Airy Resort Shirt,Men's Shirts,CAVA athleisure,51011118989628,L,MTP1CS116BGL,1050.00,True,Available,1,https://cavaathleisure.com/products/clay-airy-resort-shirt
https://cavaathleisure.com,9914087768380,Clay Airy Resort Shirt,Men's Shirts,CAVA athleisure,51011119022396,XL,MTP1CS116BGXL,1050.00,True,Available,1,https://cavaathleisure.com/products/clay-airy-resort-shirt
https://cavaathleisure.com,9914087768380,Clay Airy Resort Shirt,Men's Shirts,CAVA athleisure,51011119055164,XXL,MTP1CS116BGXXL,1050.00,True,Available,1,https://cavaathleisure.com/products/clay-airy-resort-shirt
https://cavaathleisure.com,9914071482684,Navy Stride Cargo Pants,Men's Trousers,CAVA athleisure,51011069706556,30,MTR1CS118NY30,1799.00,False,Sold Out,0,https://cavaathleisure.com/products/navy-stride-cargo-pants
https://cavaathleisure.com,9914071482684,Navy Stride Cargo Pants,Men's Trousers,CAVA athleisure,51011069739324,32,MTR1CS118NY32,1799.00,False,Sold Out,0,https://cavaathleisure.com/products/navy-stride-cargo-pants
https://cavaathleisure.com,9914071482684,Navy Stride Cargo Pants,Men's Trousers,CAVA athleisure,51011069772092,34,MTR1CS118NY34,1799.00,False,Sold Out,0,https://cavaathleisure.com/products/navy-stride-cargo-pants
https://cavaathleisure.com,9914071482684,Navy Stride Cargo Pants,Men's Trousers,CAVA athleisure,51011069804860,36,MTR1CS118NY36,1799.00,False,Sold Out,0,https://cavaathleisure.com/products/navy-stride-cargo-pants
https://cavaathleisure.com,9914071482684,Navy Stride Cargo Pants,Men's Trousers,CAVA athleisure,51011069837628,38,MTR1CS118NY38,1799.00,True,Available,1,https://cavaathleisure.com/products/navy-stride-cargo-pants
https://cavaathleisure.com,9914057425212,Navy All-Day Stretch Pants,Men's Trousers,CAVA athleisure,51011040805180,30,MTR1CS117NY30,1351.00,False,Sold Out,0,https://cavaathleisure.com/products/navy-all-day-stretch-pants
https://cavaathleisure.com,9914057425212,Navy All-Day Stretch Pants,Men's Trousers,CAVA athleisure,51011040837948,32,MTR1CS117NY32,1351.00,False,Sold Out,0,https://cavaathleisure.com/products/navy-all-day-stretch-pants
https://cavaathleisure.com,9914057425212,Navy All-Day Stretch Pants,Men's Trousers,CAVA athleisure,51011040870716,34,MTR1CS117NY34,1351.00,False,Sold Out,0,https://cavaathleisure.com/products/navy-all-day-stretch-pants
https://cavaathleisure.com,9914057425212,Navy All-Day Stretch Pants,Men's Trousers,CAVA athleisure,51011040903484,36,MTR1CS117NY36,1351.00,False,Sold Out,0,https://cavaathleisure.com/products/navy-all-day-stretch-pants
https://cavaathleisure.com,9914057425212,Navy All-Day Stretch Pants,Men's Trousers,CAVA athleisure,51011040936252,38,MTR1CS117NY38,1351.00,False,Sold Out,0,https://cavaathleisure.com/products/navy-all-day-stretch-pants
https://cavaathleisure.com,9914068369724,Black All-Day Stretch Pants,Men's Trousers,CAVA athleisure,51011056369980,30,MTR1CS117BK30,1481.00,False,Sold Out,0,https://cavaathleisure.com/products/black-all-day-stretch-pants
https://cavaathleisure.com,9914068369724,Black All-Day Stretch Pants,Men's Trousers,CAVA athleisure,51011056402748,32,MTR1CS117BK32,1481.00,False,Sold Out,0,https://cavaathleisure.com/products/black-all-day-stretch-pants
https://cavaathleisure.com,9914068369724,Black All-Day Stretch Pants,Men's Trousers,CAVA athleisure,51011056435516,34,MTR1CS117BK34,1481.00,False,Sold Out,0,https://cavaathleisure.com/products/black-all-day-stretch-pants
https://cavaathleisure.com,9914068369724,Black All-Day Stretch Pants,Men's Trousers,CAVA athleisure,51011056468284,36,MTR1CS117BK36,1481.00,False,Sold Out,0,https://cavaathleisure.com/products/black-all-day-stretch-pants
https://cavaathleisure.com,9914068369724,Black All-Day Stretch Pants,Men's Trousers,CAVA athleisure,51011056501052,38,MTR1CS117BK38,1481.00,False,Sold Out,0,https://cavaathleisure.com/products/black-all-day-stretch-pants
https://cavaathleisure.com,9914069844284,Beige Stride Cargo Pants,Men's Trousers,CAVA athleisure,51011064430908,30,MTR1CS118BG30,1399.00,False,Sold Out,0,https://cavaathleisure.com/products/beige-stride-cargo-pants
https://cavaathleisure.com,9914069844284,Beige Stride Cargo Pants,Men's Trousers,CAVA athleisure,51011064463676,32,MTR1CS118BG32,1399.00,False,Sold Out,0,https://cavaathleisure.com/products/beige-stride-cargo-pants
https://cavaathleisure.com,9914069844284,Beige Stride Cargo Pants,Men's Trousers,CAVA athleisure,51011064496444,34,MTR1CS118BG34,1399.00,False,Sold Out,0,https://cavaathleisure.com/products/beige-stride-cargo-pants
https://cavaathleisure.com,9914069844284,Beige Stride Cargo Pants,Men's Trousers,CAVA athleisure,51011064529212,36,MTR1CS118BG36,1399.00,False,Sold Out,0,https://cavaathleisure.com/products/beige-stride-cargo-pants
https://cavaathleisure.com,9914069844284,Beige Stride Cargo Pants,Men's Trousers,CAVA athleisure,51011064561980,38,MTR1CS118BG38,1399.00,True,Available,1,https://cavaathleisure.com/products/beige-stride-cargo-pants
https://cavaathleisure.com,9914055688508,Beige All-Day Stretch Pants,Men's Trousers,CAVA athleisure,51011036283196,30,MTR1CS117BG30,1351.00,False,Sold Out,0,https://cavaathleisure.com/products/beige-all-day-stretch-pants
https://cavaathleisure.com,9914055688508,Beige All-Day Stretch Pants,Men's Trousers,CAVA athleisure,51011036315964,32,MTR1CS117BG32,1351.00,False,Sold Out,0,https://cavaathleisure.com/products/beige-all-day-stretch-pants
https://cavaathleisure.com,9914055688508,Beige All-Day Stretch Pants,Men's Trousers,CAVA athleisure,51011036348732,34,MTR1CS117BG34,1351.00,False,Sold Out,0,https://cavaathleisure.com/products/beige-all-day-stretch-pants
https://cavaathleisure.com,9914055688508,Beige All-Day Stretch Pants,Men's Trousers,CAVA athleisure,51011036381500,36,MTR1CS117BG36,1351.00,False,Sold Out,0,https://cavaathleisure.com/products/beige-all-day-stretch-pants
https://cavaathleisure.com,9914055688508,Beige All-Day Stretch Pants,Men's Trousers,CAVA athleisure,51011036414268,38,MTR1CS117BG38,1351.00,False,Sold Out,0,https://cavaathleisure.com/products/beige-all-day-stretch-pants
https://cavaathleisure.com,9914036814140,"Grey 5"" Train-In Shorts",Men's Shorts,CAVA athleisure,51011004465468,30,MSH1CS119GY30,1499.00,False,Sold Out,0,https://cavaathleisure.com/products/grey-train-in-shorts
https://cavaathleisure.com,9914036814140,"Grey 5"" Train-In Shorts",Men's Shorts,CAVA athleisure,51011004498236,32,MSH1CS119GY32,1499.00,False,Sold Out,0,https://cavaathleisure.com/products/grey-train-in-shorts
https://cavaathleisure.com,9914036814140,"Grey 5"" Train-In Shorts",Men's Shorts,CAVA athleisure,51011004531004,34,MSH1CS119GY34,1499.00,False,Sold Out,0,https://cavaathleisure.com/products/grey-train-in-shorts
https://cavaathleisure.com,9914036814140,"Grey 5"" Train-In Shorts",Men's Shorts,CAVA athleisure,51011004563772,36,MSH1CS119GY36,1499.00,False,Sold Out,0,https://cavaathleisure.com/products/grey-train-in-shorts
https://cavaathleisure.com,9914036814140,"Grey 5"" Train-In Shorts",Men's Shorts,CAVA athleisure,51011004596540,38,MSH1CS119GY38,1499.00,True,Available,1,https://cavaathleisure.com/products/grey-train-in-shorts
https://cavaathleisure.com,9914031472956,Teal Ace Bond Polo,Men's T-shirts,CAVA athleisure,51010987655484,S,MTS1CS122GRS,1299.00,False,Sold Out,0,https://cavaathleisure.com/products/teal-ace-bond-polo
https://cavaathleisure.com,9914031472956,Teal Ace Bond Polo,Men's T-shirts,CAVA athleisure,51010987688252,M,MTS1CS122GRM,1299.00,False,Sold Out,0,https://cavaathleisure.com/products/teal-ace-bond-polo
https://cavaathleisure.com,9914031472956,Teal Ace Bond Polo,Men's T-shirts,CAVA athleisure,51010987721020,L,MTS1CS122GRL,1299.00,False,Sold Out,0,https://cavaathleisure.com/products/teal-ace-bond-polo
https://cavaathleisure.com,9914031472956,Teal Ace Bond Polo,Men's T-shirts,CAVA athleisure,51010987753788,XL,MTS1CS122GRXL,1299.00,False,Sold Out,0,https://cavaathleisure.com/products/teal-ace-bond-polo
https://cavaathleisure.com,9914031472956,Teal Ace Bond Polo,Men's T-shirts,CAVA athleisure,51010987786556,XXL,MTS1CS122GRXXL,1299.00,True,Available,1,https://cavaathleisure.com/products/teal-ace-bond-polo
https://cavaathleisure.com,9914052837692,"Black 5"" Train-In Shorts",Men's Shorts,CAVA athleisure,51011028615484,30,MSH1CS119BK30,1499.00,False,Sold Out,0,https://cavaathleisure.com/products/black-5-train-in-shorts
https://cavaathleisure.com,9914052837692,"Black 5"" Train-In Shorts",Men's Shorts,CAVA athleisure,51011028648252,32,MSH1CS119BK32,1499.00,False,Sold Out,0,https://cavaathleisure.com/products/black-5-train-in-shorts
https://cavaathleisure.com,9914052837692,"Black 5"" Train-In Shorts",Men's Shorts,CAVA athleisure,51011028681020,34,MSH1CS119BK34,1499.00,False,Sold Out,0,https://cavaathleisure.com/products/black-5-train-in-shorts
https://cavaathleisure.com,9914052837692,"Black 5"" Train-In Shorts",Men's Shorts,CAVA athleisure,51011028713788,36,MSH1CS119BK36,1499.00,True,Available,1,https://cavaathleisure.com/products/black-5-train-in-shorts
https://cavaathleisure.com,9914052837692,"Black 5"" Train-In Shorts",Men's Shorts,CAVA athleisure,51011028746556,38,MSH1CS119BK38,1499.00,True,Available,1,https://cavaathleisure.com/products/black-5-train-in-shorts
https://cavaathleisure.com,9914029998396,White Ace Bond Polo,Men's T-shirts,CAVA athleisure,51010983428412,S,MTS1CS122WHS,1299.00,False,Sold Out,0,https://cavaathleisure.com/products/white-ace-bond-polo
https://cavaathleisure.com,9914029998396,White Ace Bond Polo,Men's T-shirts,CAVA athleisure,51010983461180,M,MTS1CS122WHM,1299.00,False,Sold Out,0,https://cavaathleisure.com/products/white-ace-bond-polo
https://cavaathleisure.com,9914029998396,White Ace Bond Polo,Men's T-shirts,CAVA athleisure,51010983493948,L,MTS1CS122WHL,1299.00,False,Sold Out,0,https://cavaathleisure.com/products/white-ace-bond-polo
https://cavaathleisure.com,9914029998396,White Ace Bond Polo,Men's T-shirts,CAVA athleisure,51010983526716,XL,MTS1CS122WHXL,1299.00,False,Sold Out,0,https://cavaathleisure.com/products/white-ace-bond-polo
https://cavaathleisure.com,9914029998396,White Ace Bond Polo,Men's T-shirts,CAVA athleisure,51010983559484,XXL,MTS1CS122WHXXL,1299.00,True,Available,1,https://cavaathleisure.com/products/white-ace-bond-polo
https://cavaathleisure.com,9914027508028,Black Ace Bond Polo,Men's T-shirts,CAVA athleisure,51010976842044,S,MTS1CS122BKS,1299.00,True,Available,1,https://cavaathleisure.com/products/black-ace-bond-polo
https://cavaathleisure.com,9914027508028,Black Ace Bond Polo,Men's T-shirts,CAVA athleisure,51010976874812,M,MTS1CS122BKM,1299.00,False,Sold Out,0,https://cavaathleisure.com/products/black-ace-bond-polo
https://cavaathleisure.com,9914027508028,Black Ace Bond Polo,Men's T-shirts,CAVA athleisure,51010976907580,L,MTS1CS122BKL,1299.00,False,Sold Out,0,https://cavaathleisure.com/products/black-ace-bond-polo
https://cavaathleisure.com,9914027508028,Black Ace Bond Polo,Men's T-shirts,CAVA athleisure,51010976940348,XL,MTS1CS122BKXL,1299.00,False,Sold Out,0,https://cavaathleisure.com/products/black-ace-bond-polo
https://cavaathleisure.com,9914027508028,Black Ace Bond Polo,Men's T-shirts,CAVA athleisure,51010976973116,XXL,MTS1CS122BKXXL,1299.00,False,Sold Out,0,https://cavaathleisure.com/products/black-ace-bond-polo
https://cavaathleisure.com,9908469006652,White Techpique Cropped Polo,Women's Tops,CAVA athleisure,50987534123324,XS,WTP10CS03WHXS,560.00,False,Sold Out,0,https://cavaathleisure.com/products/white-techpique-cropped-polo
https://cavaathleisure.com,9908469006652,White Techpique Cropped Polo,Women's Tops,CAVA athleisure,50987534156092,S,WTP10CS03WHS,560.00,False,Sold Out,0,https://cavaathleisure.com/products/white-techpique-cropped-polo
https://cavaathleisure.com,9908469006652,White Techpique Cropped Polo,Women's Tops,CAVA athleisure,50987534188860,M,WTP10CS03WHM,560.00,False,Sold Out,0,https://cavaathleisure.com/products/white-techpique-cropped-polo
https://cavaathleisure.com,9908469006652,White Techpique Cropped Polo,Women's Tops,CAVA athleisure,50987534221628,L,WTP10CS03WHL,560.00,False,Sold Out,0,https://cavaathleisure.com/products/white-techpique-cropped-polo
https://cavaathleisure.com,9908469006652,White Techpique Cropped Polo,Women's Tops,CAVA athleisure,50987534254396,XL,WTP10CS03WHXL,560.00,False,Sold Out,0,https://cavaathleisure.com/products/white-techpique-cropped-polo
https://cavaathleisure.com,9908469006652,White Techpique Cropped Polo,Women's Tops,CAVA athleisure,50987534287164,XXL,WTP10CS03WHXXL,560.00,False,Sold Out,0,https://cavaathleisure.com/products/white-techpique-cropped-polo
https://cavaathleisure.com,9914035732796,"Navy 5"" Train-In Shorts",Men's Shorts,CAVA athleisure,51010998436156,30,MSH1CS119NY30,1499.00,True,Available,1,https://cavaathleisure.com/products/navy-train-in-shorts
https://cavaathleisure.com,9914035732796,"Navy 5"" Train-In Shorts",Men's Shorts,CAVA athleisure,51010998468924,32,MSH1CS119NY32,1499.00,True,Available,1,https://cavaathleisure.com/products/navy-train-in-shorts
https://cavaathleisure.com,9914035732796,"Navy 5"" Train-In Shorts",Men's Shorts,CAVA athleisure,51010998501692,34,MSH1CS119NY34,1499.00,True,Available,1,https://cavaathleisure.com/products/navy-train-in-shorts
https://cavaathleisure.com,9914035732796,"Navy 5"" Train-In Shorts",Men's Shorts,CAVA athleisure,51010998534460,36,MSH1CS119NY36,1499.00,False,Sold Out,0,https://cavaathleisure.com/products/navy-train-in-shorts
https://cavaathleisure.com,9914035732796,"Navy 5"" Train-In Shorts",Men's Shorts,CAVA athleisure,51010998567228,38,MSH1CS119NY38,1499.00,True,Available,1,https://cavaathleisure.com/products/navy-train-in-shorts
https://cavaathleisure.com,9908468810044,Navy Techpique Cropped Polo,Women's Tops,CAVA athleisure,50987533336892,XS,WTP10CS03NYXS,818.00,False,Sold Out,0,https://cavaathleisure.com/products/navy-techpique-cropped-polo
https://cavaathleisure.com,9908468810044,Navy Techpique Cropped Polo,Women's Tops,CAVA athleisure,50987533369660,S,WTP10CS03NYS,818.00,False,Sold Out,0,https://cavaathleisure.com/products/navy-techpique-cropped-polo
https://cavaathleisure.com,9908468810044,Navy Techpique Cropped Polo,Women's Tops,CAVA athleisure,50987533402428,M,WTP10CS03NYM,818.00,False,Sold Out,0,https://cavaathleisure.com/products/navy-techpique-cropped-polo
https://cavaathleisure.com,9908468810044,Navy Techpique Cropped Polo,Women's Tops,CAVA athleisure,50987533435196,L,WTP10CS03NYL,818.00,False,Sold Out,0,https://cavaathleisure.com/products/navy-techpique-cropped-polo
https://cavaathleisure.com,9908468810044,Navy Techpique Cropped Polo,Women's Tops,CAVA athleisure,50987533467964,XL,WTP10CS03NYXL,818.00,False,Sold Out,0,https://cavaathleisure.com/products/navy-techpique-cropped-polo
https://cavaathleisure.com,9908468810044,Navy Techpique Cropped Polo,Women's Tops,CAVA athleisure,50987533500732,XXL,WTP10CS03NYXXL,818.00,False,Sold Out,0,https://cavaathleisure.com/products/navy-techpique-cropped-polo
https://cavaathleisure.com,9908464615740,Black Techpique Cropped Polo,Women's Tops,CAVA athleisure,50987506729276,XS,WTP10CS03BKXS,560.00,False,Sold Out,0,https://cavaathleisure.com/products/black-techpique-cropped-polo
https://cavaathleisure.com,9908464615740,Black Techpique Cropped Polo,Women's Tops,CAVA athleisure,50987506762044,S,WTP10CS03BKS,560.00,False,Sold Out,0,https://cavaathleisure.com/products/black-techpique-cropped-polo
https://cavaathleisure.com,9908464615740,Black Techpique Cropped Polo,Women's Tops,CAVA athleisure,50987506794812,M,WTP10CS03BKM,560.00,False,Sold Out,0,https://cavaathleisure.com/products/black-techpique-cropped-polo
https://cavaathleisure.com,9908464615740,Black Techpique Cropped Polo,Women's Tops,CAVA athleisure,50987506827580,L,WTP10CS03BKL,560.00,False,Sold Out,0,https://cavaathleisure.com/products/black-techpique-cropped-polo
https://cavaathleisure.com,9908464615740,Black Techpique Cropped Polo,Women's Tops,CAVA athleisure,50987506860348,XL,WTP10CS03BKXL,560.00,False,Sold Out,0,https://cavaathleisure.com/products/black-techpique-cropped-polo
https://cavaathleisure.com,9908464615740,Black Techpique Cropped Polo,Women's Tops,CAVA athleisure,50987506893116,XXL,WTP10CS03BKXXL,560.00,False,Sold Out,0,https://cavaathleisure.com/products/black-techpique-cropped-polo
https://cavaathleisure.com,9908137394492,White Techpique Sleeveless Polo,Women's Tops,CAVA athleisure,50985384706364,XS,WTP10CS04WHXS,783.00,False,Sold Out,0,https://cavaathleisure.com/products/white-techpique-sleeveless-polo
https://cavaathleisure.com,9908137394492,White Techpique Sleeveless Polo,Women's Tops,CAVA athleisure,50985384739132,S,WTP10CS04WHS,783.00,False,Sold Out,0,https://cavaathleisure.com/products/white-techpique-sleeveless-polo
https://cavaathleisure.com,9908137394492,White Techpique Sleeveless Polo,Women's Tops,CAVA athleisure,50985384771900,M,WTP10CS04WHM,783.00,False,Sold Out,0,https://cavaathleisure.com/products/white-techpique-sleeveless-polo
https://cavaathleisure.com,9908137394492,White Techpique Sleeveless Polo,Women's Tops,CAVA athleisure,50985384804668,L,WTP10CS04WHL,783.00,False,Sold Out,0,https://cavaathleisure.com/products/white-techpique-sleeveless-polo
https://cavaathleisure.com,9908137394492,White Techpique Sleeveless Polo,Women's Tops,CAVA athleisure,50985384837436,XL,WTP10CS04WHXL,783.00,True,Available,1,https://cavaathleisure.com/products/white-techpique-sleeveless-polo
https://cavaathleisure.com,9908137394492,White Techpique Sleeveless Polo,Women's Tops,CAVA athleisure,50985384870204,XXL,WTP10CS04WHXXL,783.00,True,Available,1,https://cavaathleisure.com/products/white-techpique-sleeveless-polo
https://cavaathleisure.com,9908891091260,Pink Cross Back Sports Bra,Sports Bras,CAVA athleisure,50989513277756,XS,WSB14SET1PUXS,1199.00,True,Available,1,https://cavaathleisure.com/products/pink-cross-back-sports-bra
https://cavaathleisure.com,9908891091260,Pink Cross Back Sports Bra,Sports Bras,CAVA athleisure,50989513310524,S,WSB14SET1PUS,1199.00,True,Available,1,https://cavaathleisure.com/products/pink-cross-back-sports-bra
https://cavaathleisure.com,9908891091260,Pink Cross Back Sports Bra,Sports Bras,CAVA athleisure,50989513343292,M,WSB14SET1PUM,1199.00,True,Available,1,https://cavaathleisure.com/products/pink-cross-back-sports-bra
https://cavaathleisure.com,9908891091260,Pink Cross Back Sports Bra,Sports Bras,CAVA athleisure,50989513376060,L,WSB14SET1PUL,1199.00,True,Available,1,https://cavaathleisure.com/products/pink-cross-back-sports-bra
https://cavaathleisure.com,9908891091260,Pink Cross Back Sports Bra,Sports Bras,CAVA athleisure,50989513408828,XL,WSB14SET1PUXL,1199.00,True,Available,1,https://cavaathleisure.com/products/pink-cross-back-sports-bra
https://cavaathleisure.com,9908891091260,Pink Cross Back Sports Bra,Sports Bras,CAVA athleisure,50989513441596,XXL,WSB14SET1PUXXL,1199.00,True,Available,1,https://cavaathleisure.com/products/pink-cross-back-sports-bra
https://cavaathleisure.com,9908137951548,Black Techpique Sleeveless Polo,Women's Tops,CAVA athleisure,50985388671292,XS,WTP10CS04BKXS,800.00,True,Available,1,https://cavaathleisure.com/products/black-techpique-sleeveless-polo
https://cavaathleisure.com,9908137951548,Black Techpique Sleeveless Polo,Women's Tops,CAVA athleisure,50985388704060,S,WTP10CS04BKS,800.00,True,Available,1,https://cavaathleisure.com/products/black-techpique-sleeveless-polo
https://cavaathleisure.com,9908137951548,Black Techpique Sleeveless Polo,Women's Tops,CAVA athleisure,50985388736828,M,WTP10CS04BKM,800.00,False,Sold Out,0,https://cavaathleisure.com/products/black-techpique-sleeveless-polo
https://cavaathleisure.com,9908137951548,Black Techpique Sleeveless Polo,Women's Tops,CAVA athleisure,50985388769596,L,WTP10CS04BKL,800.00,False,Sold Out,0,https://cavaathleisure.com/products/black-techpique-sleeveless-polo
https://cavaathleisure.com,9908137951548,Black Techpique Sleeveless Polo,Women's Tops,CAVA athleisure,50985388802364,XL,WTP10CS04BKXL,800.00,True,Available,1,https://cavaathleisure.com/products/black-techpique-sleeveless-polo
https://cavaathleisure.com,9908137951548,Black Techpique Sleeveless Polo,Women's Tops,CAVA athleisure,50985388835132,XXL,WTP10CS04BKXXL,800.00,True,Available,1,https://cavaathleisure.com/products/black-techpique-sleeveless-polo
https://cavaathleisure.com,9908474741052,Moscow Blue Cross Back Sports Bra,Sports Bras,CAVA athleisure,50987596906812,XS,WSB14SET1BLXS,1199.00,True,Available,1,https://cavaathleisure.com/products/moscow-blue-cross-back-sports-bra
https://cavaathleisure.com,9908474741052,Moscow Blue Cross Back Sports Bra,Sports Bras,CAVA athleisure,50987596939580,S,WSB14SET1BLS,1199.00,True,Available,1,https://cavaathleisure.com/products/moscow-blue-cross-back-sports-bra
https://cavaathleisure.com,9908474741052,Moscow Blue Cross Back Sports Bra,Sports Bras,CAVA athleisure,50987596972348,M,WSB14SET1BLM,1199.00,True,Available,1,https://cavaathleisure.com/products/moscow-blue-cross-back-sports-bra
https://cavaathleisure.com,9908474741052,Moscow Blue Cross Back Sports Bra,Sports Bras,CAVA athleisure,50987597005116,L,WSB14SET1BLL,1199.00,True,Available,1,https://cavaathleisure.com/products/moscow-blue-cross-back-sports-bra
https://cavaathleisure.com,9908474741052,Moscow Blue Cross Back Sports Bra,Sports Bras,CAVA athleisure,50987597037884,XL,WSB14SET1BLXL,1199.00,True,Available,1,https://cavaathleisure.com/products/moscow-blue-cross-back-sports-bra
https://cavaathleisure.com,9908474741052,Moscow Blue Cross Back Sports Bra,Sports Bras,CAVA athleisure,50987597070652,XXL,WSB14SET1BLXXL,1199.00,True,Available,1,https://cavaathleisure.com/products/moscow-blue-cross-back-sports-bra
https://cavaathleisure.com,9908078182716,Black High Impact Sports Bra,Sports Bras,CAVA athleisure,50985134653756,XS,WSB1CS02BKXS,1299.00,True,Available,1,https://cavaathleisure.com/products/black-impact-sport-bra
https://cavaathleisure.com,9908078182716,Black High Impact Sports Bra,Sports Bras,CAVA athleisure,50985134686524,S,WSB1CS02BKS,1299.00,True,Available,1,https://cavaathleisure.com/products/black-impact-sport-bra
https://cavaathleisure.com,9908078182716,Black High Impact Sports Bra,Sports Bras,CAVA athleisure,50985134719292,M,WSB1CS02BKM,1299.00,False,Sold Out,0,https://cavaathleisure.com/products/black-impact-sport-bra
https://cavaathleisure.com,9908078182716,Black High Impact Sports Bra,Sports Bras,CAVA athleisure,50985134752060,L,WSB1CS02BKL,1299.00,False,Sold Out,0,https://cavaathleisure.com/products/black-impact-sport-bra
https://cavaathleisure.com,9908078182716,Black High Impact Sports Bra,Sports Bras,CAVA athleisure,50985134784828,XL,WSB1CS02BKXL,1299.00,False,Sold Out,0,https://cavaathleisure.com/products/black-impact-sport-bra
https://cavaathleisure.com,9908078182716,Black High Impact Sports Bra,Sports Bras,CAVA athleisure,50985134817596,XXL,WSB1CS02BKXXL,1299.00,False,Sold Out,0,https://cavaathleisure.com/products/black-impact-sport-bra
https://cavaathleisure.com,9908057211196,Blush High Impact Sports Bra,Sports Bras,CAVA athleisure,50985072263484,XS,WSB1CS02PNXS,1299.00,True,Available,1,https://cavaathleisure.com/products/pastel-pink-impact-sport-bra
https://cavaathleisure.com,9908057211196,Blush High Impact Sports Bra,Sports Bras,CAVA athleisure,50985072296252,S,WSB1CS02PNS,1299.00,True,Available,1,https://cavaathleisure.com/products/pastel-pink-impact-sport-bra
https://cavaathleisure.com,9908057211196,Blush High Impact Sports Bra,Sports Bras,CAVA athleisure,50985072329020,M,WSB1CS02PNM,1299.00,False,Sold Out,0,https://cavaathleisure.com/products/pastel-pink-impact-sport-bra
https://cavaathleisure.com,9908057211196,Blush High Impact Sports Bra,Sports Bras,CAVA athleisure,50985072361788,L,WSB1CS02PNL,1299.00,False,Sold Out,0,https://cavaathleisure.com/products/pastel-pink-impact-sport-bra
https://cavaathleisure.com,9908057211196,Blush High Impact Sports Bra,Sports Bras,CAVA athleisure,50985072394556,XL,WSB1CS02PNXL,1299.00,False,Sold Out,0,https://cavaathleisure.com/products/pastel-pink-impact-sport-bra
https://cavaathleisure.com,9908057211196,Blush High Impact Sports Bra,Sports Bras,CAVA athleisure,50985072427324,XXL,WSB1CS02PNXXL,1299.00,False,Sold Out,0,https://cavaathleisure.com/products/pastel-pink-impact-sport-bra
https://cavaathleisure.com,9908136018236,Pink Techpique Sleeveless Polo,Women's Tops,CAVA athleisure,50985380938044,XS,WTP10CS04PNXS,800.00,True,Available,1,https://cavaathleisure.com/products/pink-techpique-sleeveless-polo
https://cavaathleisure.com,9908136018236,Pink Techpique Sleeveless Polo,Women's Tops,CAVA athleisure,50985380970812,S,WTP10CS04PNS,800.00,True,Available,1,https://cavaathleisure.com/products/pink-techpique-sleeveless-polo
https://cavaathleisure.com,9908136018236,Pink Techpique Sleeveless Polo,Women's Tops,CAVA athleisure,50985381003580,M,WTP10CS04PNM,800.00,True,Available,1,https://cavaathleisure.com/products/pink-techpique-sleeveless-polo
https://cavaathleisure.com,9908136018236,Pink Techpique Sleeveless Polo,Women's Tops,CAVA athleisure,50985381036348,L,WTP10CS04PNL,800.00,False,Sold Out,0,https://cavaathleisure.com/products/pink-techpique-sleeveless-polo
https://cavaathleisure.com,9908136018236,Pink Techpique Sleeveless Polo,Women's Tops,CAVA athleisure,50985381069116,XL,WTP10CS04PNXL,800.00,True,Available,1,https://cavaathleisure.com/products/pink-techpique-sleeveless-polo
https://cavaathleisure.com,9908136018236,Pink Techpique Sleeveless Polo,Women's Tops,CAVA athleisure,50985381101884,XXL,WTP10CS04PNXXL,800.00,True,Available,1,https://cavaathleisure.com/products/pink-techpique-sleeveless-polo
https://cavaathleisure.com,9908057538876,Ruby High Impact Sports Bra,Sports Bras,CAVA athleisure,50985112863036,XS,WSB1CS02RDXS,1299.00,True,Available,1,https://cavaathleisure.com/products/ruby-impact-sport-bra
https://cavaathleisure.com,9908057538876,Ruby High Impact Sports Bra,Sports Bras,CAVA athleisure,50985112895804,S,WSB1CS02RDS,1299.00,True,Available,1,https://cavaathleisure.com/products/ruby-impact-sport-bra
https://cavaathleisure.com,9908057538876,Ruby High Impact Sports Bra,Sports Bras,CAVA athleisure,50985112928572,M,WSB1CS02RDM,1299.00,True,Available,1,https://cavaathleisure.com/products/ruby-impact-sport-bra
https://cavaathleisure.com,9908057538876,Ruby High Impact Sports Bra,Sports Bras,CAVA athleisure,50985112961340,L,WSB1CS02RDL,1299.00,True,Available,1,https://cavaathleisure.com/products/ruby-impact-sport-bra
https://cavaathleisure.com,9908057538876,Ruby High Impact Sports Bra,Sports Bras,CAVA athleisure,50985112994108,XL,WSB1CS02RDXL,1299.00,True,Available,1,https://cavaathleisure.com/products/ruby-impact-sport-bra
https://cavaathleisure.com,9908057538876,Ruby High Impact Sports Bra,Sports Bras,CAVA athleisure,50985113026876,XXL,WSB1CS02RDXXL,1299.00,True,Available,1,https://cavaathleisure.com/products/ruby-impact-sport-bra
https://cavaathleisure.com,9907984073020,Black Ultra Support Sports Bra,Sports Bras,CAVA athleisure,50984932704572,XS,WSB1CS01BKXS,1399.00,True,Available,1,https://cavaathleisure.com/products/black-all-square-sports-bra
https://cavaathleisure.com,9907984073020,Black Ultra Support Sports Bra,Sports Bras,CAVA athleisure,50984932737340,S,WSB1CS01BKS,1399.00,True,Available,1,https://cavaathleisure.com/products/black-all-square-sports-bra
https://cavaathleisure.com,9907984073020,Black Ultra Support Sports Bra,Sports Bras,CAVA athleisure,50984932770108,M,WSB1CS01BKM,1399.00,True,Available,1,https://cavaathleisure.com/products/black-all-square-sports-bra
https://cavaathleisure.com,9907984073020,Black Ultra Support Sports Bra,Sports Bras,CAVA athleisure,50984932802876,L,WSB1CS01BKL,1399.00,True,Available,1,https://cavaathleisure.com/products/black-all-square-sports-bra
https://cavaathleisure.com,9907984073020,Black Ultra Support Sports Bra,Sports Bras,CAVA athleisure,50984932835644,XL,WSB1CS01BKXL,1399.00,True,Available,1,https://cavaathleisure.com/products/black-all-square-sports-bra
https://cavaathleisure.com,9907984073020,Black Ultra Support Sports Bra,Sports Bras,CAVA athleisure,50984932868412,XXL,WSB1CS01BKXXL,1399.00,True,Available,1,https://cavaathleisure.com/products/black-all-square-sports-bra
https://cavaathleisure.com,9907982598460,Ruby Ultra Support Sports Bra,Sports Bras,CAVA athleisure,50984928706876,XS,WSB1CS01RDXS,1399.00,True,Available,1,https://cavaathleisure.com/products/ruby-all-square-sports-bra
https://cavaathleisure.com,9907982598460,Ruby Ultra Support Sports Bra,Sports Bras,CAVA athleisure,50984928739644,S,WSB1CS01RDS,1399.00,True,Available,1,https://cavaathleisure.com/products/ruby-all-square-sports-bra
https://cavaathleisure.com,9907982598460,Ruby Ultra Support Sports Bra,Sports Bras,CAVA athleisure,50984928772412,M,WSB1CS01RDM,1399.00,True,Available,1,https://cavaathleisure.com/products/ruby-all-square-sports-bra
https://cavaathleisure.com,9907982598460,Ruby Ultra Support Sports Bra,Sports Bras,CAVA athleisure,50984928805180,L,WSB1CS01RDL,1399.00,True,Available,1,https://cavaathleisure.com/products/ruby-all-square-sports-bra
https://cavaathleisure.com,9907982598460,Ruby Ultra Support Sports Bra,Sports Bras,CAVA athleisure,50984928837948,XL,WSB1CS01RDXL,1399.00,True,Available,1,https://cavaathleisure.com/products/ruby-all-square-sports-bra
https://cavaathleisure.com,9907982598460,Ruby Ultra Support Sports Bra,Sports Bras,CAVA athleisure,50984928870716,XXL,WSB1CS01RDXXL,1399.00,True,Available,1,https://cavaathleisure.com/products/ruby-all-square-sports-bra
https://cavaathleisure.com,9905063985468,Pink Plie Pleated Skort,Skorts and Skirts,CAVA athleisure,50972941844796,XS,WSK10CS06PNXS,1699.00,True,Available,1,https://cavaathleisure.com/products/pink-pliee-pleated-skort
https://cavaathleisure.com,9905063985468,Pink Plie Pleated Skort,Skorts and Skirts,CAVA athleisure,50972941877564,S,WSK10CS06PNS,1699.00,True,Available,1,https://cavaathleisure.com/products/pink-pliee-pleated-skort
https://cavaathleisure.com,9905063985468,Pink Plie Pleated Skort,Skorts and Skirts,CAVA athleisure,50972941910332,M,WSK10CS06PNM,1699.00,False,Sold Out,0,https://cavaathleisure.com/products/pink-pliee-pleated-skort
https://cavaathleisure.com,9905063985468,Pink Plie Pleated Skort,Skorts and Skirts,CAVA athleisure,50972941943100,L,WSK10CS06PNL,1699.00,False,Sold Out,0,https://cavaathleisure.com/products/pink-pliee-pleated-skort
https://cavaathleisure.com,9905063985468,Pink Plie Pleated Skort,Skorts and Skirts,CAVA athleisure,50972941975868,XL,WSK10CS06PNXL,1699.00,False,Sold Out,0,https://cavaathleisure.com/products/pink-pliee-pleated-skort
https://cavaathleisure.com,9905063985468,Pink Plie Pleated Skort,Skorts and Skirts,CAVA athleisure,50972942008636,XXL,WSK10CS06PNXXL,1699.00,True,Available,1,https://cavaathleisure.com/products/pink-pliee-pleated-skort
https://cavaathleisure.com,9907979911484,Lilac Ultra Support Sports Bra,Sports Bras,CAVA athleisure,50984923824444,XS,WSB1CS01PUXS,1399.00,True,Available,1,https://cavaathleisure.com/products/lilac-all-square-sports-bra
https://cavaathleisure.com,9907979911484,Lilac Ultra Support Sports Bra,Sports Bras,CAVA athleisure,50984923857212,S,WSB1CS01PUS,1399.00,True,Available,1,https://cavaathleisure.com/products/lilac-all-square-sports-bra
https://cavaathleisure.com,9907979911484,Lilac Ultra Support Sports Bra,Sports Bras,CAVA athleisure,50984923889980,M,WSB1CS01PUM,1399.00,True,Available,1,https://cavaathleisure.com/products/lilac-all-square-sports-bra
https://cavaathleisure.com,9907979911484,Lilac Ultra Support Sports Bra,Sports Bras,CAVA athleisure,50984923922748,L,WSB1CS01PUL,1399.00,True,Available,1,https://cavaathleisure.com/products/lilac-all-square-sports-bra
https://cavaathleisure.com,9907979911484,Lilac Ultra Support Sports Bra,Sports Bras,CAVA athleisure,50984923955516,XL,WSB1CS01PUXL,1399.00,True,Available,1,https://cavaathleisure.com/products/lilac-all-square-sports-bra
https://cavaathleisure.com,9907979911484,Lilac Ultra Support Sports Bra,Sports Bras,CAVA athleisure,50984923988284,XXL,WSB1CS01PUXXL,1399.00,True,Available,1,https://cavaathleisure.com/products/lilac-all-square-sports-bra
https://cavaathleisure.com,9904824222012,Lilac Sculpt Built-in Top,Women's Tops,CAVA athleisure,50972227043644,XS,WTP1CS05PUXS,950.00,False,Sold Out,0,https://cavaathleisure.com/products/lilac-sculpt-built-in-top
https://cavaathleisure.com,9904824222012,Lilac Sculpt Built-in Top,Women's Tops,CAVA athleisure,50972227076412,S,WTP1CS05PUS,950.00,False,Sold Out,0,https://cavaathleisure.com/products/lilac-sculpt-built-in-top
https://cavaathleisure.com,9904824222012,Lilac Sculpt Built-in Top,Women's Tops,CAVA athleisure,50972227109180,M,WTP1CS05PUM,950.00,False,Sold Out,0,https://cavaathleisure.com/products/lilac-sculpt-built-in-top
https://cavaathleisure.com,9904824222012,Lilac Sculpt Built-in Top,Women's Tops,CAVA athleisure,50972227141948,L,WTP1CS05PUL,950.00,False,Sold Out,0,https://cavaathleisure.com/products/lilac-sculpt-built-in-top
https://cavaathleisure.com,9904824222012,Lilac Sculpt Built-in Top,Women's Tops,CAVA athleisure,50972227174716,XL,WTP1CS05PUXL,950.00,False,Sold Out,0,https://cavaathleisure.com/products/lilac-sculpt-built-in-top
https://cavaathleisure.com,9904824222012,Lilac Sculpt Built-in Top,Women's Tops,CAVA athleisure,50972227207484,XXL,WTP1CS05PUXXL,950.00,False,Sold Out,0,https://cavaathleisure.com/products/lilac-sculpt-built-in-top
https://cavaathleisure.com,9905028563260,Black Plie Pleated Skort,Skorts and Skirts,CAVA athleisure,50972845277500,XS,WSK10CS06BKXS,1699.00,True,Available,1,https://cavaathleisure.com/products/black-pliee-pleated-skort
https://cavaathleisure.com,9905028563260,Black Plie Pleated Skort,Skorts and Skirts,CAVA athleisure,50972845310268,S,WSK10CS06BKS,1699.00,True,Available,1,https://cavaathleisure.com/products/black-pliee-pleated-skort
https://cavaathleisure.com,9905028563260,Black Plie Pleated Skort,Skorts and Skirts,CAVA athleisure,50972845343036,M,WSK10CS06BKM,1699.00,True,Available,1,https://cavaathleisure.com/products/black-pliee-pleated-skort
https://cavaathleisure.com,9905028563260,Black Plie Pleated Skort,Skorts and Skirts,CAVA athleisure,50972845375804,L,WSK10CS06BKL,1699.00,True,Available,1,https://cavaathleisure.com/products/black-pliee-pleated-skort
https://cavaathleisure.com,9905028563260,Black Plie Pleated Skort,Skorts and Skirts,CAVA athleisure,50972845408572,XL,WSK10CS06BKXL,1699.00,False,Sold Out,0,https://cavaathleisure.com/products/black-pliee-pleated-skort
https://cavaathleisure.com,9905028563260,Black Plie Pleated Skort,Skorts and Skirts,CAVA athleisure,50972845441340,XXL,WSK10CS06BKXXL,1699.00,False,Sold Out,0,https://cavaathleisure.com/products/black-pliee-pleated-skort
https://cavaathleisure.com,9904815866172,White Sculpt Built-In Top,Women's Tops,CAVA athleisure,50972201713980,XS,WTP1CS05WHXS,950.00,False,Sold Out,0,https://cavaathleisure.com/products/white-sculpt-built-in-top
https://cavaathleisure.com,9904815866172,White Sculpt Built-In Top,Women's Tops,CAVA athleisure,50972201746748,S,WTP1CS05WHS,950.00,False,Sold Out,0,https://cavaathleisure.com/products/white-sculpt-built-in-top
https://cavaathleisure.com,9904815866172,White Sculpt Built-In Top,Women's Tops,CAVA athleisure,50972201779516,M,WTP1CS05WHM,950.00,False,Sold Out,0,https://cavaathleisure.com/products/white-sculpt-built-in-top
https://cavaathleisure.com,9904815866172,White Sculpt Built-In Top,Women's Tops,CAVA athleisure,50972201812284,L,WTP1CS05WHL,950.00,False,Sold Out,0,https://cavaathleisure.com/products/white-sculpt-built-in-top
https://cavaathleisure.com,9904815866172,White Sculpt Built-In Top,Women's Tops,CAVA athleisure,50972201845052,XL,WTP1CS05WHXL,950.00,False,Sold Out,0,https://cavaathleisure.com/products/white-sculpt-built-in-top
https://cavaathleisure.com,9904815866172,White Sculpt Built-In Top,Women's Tops,CAVA athleisure,50972201877820,XXL,WTP1CS05WHXXL,950.00,False,Sold Out,0,https://cavaathleisure.com/products/white-sculpt-built-in-top
https://cavaathleisure.com,9904812785980,Black Sculpt Built-in Top,Women's Tops,CAVA athleisure,50972196766012,XS,WTP1CS05BKXS,950.00,False,Sold Out,0,https://cavaathleisure.com/products/black-sculpt-built-in-top
https://cavaathleisure.com,9904812785980,Black Sculpt Built-in Top,Women's Tops,CAVA athleisure,50972196798780,S,WTP1CS05BKS,950.00,False,Sold Out,0,https://cavaathleisure.com/products/black-sculpt-built-in-top
https://cavaathleisure.com,9904812785980,Black Sculpt Built-in Top,Women's Tops,CAVA athleisure,50972196831548,M,WTP1CS05BKM,950.00,False,Sold Out,0,https://cavaathleisure.com/products/black-sculpt-built-in-top
https://cavaathleisure.com,9904812785980,Black Sculpt Built-in Top,Women's Tops,CAVA athleisure,50972196864316,L,WTP1CS05BKL,950.00,False,Sold Out,0,https://cavaathleisure.com/products/black-sculpt-built-in-top
https://cavaathleisure.com,9904812785980,Black Sculpt Built-in Top,Women's Tops,CAVA athleisure,50972196897084,XL,WTP1CS05BKXL,950.00,False,Sold Out,0,https://cavaathleisure.com/products/black-sculpt-built-in-top
https://cavaathleisure.com,9904812785980,Black Sculpt Built-in Top,Women's Tops,CAVA athleisure,50972196929852,XXL,WTP1CS05BKXXL,950.00,False,Sold Out,0,https://cavaathleisure.com/products/black-sculpt-built-in-top
https://cavaathleisure.com,9903656239420,Ruby Courtside Dress,Women's Dress,CAVA athleisure,50967283433788,XS,WDR1CS07RDXS,1050.00,False,Sold Out,0,https://cavaathleisure.com/products/ruby-courtside-dress
https://cavaathleisure.com,9903656239420,Ruby Courtside Dress,Women's Dress,CAVA athleisure,50967283466556,S,WDR1CS07RDS,1050.00,False,Sold Out,0,https://cavaathleisure.com/products/ruby-courtside-dress
https://cavaathleisure.com,9903656239420,Ruby Courtside Dress,Women's Dress,CAVA athleisure,50967283499324,M,WDR1CS07RDM,1050.00,False,Sold Out,0,https://cavaathleisure.com/products/ruby-courtside-dress
https://cavaathleisure.com,9903656239420,Ruby Courtside Dress,Women's Dress,CAVA athleisure,50967283532092,L,WDR1CS07RDL,1050.00,False,Sold Out,0,https://cavaathleisure.com/products/ruby-courtside-dress
https://cavaathleisure.com,9903656239420,Ruby Courtside Dress,Women's Dress,CAVA athleisure,50967283564860,XL,WDR1CS07RDXL,1050.00,False,Sold Out,0,https://cavaathleisure.com/products/ruby-courtside-dress
https://cavaathleisure.com,9903656239420,Ruby Courtside Dress,Women's Dress,CAVA athleisure,50967283597628,XXL,WDR1CS07RDXXL,1050.00,False,Sold Out,0,https://cavaathleisure.com/products/ruby-courtside-dress
https://cavaathleisure.com,9905011982652,Ivory Plie Pleated Skort,Skorts and Skirts,CAVA athleisure,50972810019132,XS,WSK10CS06WHXS,1699.00,True,Available,1,https://cavaathleisure.com/products/ivory-pliee-pleated-skort
https://cavaathleisure.com,9905011982652,Ivory Plie Pleated Skort,Skorts and Skirts,CAVA athleisure,50972810051900,S,WSK10CS06WHS,1699.00,True,Available,1,https://cavaathleisure.com/products/ivory-pliee-pleated-skort
https://cavaathleisure.com,9905011982652,Ivory Plie Pleated Skort,Skorts and Skirts,CAVA athleisure,50972810084668,M,WSK10CS06WHM,1699.00,True,Available,1,https://cavaathleisure.com/products/ivory-pliee-pleated-skort
https://cavaathleisure.com,9905011982652,Ivory Plie Pleated Skort,Skorts and Skirts,CAVA athleisure,50972810117436,L,WSK10CS06WHL,1699.00,True,Available,1,https://cavaathleisure.com/products/ivory-pliee-pleated-skort
https://cavaathleisure.com,9905011982652,Ivory Plie Pleated Skort,Skorts and Skirts,CAVA athleisure,50972810150204,XL,WSK10CS06WHXL,1699.00,True,Available,1,https://cavaathleisure.com/products/ivory-pliee-pleated-skort
https://cavaathleisure.com,9905011982652,Ivory Plie Pleated Skort,Skorts and Skirts,CAVA athleisure,50972810182972,XXL,WSK10CS06WHXXL,1699.00,True,Available,1,https://cavaathleisure.com/products/ivory-pliee-pleated-skort
https://cavaathleisure.com,9905007853884,Navy Plie Pleated Skort,Skorts and Skirts,CAVA athleisure,50972795109692,XS,WSK10CS06NYXS,1699.00,True,Available,1,https://cavaathleisure.com/products/navy-pliee-pleated-skort
https://cavaathleisure.com,9905007853884,Navy Plie Pleated Skort,Skorts and Skirts,CAVA athleisure,50972795142460,S,WSK10CS06NYS,1699.00,True,Available,1,https://cavaathleisure.com/products/navy-pliee-pleated-skort
https://cavaathleisure.com,9905007853884,Navy Plie Pleated Skort,Skorts and Skirts,CAVA athleisure,50972795175228,M,WSK10CS06NYM,1699.00,True,Available,1,https://cavaathleisure.com/products/navy-pliee-pleated-skort
https://cavaathleisure.com,9905007853884,Navy Plie Pleated Skort,Skorts and Skirts,CAVA athleisure,50972795207996,L,WSK10CS06NYL,1699.00,False,Sold Out,0,https://cavaathleisure.com/products/navy-pliee-pleated-skort
https://cavaathleisure.com,9905007853884,Navy Plie Pleated Skort,Skorts and Skirts,CAVA athleisure,50972795240764,XL,WSK10CS06NYXL,1699.00,True,Available,1,https://cavaathleisure.com/products/navy-pliee-pleated-skort
https://cavaathleisure.com,9905007853884,Navy Plie Pleated Skort,Skorts and Skirts,CAVA athleisure,50972795273532,XXL,WSK10CS06NYXXL,1699.00,True,Available,1,https://cavaathleisure.com/products/navy-pliee-pleated-skort
https://cavaathleisure.com,9903640772924,Ivory Courtside Dress,Women's Dress,CAVA athleisure,50967211540796,XS,WDR1CS07WHXS,1050.00,False,Sold Out,0,https://cavaathleisure.com/products/ivory-courtside-dress
https://cavaathleisure.com,9903640772924,Ivory Courtside Dress,Women's Dress,CAVA athleisure,50967211573564,S,WDR1CS07WHS,1050.00,False,Sold Out,0,https://cavaathleisure.com/products/ivory-courtside-dress
https://cavaathleisure.com,9903640772924,Ivory Courtside Dress,Women's Dress,CAVA athleisure,50967211606332,M,WDR1CS07WHM,1050.00,False,Sold Out,0,https://cavaathleisure.com/products/ivory-courtside-dress
https://cavaathleisure.com,9903640772924,Ivory Courtside Dress,Women's Dress,CAVA athleisure,50967211639100,L,WDR1CS07WHL,1050.00,True,Available,1,https://cavaathleisure.com/products/ivory-courtside-dress
https://cavaathleisure.com,9903640772924,Ivory Courtside Dress,Women's Dress,CAVA athleisure,50967211671868,XL,WDR1CS07WHXL,1050.00,True,Available,1,https://cavaathleisure.com/products/ivory-courtside-dress
https://cavaathleisure.com,9903640772924,Ivory Courtside Dress,Women's Dress,CAVA athleisure,50967211704636,XXL,WDR1CS07WHXXL,1050.00,False,Sold Out,0,https://cavaathleisure.com/products/ivory-courtside-dress
https://cavaathleisure.com,9902503100732,Black Tank Us Later Cropped,Women's Tanks,CAVA athleisure,50962740576572,XS,WTN10CS09BKXS,950.00,False,Sold Out,0,https://cavaathleisure.com/products/black-tank-us-later-cropped
https://cavaathleisure.com,9902503100732,Black Tank Us Later Cropped,Women's Tanks,CAVA athleisure,50962740609340,S,WTN10CS09BKS,950.00,False,Sold Out,0,https://cavaathleisure.com/products/black-tank-us-later-cropped
https://cavaathleisure.com,9902503100732,Black Tank Us Later Cropped,Women's Tanks,CAVA athleisure,50962740642108,M,WTN10CS09BKM,950.00,False,Sold Out,0,https://cavaathleisure.com/products/black-tank-us-later-cropped
https://cavaathleisure.com,9902503100732,Black Tank Us Later Cropped,Women's Tanks,CAVA athleisure,50962740674876,L,WTN10CS09BKL,950.00,False,Sold Out,0,https://cavaathleisure.com/products/black-tank-us-later-cropped
https://cavaathleisure.com,9902503100732,Black Tank Us Later Cropped,Women's Tanks,CAVA athleisure,50962740707644,XL,WTN10CS09BKXL,950.00,False,Sold Out,0,https://cavaathleisure.com/products/black-tank-us-later-cropped
https://cavaathleisure.com,9902503100732,Black Tank Us Later Cropped,Women's Tanks,CAVA athleisure,50962740740412,XXL,WTN10CS09BKXXL,950.00,False,Sold Out,0,https://cavaathleisure.com/products/black-tank-us-later-cropped
https://cavaathleisure.com,9902485930300,Ivory Tank Us Later Cropped,Women's Tanks,CAVA athleisure,50962664358204,XS,WTN10CS09WHXS,1055.00,False,Sold Out,0,https://cavaathleisure.com/products/ivory-tank-us-later-cropped
https://cavaathleisure.com,9902485930300,Ivory Tank Us Later Cropped,Women's Tanks,CAVA athleisure,50962664390972,S,WTN10CS09WHS,1055.00,False,Sold Out,0,https://cavaathleisure.com/products/ivory-tank-us-later-cropped
https://cavaathleisure.com,9902485930300,Ivory Tank Us Later Cropped,Women's Tanks,CAVA athleisure,50962664423740,M,WTN10CS09WHM,1055.00,False,Sold Out,0,https://cavaathleisure.com/products/ivory-tank-us-later-cropped
https://cavaathleisure.com,9902485930300,Ivory Tank Us Later Cropped,Women's Tanks,CAVA athleisure,50962664456508,L,WTN10CS09WHL,1055.00,False,Sold Out,0,https://cavaathleisure.com/products/ivory-tank-us-later-cropped
https://cavaathleisure.com,9902485930300,Ivory Tank Us Later Cropped,Women's Tanks,CAVA athleisure,50962664489276,XL,WTN10CS09WHXL,1055.00,False,Sold Out,0,https://cavaathleisure.com/products/ivory-tank-us-later-cropped
https://cavaathleisure.com,9902485930300,Ivory Tank Us Later Cropped,Women's Tanks,CAVA athleisure,50962664522044,XXL,WTN10CS09WHXXL,1055.00,False,Sold Out,0,https://cavaathleisure.com/products/ivory-tank-us-later-cropped
https://cavaathleisure.com,9903471067452,Green Aerial Leggings,Leggings,CAVA athleisure,50966594552124,XS,WLG10SET12GRXS,999.00,True,Available,1,https://cavaathleisure.com/products/green-aerial-leggings
https://cavaathleisure.com,9903471067452,Green Aerial Leggings,Leggings,CAVA athleisure,50966594584892,S,WLG10SET12GRS,999.00,True,Available,1,https://cavaathleisure.com/products/green-aerial-leggings
https://cavaathleisure.com,9903471067452,Green Aerial Leggings,Leggings,CAVA athleisure,50966594617660,M,WLG10SET12GRM,999.00,True,Available,1,https://cavaathleisure.com/products/green-aerial-leggings
https://cavaathleisure.com,9903471067452,Green Aerial Leggings,Leggings,CAVA athleisure,50966594650428,L,WLG10SET12GRL,999.00,False,Sold Out,0,https://cavaathleisure.com/products/green-aerial-leggings
https://cavaathleisure.com,9903471067452,Green Aerial Leggings,Leggings,CAVA athleisure,50966594683196,XL,WLG10SET12GRXL,999.00,False,Sold Out,0,https://cavaathleisure.com/products/green-aerial-leggings
https://cavaathleisure.com,9903471067452,Green Aerial Leggings,Leggings,CAVA athleisure,50966594715964,XXL,WLG10SET12GRXXL,999.00,False,Sold Out,0,https://cavaathleisure.com/products/green-aerial-leggings
https://cavaathleisure.com,9878391062844,Black Urban Zipper Polo,Men's T-shirts,CAVA athleisure,50747952595260,S,MTS11CS120BKS,949.00,False,Sold Out,0,https://cavaathleisure.com/products/black-urban-zipper-polo
https://cavaathleisure.com,9878391062844,Black Urban Zipper Polo,Men's T-shirts,CAVA athleisure,50747952628028,M,MTS11CS120BKM,949.00,False,Sold Out,0,https://cavaathleisure.com/products/black-urban-zipper-polo
https://cavaathleisure.com,9878391062844,Black Urban Zipper Polo,Men's T-shirts,CAVA athleisure,50747952660796,L,MTS11CS120BKL,949.00,False,Sold Out,0,https://cavaathleisure.com/products/black-urban-zipper-polo
https://cavaathleisure.com,9878391062844,Black Urban Zipper Polo,Men's T-shirts,CAVA athleisure,50747952693564,XL,MTS11CS120BKXL,949.00,False,Sold Out,0,https://cavaathleisure.com/products/black-urban-zipper-polo
https://cavaathleisure.com,9878391062844,Black Urban Zipper Polo,Men's T-shirts,CAVA athleisure,50747952726332,XXL,MTS11CS120BKXXL,949.00,True,Available,1,https://cavaathleisure.com/products/black-urban-zipper-polo
https://cavaathleisure.com,9878119612732,Off-White Urban Zipper Polo,Men's T-shirts,CAVA athleisure,50746999472444,S,MTS11CS120WHS,934.00,False,Sold Out,0,https://cavaathleisure.com/products/off-white-urban-zipper-polo
https://cavaathleisure.com,9878119612732,Off-White Urban Zipper Polo,Men's T-shirts,CAVA athleisure,50746999505212,M,MTS11CS120WHM,934.00,False,Sold Out,0,https://cavaathleisure.com/products/off-white-urban-zipper-polo
https://cavaathleisure.com,9878119612732,Off-White Urban Zipper Polo,Men's T-shirts,CAVA athleisure,50746999537980,L,MTS11CS120WHL,934.00,False,Sold Out,0,https://cavaathleisure.com/products/off-white-urban-zipper-polo
https://cavaathleisure.com,9878119612732,Off-White Urban Zipper Polo,Men's T-shirts,CAVA athleisure,50746999570748,XL,MTS11CS120WHXL,934.00,False,Sold Out,0,https://cavaathleisure.com/products/off-white-urban-zipper-polo
https://cavaathleisure.com,9878119612732,Off-White Urban Zipper Polo,Men's T-shirts,CAVA athleisure,50746999603516,XXL,MTS11CS120WHXXL,934.00,False,Sold Out,0,https://cavaathleisure.com/products/off-white-urban-zipper-polo
https://cavaathleisure.com,9878112502076,Black Everywear Joggers,Men's Joggers,CAVA athleisure,50746968736060,S,MTR5CS111BKS,1499.00,False,Sold Out,0,https://cavaathleisure.com/products/black-everywear-pants
https://cavaathleisure.com,9878112502076,Black Everywear Joggers,Men's Joggers,CAVA athleisure,50746968768828,M,MTR5CS111BKM,1499.00,False,Sold Out,0,https://cavaathleisure.com/products/black-everywear-pants
https://cavaathleisure.com,9878112502076,Black Everywear Joggers,Men's Joggers,CAVA athleisure,50746968801596,L,MTR5CS111BKL,1499.00,False,Sold Out,0,https://cavaathleisure.com/products/black-everywear-pants
https://cavaathleisure.com,9878112502076,Black Everywear Joggers,Men's Joggers,CAVA athleisure,50746968834364,XL,MTR5CS111BKXL,1499.00,False,Sold Out,0,https://cavaathleisure.com/products/black-everywear-pants
https://cavaathleisure.com,9878112502076,Black Everywear Joggers,Men's Joggers,CAVA athleisure,50746968867132,XXL,MTR5CS111BKXXL,1499.00,False,Sold Out,0,https://cavaathleisure.com/products/black-everywear-pants
https://cavaathleisure.com,9878406922556,Teal Urban Zipper Polo,Men's T-shirts,CAVA athleisure,50747980906812,S,MTS11CS120GRS,949.00,True,Available,1,https://cavaathleisure.com/products/green-urban-zipper-polo
https://cavaathleisure.com,9878406922556,Teal Urban Zipper Polo,Men's T-shirts,CAVA athleisure,50747980939580,M,MTS11CS120GRM,949.00,False,Sold Out,0,https://cavaathleisure.com/products/green-urban-zipper-polo
https://cavaathleisure.com,9878406922556,Teal Urban Zipper Polo,Men's T-shirts,CAVA athleisure,50747980972348,L,MTS11CS120GRL,949.00,True,Available,1,https://cavaathleisure.com/products/green-urban-zipper-polo
https://cavaathleisure.com,9878406922556,Teal Urban Zipper Polo,Men's T-shirts,CAVA athleisure,50747981005116,XL,MTS11CS120GRXL,949.00,True,Available,1,https://cavaathleisure.com/products/green-urban-zipper-polo
https://cavaathleisure.com,9878406922556,Teal Urban Zipper Polo,Men's T-shirts,CAVA athleisure,50747981037884,XXL,MTS11CS120GRXXL,949.00,True,Available,1,https://cavaathleisure.com/products/green-urban-zipper-polo
https://cavaathleisure.com,9898534732092,Pink Sculptor Jacket,Women's Jackets,CAVA athleisure,50933048148284,XS,WJK10Set5PNXS,1799.00,True,Available,1,https://cavaathleisure.com/products/pink-sculptor-jacket
https://cavaathleisure.com,9898534732092,Pink Sculptor Jacket,Women's Jackets,CAVA athleisure,50933048181052,S,WJK10Set5PNS,1799.00,True,Available,1,https://cavaathleisure.com/products/pink-sculptor-jacket
https://cavaathleisure.com,9898534732092,Pink Sculptor Jacket,Women's Jackets,CAVA athleisure,50933048213820,M,WJK10Set5PNM,1799.00,True,Available,1,https://cavaathleisure.com/products/pink-sculptor-jacket
https://cavaathleisure.com,9898534732092,Pink Sculptor Jacket,Women's Jackets,CAVA athleisure,50933048246588,L,WJK10Set5PNL,1799.00,True,Available,1,https://cavaathleisure.com/products/pink-sculptor-jacket
https://cavaathleisure.com,9898534732092,Pink Sculptor Jacket,Women's Jackets,CAVA athleisure,50933048279356,XL,WJK10Set5PNXL,1799.00,True,Available,1,https://cavaathleisure.com/products/pink-sculptor-jacket
https://cavaathleisure.com,9898534732092,Pink Sculptor Jacket,Women's Jackets,CAVA athleisure,50933048312124,XXL,WJK10Set5PNXXL,1799.00,True,Available,1,https://cavaathleisure.com/products/pink-sculptor-jacket
https://cavaathleisure.com,9898599350588,Steel Blue Sculptor Jacket,Women's Jackets,CAVA athleisure,50933669036348,XS,WJK10Set5NYXS,1799.00,True,Available,1,https://cavaathleisure.com/products/steel-blue-sculptor-jacket
https://cavaathleisure.com,9898599350588,Steel Blue Sculptor Jacket,Women's Jackets,CAVA athleisure,50933669069116,S,WJK10Set5NYS,1799.00,True,Available,1,https://cavaathleisure.com/products/steel-blue-sculptor-jacket
https://cavaathleisure.com,9898599350588,Steel Blue Sculptor Jacket,Women's Jackets,CAVA athleisure,50933669101884,M,WJK10Set5NYM,1799.00,True,Available,1,https://cavaathleisure.com/products/steel-blue-sculptor-jacket
https://cavaathleisure.com,9898599350588,Steel Blue Sculptor Jacket,Women's Jackets,CAVA athleisure,50933669134652,L,WJK10Set5NYL,1799.00,True,Available,1,https://cavaathleisure.com/products/steel-blue-sculptor-jacket
https://cavaathleisure.com,9898599350588,Steel Blue Sculptor Jacket,Women's Jackets,CAVA athleisure,50933669167420,XL,WJK10Set5NYXL,1799.00,True,Available,1,https://cavaathleisure.com/products/steel-blue-sculptor-jacket
https://cavaathleisure.com,9898599350588,Steel Blue Sculptor Jacket,Women's Jackets,CAVA athleisure,50933669200188,XXL,WJK10Set5NYXXL,1799.00,True,Available,1,https://cavaathleisure.com/products/steel-blue-sculptor-jacket
https://cavaathleisure.com,9877980873020,Black Relax-in Shorts,Men's Shorts,CAVA athleisure,50746339295548,S,MSH5CS110BKS,749.00,False,Sold Out,0,https://cavaathleisure.com/products/black-relax-in-shorts
https://cavaathleisure.com,9877980873020,Black Relax-in Shorts,Men's Shorts,CAVA athleisure,50746339328316,M,MSH5CS110BKM,749.00,False,Sold Out,0,https://cavaathleisure.com/products/black-relax-in-shorts
https://cavaathleisure.com,9877980873020,Black Relax-in Shorts,Men's Shorts,CAVA athleisure,50746339361084,L,MSH5CS110BKL,749.00,False,Sold Out,0,https://cavaathleisure.com/products/black-relax-in-shorts
https://cavaathleisure.com,9877980873020,Black Relax-in Shorts,Men's Shorts,CAVA athleisure,50746339393852,XL,MSH5CS110BKXL,749.00,False,Sold Out,0,https://cavaathleisure.com/products/black-relax-in-shorts
https://cavaathleisure.com,9877980873020,Black Relax-in Shorts,Men's Shorts,CAVA athleisure,50746339426620,XXL,MSH5CS110BKXXL,749.00,False,Sold Out,0,https://cavaathleisure.com/products/black-relax-in-shorts
https://cavaathleisure.com,9877989065020,Light Beige Everywear Joggers,Men's Joggers,CAVA athleisure,50746372817212,S,MTR5CS111BGS,1499.00,False,Sold Out,0,https://cavaathleisure.com/products/light-beige-everywear-pants
https://cavaathleisure.com,9877989065020,Light Beige Everywear Joggers,Men's Joggers,CAVA athleisure,50746372849980,M,MTR5CS111BGM,1499.00,True,Available,1,https://cavaathleisure.com/products/light-beige-everywear-pants
https://cavaathleisure.com,9877989065020,Light Beige Everywear Joggers,Men's Joggers,CAVA athleisure,50746372882748,L,MTR5CS111BGL,1499.00,True,Available,1,https://cavaathleisure.com/products/light-beige-everywear-pants
https://cavaathleisure.com,9877989065020,Light Beige Everywear Joggers,Men's Joggers,CAVA athleisure,50746372915516,XL,MTR5CS111BGXL,1499.00,False,Sold Out,0,https://cavaathleisure.com/products/light-beige-everywear-pants
https://cavaathleisure.com,9877989065020,Light Beige Everywear Joggers,Men's Joggers,CAVA athleisure,50746372948284,XXL,MTR5CS111BGXXL,1499.00,False,Sold Out,0,https://cavaathleisure.com/products/light-beige-everywear-pants
https://cavaathleisure.com,9878104277308,Navy Everywear Joggers,Men's Joggers,CAVA athleisure,50746936328508,S,MTR5CS111NYS,1499.00,False,Sold Out,0,https://cavaathleisure.com/products/navy-everywear-pants
https://cavaathleisure.com,9878104277308,Navy Everywear Joggers,Men's Joggers,CAVA athleisure,50746936361276,M,MTR5CS111NYM,1499.00,True,Available,1,https://cavaathleisure.com/products/navy-everywear-pants
https://cavaathleisure.com,9878104277308,Navy Everywear Joggers,Men's Joggers,CAVA athleisure,50746936394044,L,MTR5CS111NYL,1499.00,True,Available,1,https://cavaathleisure.com/products/navy-everywear-pants
https://cavaathleisure.com,9878104277308,Navy Everywear Joggers,Men's Joggers,CAVA athleisure,50746936426812,XL,MTR5CS111NYXL,1499.00,False,Sold Out,0,https://cavaathleisure.com/products/navy-everywear-pants
https://cavaathleisure.com,9878104277308,Navy Everywear Joggers,Men's Joggers,CAVA athleisure,50746936459580,XXL,MTR5CS111NYXXL,1499.00,False,Sold Out,0,https://cavaathleisure.com/products/navy-everywear-pants
https://cavaathleisure.com,9875660865852,Thistle Supima Polo T-shirt - Regular Fit,Men's T-shirts,CAVA athleisure,50736938942780,S,MTS5CS103PUS,849.00,False,Sold Out,0,https://cavaathleisure.com/products/thistle-supima-polo-t-shirt
https://cavaathleisure.com,9875660865852,Thistle Supima Polo T-shirt - Regular Fit,Men's T-shirts,CAVA athleisure,50736938975548,M,MTS5CS103PUM,849.00,False,Sold Out,0,https://cavaathleisure.com/products/thistle-supima-polo-t-shirt
https://cavaathleisure.com,9875660865852,Thistle Supima Polo T-shirt - Regular Fit,Men's T-shirts,CAVA athleisure,50736939008316,L,MTS5CS103PUL,849.00,False,Sold Out,0,https://cavaathleisure.com/products/thistle-supima-polo-t-shirt
https://cavaathleisure.com,9875660865852,Thistle Supima Polo T-shirt - Regular Fit,Men's T-shirts,CAVA athleisure,50736939041084,XL,MTS5CS103PUXL,849.00,False,Sold Out,0,https://cavaathleisure.com/products/thistle-supima-polo-t-shirt
https://cavaathleisure.com,9875660865852,Thistle Supima Polo T-shirt - Regular Fit,Men's T-shirts,CAVA athleisure,50736939073852,XXL,MTS5CS103PUXXL,849.00,False,Sold Out,0,https://cavaathleisure.com/products/thistle-supima-polo-t-shirt
https://cavaathleisure.com,9877968224572,Light Grey Relax-in Shorts,Men's Shorts,CAVA athleisure,50746281918780,S,MSH5CS110GYS,750.00,True,Available,1,https://cavaathleisure.com/products/light-grey-relax-in-shorts
https://cavaathleisure.com,9877968224572,Light Grey Relax-in Shorts,Men's Shorts,CAVA athleisure,50746281951548,M,MSH5CS110GYM,750.00,False,Sold Out,0,https://cavaathleisure.com/products/light-grey-relax-in-shorts
https://cavaathleisure.com,9877968224572,Light Grey Relax-in Shorts,Men's Shorts,CAVA athleisure,50746281984316,L,MSH5CS110GYL,750.00,False,Sold Out,0,https://cavaathleisure.com/products/light-grey-relax-in-shorts
https://cavaathleisure.com,9877968224572,Light Grey Relax-in Shorts,Men's Shorts,CAVA athleisure,50746282017084,XL,MSH5CS110GYXL,750.00,False,Sold Out,0,https://cavaathleisure.com/products/light-grey-relax-in-shorts
https://cavaathleisure.com,9877968224572,Light Grey Relax-in Shorts,Men's Shorts,CAVA athleisure,50746282049852,XXL,MSH5CS110GYXXL,750.00,True,Available,1,https://cavaathleisure.com/products/light-grey-relax-in-shorts
https://cavaathleisure.com,9877945516348,White Relax-in Shorts,Men's Shorts,CAVA athleisure,50746234503484,S,MSH5CS110WHS,749.00,True,Available,1,https://cavaathleisure.com/products/white-relax-in-shorts
https://cavaathleisure.com,9877945516348,White Relax-in Shorts,Men's Shorts,CAVA athleisure,50746234536252,M,MSH5CS110WHM,749.00,False,Sold Out,0,https://cavaathleisure.com/products/white-relax-in-shorts
https://cavaathleisure.com,9877945516348,White Relax-in Shorts,Men's Shorts,CAVA athleisure,50746234569020,L,MSH5CS110WHL,749.00,False,Sold Out,0,https://cavaathleisure.com/products/white-relax-in-shorts
https://cavaathleisure.com,9877945516348,White Relax-in Shorts,Men's Shorts,CAVA athleisure,50746234601788,XL,MSH5CS110WHXL,749.00,False,Sold Out,0,https://cavaathleisure.com/products/white-relax-in-shorts
https://cavaathleisure.com,9877945516348,White Relax-in Shorts,Men's Shorts,CAVA athleisure,50746234634556,XXL,MSH5CS110WHXXL,749.00,True,Available,1,https://cavaathleisure.com/products/white-relax-in-shorts
https://cavaathleisure.com,9875624198460,Beige Supima Polo T-shirt - Regular Fit,Men's T-shirts,CAVA athleisure,50736824713532,S,MTS5CS103BGS,934.00,False,Sold Out,0,https://cavaathleisure.com/products/beige-supima-polo-t-shirt
https://cavaathleisure.com,9875624198460,Beige Supima Polo T-shirt - Regular Fit,Men's T-shirts,CAVA athleisure,50736824746300,M,MTS5CS103BGM,934.00,False,Sold Out,0,https://cavaathleisure.com/products/beige-supima-polo-t-shirt
https://cavaathleisure.com,9875624198460,Beige Supima Polo T-shirt - Regular Fit,Men's T-shirts,CAVA athleisure,50736824779068,L,MTS5CS103BGL,934.00,False,Sold Out,0,https://cavaathleisure.com/products/beige-supima-polo-t-shirt
https://cavaathleisure.com,9875624198460,Beige Supima Polo T-shirt - Regular Fit,Men's T-shirts,CAVA athleisure,50736824811836,XL,MTS5CS103BGXL,934.00,False,Sold Out,0,https://cavaathleisure.com/products/beige-supima-polo-t-shirt
https://cavaathleisure.com,9875624198460,Beige Supima Polo T-shirt - Regular Fit,Men's T-shirts,CAVA athleisure,50736824844604,XXL,MTS5CS103BGXXL,934.00,False,Sold Out,0,https://cavaathleisure.com/products/beige-supima-polo-t-shirt
https://cavaathleisure.com,9877941092668,Black Supima Polo T-shirt - Regular Fit,Men's T-shirts,CAVA athleisure,50746224967996,S,MTS5CS103BKS,1099.00,True,Available,1,https://cavaathleisure.com/products/black-supima-polo-t-shirt
https://cavaathleisure.com,9877941092668,Black Supima Polo T-shirt - Regular Fit,Men's T-shirts,CAVA athleisure,50746225000764,M,MTS5CS103BKM,1099.00,False,Sold Out,0,https://cavaathleisure.com/products/black-supima-polo-t-shirt
https://cavaathleisure.com,9877941092668,Black Supima Polo T-shirt - Regular Fit,Men's T-shirts,CAVA athleisure,50746225033532,L,MTS5CS103BKL,1099.00,True,Available,1,https://cavaathleisure.com/products/black-supima-polo-t-shirt
https://cavaathleisure.com,9877941092668,Black Supima Polo T-shirt - Regular Fit,Men's T-shirts,CAVA athleisure,50746225066300,XL,MTS5CS103BKXL,1099.00,False,Sold Out,0,https://cavaathleisure.com/products/black-supima-polo-t-shirt
https://cavaathleisure.com,9877941092668,Black Supima Polo T-shirt - Regular Fit,Men's T-shirts,CAVA athleisure,50746225099068,XXL,MTS5CS103BKXXL,1099.00,False,Sold Out,0,https://cavaathleisure.com/products/black-supima-polo-t-shirt
https://cavaathleisure.com,9875526517052,Black Supima V Neck T-shirt - Regular Fit,Men's T-shirts,CAVA athleisure,50736567320892,S,MTS5CS102BKS,749.00,False,Sold Out,0,https://cavaathleisure.com/products/black-supima-v-neck-t-shirt
https://cavaathleisure.com,9875526517052,Black Supima V Neck T-shirt - Regular Fit,Men's T-shirts,CAVA athleisure,50736567353660,M,MTS5CS102BKM,749.00,False,Sold Out,0,https://cavaathleisure.com/products/black-supima-v-neck-t-shirt
https://cavaathleisure.com,9875526517052,Black Supima V Neck T-shirt - Regular Fit,Men's T-shirts,CAVA athleisure,50736567386428,L,MTS5CS102BKL,749.00,True,Available,1,https://cavaathleisure.com/products/black-supima-v-neck-t-shirt
https://cavaathleisure.com,9875526517052,Black Supima V Neck T-shirt - Regular Fit,Men's T-shirts,CAVA athleisure,50736567419196,XL,MTS5CS102BKXL,749.00,True,Available,1,https://cavaathleisure.com/products/black-supima-v-neck-t-shirt
https://cavaathleisure.com,9875526517052,Black Supima V Neck T-shirt - Regular Fit,Men's T-shirts,CAVA athleisure,50736567451964,XXL,MTS5CS102BKXXL,749.00,True,Available,1,https://cavaathleisure.com/products/black-supima-v-neck-t-shirt
https://cavaathleisure.com,9875495420220,Black Supima Crew Neck T-shirt - Relaxed Fit,Men's T-shirts,CAVA athleisure,50736513777980,S,MTS5CS101BKS,799.00,False,Sold Out,0,https://cavaathleisure.com/products/black-supima-essentials-crew-neck
https://cavaathleisure.com,9875495420220,Black Supima Crew Neck T-shirt - Relaxed Fit,Men's T-shirts,CAVA athleisure,50736513810748,M,MTS5CS101BKM,799.00,False,Sold Out,0,https://cavaathleisure.com/products/black-supima-essentials-crew-neck
https://cavaathleisure.com,9875495420220,Black Supima Crew Neck T-shirt - Relaxed Fit,Men's T-shirts,CAVA athleisure,50736513843516,L,MTS5CS101BKL,799.00,True,Available,1,https://cavaathleisure.com/products/black-supima-essentials-crew-neck
https://cavaathleisure.com,9875495420220,Black Supima Crew Neck T-shirt - Relaxed Fit,Men's T-shirts,CAVA athleisure,50736513876284,XL,MTS5CS101BKXL,799.00,True,Available,1,https://cavaathleisure.com/products/black-supima-essentials-crew-neck
https://cavaathleisure.com,9875495420220,Black Supima Crew Neck T-shirt - Relaxed Fit,Men's T-shirts,CAVA athleisure,50736513909052,XXL,MTS5CS101BKXXL,799.00,True,Available,1,https://cavaathleisure.com/products/black-supima-essentials-crew-neck
https://cavaathleisure.com,9875473760572,Jade Supima Crew Neck T-shirt - Relaxed Fit,Men's T-shirts,CAVA athleisure,50736470720828,S,MTS5CS101GRS,799.00,False,Sold Out,0,https://cavaathleisure.com/products/jade-supima-crew-neck-t-shirt
https://cavaathleisure.com,9875473760572,Jade Supima Crew Neck T-shirt - Relaxed Fit,Men's T-shirts,CAVA athleisure,50736470753596,M,MTS5CS101GRM,799.00,False,Sold Out,0,https://cavaathleisure.com/products/jade-supima-crew-neck-t-shirt
https://cavaathleisure.com,9875473760572,Jade Supima Crew Neck T-shirt - Relaxed Fit,Men's T-shirts,CAVA athleisure,50736470786364,L,MTS5CS101GRL,799.00,False,Sold Out,0,https://cavaathleisure.com/products/jade-supima-crew-neck-t-shirt
https://cavaathleisure.com,9875473760572,Jade Supima Crew Neck T-shirt - Relaxed Fit,Men's T-shirts,CAVA athleisure,50736470819132,XL,MTS5CS101GRXL,799.00,False,Sold Out,0,https://cavaathleisure.com/products/jade-supima-crew-neck-t-shirt
https://cavaathleisure.com,9875473760572,Jade Supima Crew Neck T-shirt - Relaxed Fit,Men's T-shirts,CAVA athleisure,50736470851900,XXL,MTS5CS101GRXXL,799.00,True,Available,1,https://cavaathleisure.com/products/jade-supima-crew-neck-t-shirt
https://cavaathleisure.com,9875504365884,Beige Supima V Neck T-shirt - Regular Fit,Men's T-shirts,CAVA athleisure,50736528261436,S,MTS5CS102BGS,749.00,True,Available,1,https://cavaathleisure.com/products/beige-supima-v-neck-t-shirt
https://cavaathleisure.com,9875504365884,Beige Supima V Neck T-shirt - Regular Fit,Men's T-shirts,CAVA athleisure,50736528294204,M,MTS5CS102BGM,749.00,True,Available,1,https://cavaathleisure.com/products/beige-supima-v-neck-t-shirt
https://cavaathleisure.com,9875504365884,Beige Supima V Neck T-shirt - Regular Fit,Men's T-shirts,CAVA athleisure,50736528326972,L,MTS5CS102BGL,749.00,True,Available,1,https://cavaathleisure.com/products/beige-supima-v-neck-t-shirt
https://cavaathleisure.com,9875504365884,Beige Supima V Neck T-shirt - Regular Fit,Men's T-shirts,CAVA athleisure,50736528359740,XL,MTS5CS102BGXL,749.00,True,Available,1,https://cavaathleisure.com/products/beige-supima-v-neck-t-shirt
https://cavaathleisure.com,9875504365884,Beige Supima V Neck T-shirt - Regular Fit,Men's T-shirts,CAVA athleisure,50736528392508,XXL,MTS5CS102BGXXL,749.00,True,Available,1,https://cavaathleisure.com/products/beige-supima-v-neck-t-shirt
https://cavaathleisure.com,9875519504700,Navy Supima V Neck T-shirt - Regular Fit,Men's T-shirts,CAVA athleisure,50736556900668,S,MTS5CS102NYS,749.00,True,Available,1,https://cavaathleisure.com/products/navy-supima-v-neck-t-shirt
https://cavaathleisure.com,9875519504700,Navy Supima V Neck T-shirt - Regular Fit,Men's T-shirts,CAVA athleisure,50736556933436,M,MTS5CS102NYM,749.00,True,Available,1,https://cavaathleisure.com/products/navy-supima-v-neck-t-shirt
https://cavaathleisure.com,9875519504700,Navy Supima V Neck T-shirt - Regular Fit,Men's T-shirts,CAVA athleisure,50736556966204,L,MTS5CS102NYL,749.00,True,Available,1,https://cavaathleisure.com/products/navy-supima-v-neck-t-shirt
https://cavaathleisure.com,9875519504700,Navy Supima V Neck T-shirt - Regular Fit,Men's T-shirts,CAVA athleisure,50736556998972,XL,MTS5CS102NYXL,749.00,True,Available,1,https://cavaathleisure.com/products/navy-supima-v-neck-t-shirt
https://cavaathleisure.com,9875519504700,Navy Supima V Neck T-shirt - Regular Fit,Men's T-shirts,CAVA athleisure,50736557031740,XXL,MTS5CS102NYXXL,749.00,True,Available,1,https://cavaathleisure.com/products/navy-supima-v-neck-t-shirt
https://cavaathleisure.com,9853847044412,Pink Sky-Rise Leggings,Leggings,CAVA athleisure,50644429242684,XS,WLG9SET3PUXS,1299.00,False,Sold Out,0,https://cavaathleisure.com/products/pink-sky-rise-leggings
https://cavaathleisure.com,9853847044412,Pink Sky-Rise Leggings,Leggings,CAVA athleisure,50644470825276,S,WLG9SET3PUS,1299.00,False,Sold Out,0,https://cavaathleisure.com/products/pink-sky-rise-leggings
https://cavaathleisure.com,9853847044412,Pink Sky-Rise Leggings,Leggings,CAVA athleisure,50644429275452,M,WLG9SET3PUM,1299.00,False,Sold Out,0,https://cavaathleisure.com/products/pink-sky-rise-leggings
https://cavaathleisure.com,9853847044412,Pink Sky-Rise Leggings,Leggings,CAVA athleisure,50644429308220,L,WLG9SET3PUL,1299.00,False,Sold Out,0,https://cavaathleisure.com/products/pink-sky-rise-leggings
https://cavaathleisure.com,9853847044412,Pink Sky-Rise Leggings,Leggings,CAVA athleisure,50644429340988,XL,WLG9SET3PUXL,1299.00,False,Sold Out,0,https://cavaathleisure.com/products/pink-sky-rise-leggings
https://cavaathleisure.com,9853847044412,Pink Sky-Rise Leggings,Leggings,CAVA athleisure,50644429373756,XXL,WLG9SET3PUXXL,1299.00,False,Sold Out,0,https://cavaathleisure.com/products/pink-sky-rise-leggings
https://cavaathleisure.com,9853036069180,Pink Pulse Cropped T-shirt,Women's T-shirts,CAVA athleisure,50638103806268,XS,WTP9SET1PUXS,595.00,False,Sold Out,0,https://cavaathleisure.com/products/pink-pulse-cropped-t-shirt
https://cavaathleisure.com,9853036069180,Pink Pulse Cropped T-shirt,Women's T-shirts,CAVA athleisure,50638103839036,S,WTP9SET1PUS,595.00,False,Sold Out,0,https://cavaathleisure.com/products/pink-pulse-cropped-t-shirt
https://cavaathleisure.com,9853036069180,Pink Pulse Cropped T-shirt,Women's T-shirts,CAVA athleisure,50638103871804,M,WTP9SET1PUM,595.00,False,Sold Out,0,https://cavaathleisure.com/products/pink-pulse-cropped-t-shirt
https://cavaathleisure.com,9853036069180,Pink Pulse Cropped T-shirt,Women's T-shirts,CAVA athleisure,50638103904572,L,WTP9SET1PUL,595.00,False,Sold Out,0,https://cavaathleisure.com/products/pink-pulse-cropped-t-shirt
https://cavaathleisure.com,9853036069180,Pink Pulse Cropped T-shirt,Women's T-shirts,CAVA athleisure,50638103937340,XL,WTP9SET1PUXL,595.00,False,Sold Out,0,https://cavaathleisure.com/products/pink-pulse-cropped-t-shirt
https://cavaathleisure.com,9853036069180,Pink Pulse Cropped T-shirt,Women's T-shirts,CAVA athleisure,50638103970108,XXL,WTP9SET1PUXXL,595.00,False,Sold Out,0,https://cavaathleisure.com/products/pink-pulse-cropped-t-shirt
https://cavaathleisure.com,9852989899068,Lime Training Tee,Women's T-shirts,CAVA athleisure,50637782188348,XS,WTS10CS08GRXS,779.00,False,Sold Out,0,https://cavaathleisure.com/products/lime-training-tee
https://cavaathleisure.com,9852989899068,Lime Training Tee,Women's T-shirts,CAVA athleisure,50637782221116,S,WTS10CS08GRS,779.00,False,Sold Out,0,https://cavaathleisure.com/products/lime-training-tee
https://cavaathleisure.com,9852989899068,Lime Training Tee,Women's T-shirts,CAVA athleisure,50637782253884,M,WTS10CS08GRM,779.00,False,Sold Out,0,https://cavaathleisure.com/products/lime-training-tee
https://cavaathleisure.com,9852989899068,Lime Training Tee,Women's T-shirts,CAVA athleisure,50637782286652,L,WTS10CS08GRL,779.00,False,Sold Out,0,https://cavaathleisure.com/products/lime-training-tee
https://cavaathleisure.com,9852989899068,Lime Training Tee,Women's T-shirts,CAVA athleisure,50637782319420,XL,WTS10CS08GRXL,779.00,False,Sold Out,0,https://cavaathleisure.com/products/lime-training-tee
https://cavaathleisure.com,9852989899068,Lime Training Tee,Women's T-shirts,CAVA athleisure,50637782352188,XXL,WTS10CS08GRXXL,779.00,False,Sold Out,0,https://cavaathleisure.com/products/lime-training-tee
https://cavaathleisure.com,9875436929340,Beige Supima Crew Neck T-shirt - Relaxed Fit,Men's T-shirts,CAVA athleisure,50736393093436,S,MTS5CS101BGS,799.00,True,Available,1,https://cavaathleisure.com/products/beige-supima-crew-neck-t-shirt
https://cavaathleisure.com,9875436929340,Beige Supima Crew Neck T-shirt - Relaxed Fit,Men's T-shirts,CAVA athleisure,50736393126204,M,MTS5CS101BGM,799.00,False,Sold Out,0,https://cavaathleisure.com/products/beige-supima-crew-neck-t-shirt
https://cavaathleisure.com,9875436929340,Beige Supima Crew Neck T-shirt - Relaxed Fit,Men's T-shirts,CAVA athleisure,50736393158972,L,MTS5CS101BGL,799.00,True,Available,1,https://cavaathleisure.com/products/beige-supima-crew-neck-t-shirt
https://cavaathleisure.com,9875436929340,Beige Supima Crew Neck T-shirt - Relaxed Fit,Men's T-shirts,CAVA athleisure,50736393191740,XL,MTS5CS101BGXL,799.00,False,Sold Out,0,https://cavaathleisure.com/products/beige-supima-crew-neck-t-shirt
https://cavaathleisure.com,9875436929340,Beige Supima Crew Neck T-shirt - Relaxed Fit,Men's T-shirts,CAVA athleisure,50736393224508,XXL,MTS5CS101BGXXL,799.00,True,Available,1,https://cavaathleisure.com/products/beige-supima-crew-neck-t-shirt
https://cavaathleisure.com,9852834152764,Coral Training Tee,Women's T-shirts,CAVA athleisure,50636852953404,XS,WTS10CS08ORXS,779.00,False,Sold Out,0,https://cavaathleisure.com/products/coral-training-tee
https://cavaathleisure.com,9852834152764,Coral Training Tee,Women's T-shirts,CAVA athleisure,50636852986172,S,WTS10CS08ORS,779.00,False,Sold Out,0,https://cavaathleisure.com/products/coral-training-tee
https://cavaathleisure.com,9852834152764,Coral Training Tee,Women's T-shirts,CAVA athleisure,50636853018940,M,WTS10CS08ORM,779.00,False,Sold Out,0,https://cavaathleisure.com/products/coral-training-tee
https://cavaathleisure.com,9852834152764,Coral Training Tee,Women's T-shirts,CAVA athleisure,50636853051708,L,WTS10CS08ORL,779.00,False,Sold Out,0,https://cavaathleisure.com/products/coral-training-tee
https://cavaathleisure.com,9852834152764,Coral Training Tee,Women's T-shirts,CAVA athleisure,50636853084476,XL,WTS10CS08ORXL,779.00,False,Sold Out,0,https://cavaathleisure.com/products/coral-training-tee
https://cavaathleisure.com,9852834152764,Coral Training Tee,Women's T-shirts,CAVA athleisure,50636853117244,XXL,WTS10CS08ORXXL,779.00,False,Sold Out,0,https://cavaathleisure.com/products/coral-training-tee
https://cavaathleisure.com,9852831793468,Lilac Training Tee,Women's T-shirts,CAVA athleisure,50636838338876,XS,WTS10CS08PUXS,779.00,False,Sold Out,0,https://cavaathleisure.com/products/lilac-training-tee
https://cavaathleisure.com,9852831793468,Lilac Training Tee,Women's T-shirts,CAVA athleisure,50636838371644,S,WTS10CS08PUS,779.00,False,Sold Out,0,https://cavaathleisure.com/products/lilac-training-tee
https://cavaathleisure.com,9852831793468,Lilac Training Tee,Women's T-shirts,CAVA athleisure,50636838404412,M,WTS10CS08PUM,779.00,False,Sold Out,0,https://cavaathleisure.com/products/lilac-training-tee
https://cavaathleisure.com,9852831793468,Lilac Training Tee,Women's T-shirts,CAVA athleisure,50636838437180,L,WTS10CS08PUL,779.00,False,Sold Out,0,https://cavaathleisure.com/products/lilac-training-tee
https://cavaathleisure.com,9852831793468,Lilac Training Tee,Women's T-shirts,CAVA athleisure,50636838469948,XL,WTS10CS08PUXL,779.00,False,Sold Out,0,https://cavaathleisure.com/products/lilac-training-tee
https://cavaathleisure.com,9852831793468,Lilac Training Tee,Women's T-shirts,CAVA athleisure,50636838502716,XXL,WTS10CS08PUXXL,779.00,False,Sold Out,0,https://cavaathleisure.com/products/lilac-training-tee
https://cavaathleisure.com,9853706109244,Pink Super Stretch Brami,Sports Bras,CAVA athleisure,50643152568636,XS,WSB9SET3PUXS,1199.00,False,Sold Out,0,https://cavaathleisure.com/products/pink-super-stretch-brami
https://cavaathleisure.com,9853706109244,Pink Super Stretch Brami,Sports Bras,CAVA athleisure,50643152601404,S,WSB9SET3PUS,1199.00,True,Available,1,https://cavaathleisure.com/products/pink-super-stretch-brami
https://cavaathleisure.com,9853706109244,Pink Super Stretch Brami,Sports Bras,CAVA athleisure,50643152634172,M,WSB9SET3PUM,1199.00,False,Sold Out,0,https://cavaathleisure.com/products/pink-super-stretch-brami
https://cavaathleisure.com,9853706109244,Pink Super Stretch Brami,Sports Bras,CAVA athleisure,50643152666940,L,WSB9SET3PUL,1199.00,True,Available,1,https://cavaathleisure.com/products/pink-super-stretch-brami
https://cavaathleisure.com,9853706109244,Pink Super Stretch Brami,Sports Bras,CAVA athleisure,50643152699708,XL,WSB9SET3PUXL,1199.00,True,Available,1,https://cavaathleisure.com/products/pink-super-stretch-brami
https://cavaathleisure.com,9853706109244,Pink Super Stretch Brami,Sports Bras,CAVA athleisure,50643152732476,XXL,WSB9SET3PUXXL,1199.00,False,Sold Out,0,https://cavaathleisure.com/products/pink-super-stretch-brami
https://cavaathleisure.com,9852828025148,Pink Training Tee,Women's T-shirts,CAVA athleisure,50636789842236,XS,WTS10CS08PNXS,650.00,False,Sold Out,0,https://cavaathleisure.com/products/pink-training-tee
https://cavaathleisure.com,9852828025148,Pink Training Tee,Women's T-shirts,CAVA athleisure,50636789875004,S,WTS10CS08PNS,650.00,False,Sold Out,0,https://cavaathleisure.com/products/pink-training-tee
https://cavaathleisure.com,9852828025148,Pink Training Tee,Women's T-shirts,CAVA athleisure,50636789907772,M,WTS10CS08PNM,650.00,False,Sold Out,0,https://cavaathleisure.com/products/pink-training-tee
https://cavaathleisure.com,9852828025148,Pink Training Tee,Women's T-shirts,CAVA athleisure,50636789940540,L,WTS10CS08PNL,650.00,False,Sold Out,0,https://cavaathleisure.com/products/pink-training-tee
https://cavaathleisure.com,9852828025148,Pink Training Tee,Women's T-shirts,CAVA athleisure,50636789973308,XL,WTS10CS08PNXL,650.00,False,Sold Out,0,https://cavaathleisure.com/products/pink-training-tee
https://cavaathleisure.com,9852828025148,Pink Training Tee,Women's T-shirts,CAVA athleisure,50636790006076,XXL,WTS10CS08PNXXL,650.00,False,Sold Out,0,https://cavaathleisure.com/products/pink-training-tee
https://cavaathleisure.com,9852819112252,Black Training Tee,Women's T-shirts,CAVA athleisure,50636696781116,XS,WTS10CS08BKXS,650.00,False,Sold Out,0,https://cavaathleisure.com/products/black-training-tee
https://cavaathleisure.com,9852819112252,Black Training Tee,Women's T-shirts,CAVA athleisure,50636696813884,S,WTS10CS08BKS,650.00,False,Sold Out,0,https://cavaathleisure.com/products/black-training-tee
https://cavaathleisure.com,9852819112252,Black Training Tee,Women's T-shirts,CAVA athleisure,50636696846652,M,WTS10CS08BKM,650.00,False,Sold Out,0,https://cavaathleisure.com/products/black-training-tee
https://cavaathleisure.com,9852819112252,Black Training Tee,Women's T-shirts,CAVA athleisure,50636696879420,L,WTS10CS08BKL,650.00,False,Sold Out,0,https://cavaathleisure.com/products/black-training-tee
https://cavaathleisure.com,9852819112252,Black Training Tee,Women's T-shirts,CAVA athleisure,50636696912188,XL,WTS10CS08BKXL,650.00,False,Sold Out,0,https://cavaathleisure.com/products/black-training-tee
https://cavaathleisure.com,9852819112252,Black Training Tee,Women's T-shirts,CAVA athleisure,50636696944956,XXL,WTS10CS08BKXXL,650.00,False,Sold Out,0,https://cavaathleisure.com/products/black-training-tee
https://cavaathleisure.com,9853020275004,Ruby Tank Us Later Top,Women's Tanks,CAVA athleisure,50638006288700,XS,TP-GEO-set3-008-YSH-Burgundy-XS,1299.00,False,Sold Out,0,https://cavaathleisure.com/products/ruby-tank-us-later-top
https://cavaathleisure.com,9853020275004,Ruby Tank Us Later Top,Women's Tanks,CAVA athleisure,50638006321468,S,TP-GEO-set3-008-YSH-Burgundy-S,1299.00,False,Sold Out,0,https://cavaathleisure.com/products/ruby-tank-us-later-top
https://cavaathleisure.com,9853020275004,Ruby Tank Us Later Top,Women's Tanks,CAVA athleisure,50638006354236,M,TP-GEO-set3-008-YSH-Burgundy-M,1299.00,False,Sold Out,0,https://cavaathleisure.com/products/ruby-tank-us-later-top
https://cavaathleisure.com,9853020275004,Ruby Tank Us Later Top,Women's Tanks,CAVA athleisure,50638006387004,L,TP-GEO-set3-008-YSH-Burgundy-L,1299.00,False,Sold Out,0,https://cavaathleisure.com/products/ruby-tank-us-later-top
https://cavaathleisure.com,9853020275004,Ruby Tank Us Later Top,Women's Tanks,CAVA athleisure,50638006419772,XL,TP-GEO-set3-008-YSH-Burgundy-XL,1299.00,False,Sold Out,0,https://cavaathleisure.com/products/ruby-tank-us-later-top
https://cavaathleisure.com,9853020275004,Ruby Tank Us Later Top,Women's Tanks,CAVA athleisure,50638006452540,XXL,TP-GEO-set3-008-YSH-Burgundy-XXL,1299.00,False,Sold Out,0,https://cavaathleisure.com/products/ruby-tank-us-later-top
https://cavaathleisure.com,9853692215612,Pink Pulse Biker Shorts,Women's Shorts,CAVA athleisure,50643005047100,XS,WSH9SET1PUXS,765.00,False,Sold Out,0,https://cavaathleisure.com/products/pink-pulse-biker-shorts
https://cavaathleisure.com,9853692215612,Pink Pulse Biker Shorts,Women's Shorts,CAVA athleisure,50643005079868,S,WSH9SET1PUS,765.00,True,Available,1,https://cavaathleisure.com/products/pink-pulse-biker-shorts
https://cavaathleisure.com,9853692215612,Pink Pulse Biker Shorts,Women's Shorts,CAVA athleisure,50643005112636,M,WSH9SET1PUM,765.00,True,Available,1,https://cavaathleisure.com/products/pink-pulse-biker-shorts
https://cavaathleisure.com,9853692215612,Pink Pulse Biker Shorts,Women's Shorts,CAVA athleisure,50643005145404,L,WSH9SET1PUL,765.00,True,Available,1,https://cavaathleisure.com/products/pink-pulse-biker-shorts
https://cavaathleisure.com,9853692215612,Pink Pulse Biker Shorts,Women's Shorts,CAVA athleisure,50643005178172,XL,WSH9SET1PUXL,765.00,True,Available,1,https://cavaathleisure.com/products/pink-pulse-biker-shorts
https://cavaathleisure.com,9853692215612,Pink Pulse Biker Shorts,Women's Shorts,CAVA athleisure,50643005210940,XXL,WSH9SET1PUXXL,765.00,False,Sold Out,0,https://cavaathleisure.com/products/pink-pulse-biker-shorts
https://cavaathleisure.com,9853680845116,Mauve Sculpt Leggings,Flare Pants,CAVA athleisure,50642813255996,XS,BEL511-Vamos-103-dullgrape-XS,999.00,True,Available,1,https://cavaathleisure.com/products/mauve-sculpt-leggings
https://cavaathleisure.com,9853680845116,Mauve Sculpt Leggings,Flare Pants,CAVA athleisure,50642813288764,S,BEL511-Vamos-103-dullgrape-S,999.00,False,Sold Out,0,https://cavaathleisure.com/products/mauve-sculpt-leggings
https://cavaathleisure.com,9853680845116,Mauve Sculpt Leggings,Flare Pants,CAVA athleisure,50642813321532,M,BEL511-Vamos-103-dullgrape-M,999.00,False,Sold Out,0,https://cavaathleisure.com/products/mauve-sculpt-leggings
https://cavaathleisure.com,9853680845116,Mauve Sculpt Leggings,Flare Pants,CAVA athleisure,50642813354300,L,BEL511-Vamos-103-dullgrape-L,999.00,False,Sold Out,0,https://cavaathleisure.com/products/mauve-sculpt-leggings
https://cavaathleisure.com,9853680845116,Mauve Sculpt Leggings,Flare Pants,CAVA athleisure,50642813387068,XL,BEL511-Vamos-103-dullgrape-XL,999.00,False,Sold Out,0,https://cavaathleisure.com/products/mauve-sculpt-leggings
https://cavaathleisure.com,9853680845116,Mauve Sculpt Leggings,Flare Pants,CAVA athleisure,50642813419836,XXL,BEL511-Vamos-103-dullgrape-XXL,999.00,False,Sold Out,0,https://cavaathleisure.com/products/mauve-sculpt-leggings
https://cavaathleisure.com,9853644439868,Navy Sculpt Leggings,Flare Pants,CAVA athleisure,50642679988540,XS,BEL511-Vamos-102-dullnavy-XS,900.00,False,Sold Out,0,https://cavaathleisure.com/products/navy-sculpt-leggings
https://cavaathleisure.com,9853644439868,Navy Sculpt Leggings,Flare Pants,CAVA athleisure,50642680021308,S,BEL511-Vamos-102-dullnavy-S,900.00,False,Sold Out,0,https://cavaathleisure.com/products/navy-sculpt-leggings
https://cavaathleisure.com,9853644439868,Navy Sculpt Leggings,Flare Pants,CAVA athleisure,50642680054076,M,BEL511-Vamos-102-dullnavy-M,900.00,False,Sold Out,0,https://cavaathleisure.com/products/navy-sculpt-leggings
https://cavaathleisure.com,9853644439868,Navy Sculpt Leggings,Flare Pants,CAVA athleisure,50642680086844,L,BEL511-Vamos-102-dullnavy-L,900.00,False,Sold Out,0,https://cavaathleisure.com/products/navy-sculpt-leggings
https://cavaathleisure.com,9853644439868,Navy Sculpt Leggings,Flare Pants,CAVA athleisure,50642680119612,XL,BEL511-Vamos-102-dullnavy-XL,900.00,False,Sold Out,0,https://cavaathleisure.com/products/navy-sculpt-leggings
https://cavaathleisure.com,9853644439868,Navy Sculpt Leggings,Flare Pants,CAVA athleisure,50642680152380,XXL,BEL511-Vamos-102-dullnavy-XXL,900.00,False,Sold Out,0,https://cavaathleisure.com/products/navy-sculpt-leggings
https://cavaathleisure.com,9853683663164,Sky Blue Sculpt Leggings,Flare Pants,CAVA athleisure,50642857853244,XS,BEL511-Vamos-104-Lightblue-XS,900.00,False,Sold Out,0,https://cavaathleisure.com/products/sky-blue-sculpt-leggings
https://cavaathleisure.com,9853683663164,Sky Blue Sculpt Leggings,Flare Pants,CAVA athleisure,50642857886012,S,BEL511-Vamos-104-Lightblue-S,900.00,True,Available,1,https://cavaathleisure.com/products/sky-blue-sculpt-leggings
https://cavaathleisure.com,9853683663164,Sky Blue Sculpt Leggings,Flare Pants,CAVA athleisure,50642857918780,M,BEL511-Vamos-104-Lightblue-M,900.00,True,Available,1,https://cavaathleisure.com/products/sky-blue-sculpt-leggings
https://cavaathleisure.com,9853683663164,Sky Blue Sculpt Leggings,Flare Pants,CAVA athleisure,50642857951548,L,BEL511-Vamos-104-Lightblue-L,900.00,False,Sold Out,0,https://cavaathleisure.com/products/sky-blue-sculpt-leggings
https://cavaathleisure.com,9853683663164,Sky Blue Sculpt Leggings,Flare Pants,CAVA athleisure,50642857984316,XL,BEL511-Vamos-104-Lightblue-XL,900.00,True,Available,1,https://cavaathleisure.com/products/sky-blue-sculpt-leggings
https://cavaathleisure.com,9853683663164,Sky Blue Sculpt Leggings,Flare Pants,CAVA athleisure,50642858017084,XXL,BEL511-Vamos-104-Lightblue-XXL,900.00,True,Available,1,https://cavaathleisure.com/products/sky-blue-sculpt-leggings
https://cavaathleisure.com,9647890071868,Cava Power Band,Accessories,CAVA Athleisure Pvt Ltd,49934500856124,Default Title,UD-Resit-Band-Multi,499.00,False,Sold Out,0,https://cavaathleisure.com/products/cava-power-band
https://cavaathleisure.com,9853014212924,Ivory Tank Us Later Top,Women's Tanks,CAVA athleisure,50637951172924,XS,TP-GEO-set3-008-YSH-Ivory-XS,1299.00,True,Available,1,https://cavaathleisure.com/products/ivory-tank-us-later-top
https://cavaathleisure.com,9853014212924,Ivory Tank Us Later Top,Women's Tanks,CAVA athleisure,50637951238460,S,TP-GEO-set3-008-YSH-Ivory-S,1299.00,True,Available,1,https://cavaathleisure.com/products/ivory-tank-us-later-top
https://cavaathleisure.com,9853014212924,Ivory Tank Us Later Top,Women's Tanks,CAVA athleisure,50637951271228,M,TP-GEO-set3-008-YSH-Ivory-M,1299.00,True,Available,1,https://cavaathleisure.com/products/ivory-tank-us-later-top
https://cavaathleisure.com,9853014212924,Ivory Tank Us Later Top,Women's Tanks,CAVA athleisure,50637951303996,L,TP-GEO-set3-008-YSH-Ivory-L,1299.00,True,Available,1,https://cavaathleisure.com/products/ivory-tank-us-later-top
https://cavaathleisure.com,9853014212924,Ivory Tank Us Later Top,Women's Tanks,CAVA athleisure,50637951336764,XL,TP-GEO-set3-008-YSH-Ivory-XL,1299.00,True,Available,1,https://cavaathleisure.com/products/ivory-tank-us-later-top
https://cavaathleisure.com,9853014212924,Ivory Tank Us Later Top,Women's Tanks,CAVA athleisure,50637951369532,XXL,TP-GEO-set3-008-YSH-Ivory-XXL,1299.00,True,Available,1,https://cavaathleisure.com/products/ivory-tank-us-later-top
https://cavaathleisure.com,9775477653820,Purple All-Day Flex Flare Pants,Flare Pants,CAVA athleisure,50369039991100,XS,WFB14SET1PUXS,920.00,True,Available,1,https://cavaathleisure.com/products/purple-all-day-flex-flare-pants
https://cavaathleisure.com,9775477653820,Purple All-Day Flex Flare Pants,Flare Pants,CAVA athleisure,52176019161404,S,WFB14SET1PUS,920.00,False,Sold Out,0,https://cavaathleisure.com/products/purple-all-day-flex-flare-pants
https://cavaathleisure.com,9775477653820,Purple All-Day Flex Flare Pants,Flare Pants,CAVA athleisure,50369040023868,M,BTM-All-set1-001-RON-eclipse-M,920.00,False,Sold Out,0,https://cavaathleisure.com/products/purple-all-day-flex-flare-pants
https://cavaathleisure.com,9775477653820,Purple All-Day Flex Flare Pants,Flare Pants,CAVA athleisure,50369040056636,L,BTM-All-set1-001-RON-eclipse-L,920.00,False,Sold Out,0,https://cavaathleisure.com/products/purple-all-day-flex-flare-pants
https://cavaathleisure.com,9775477653820,Purple All-Day Flex Flare Pants,Flare Pants,CAVA athleisure,50369040089404,XL,BTM-All-set1-001-RON-eclipse-XL,920.00,False,Sold Out,0,https://cavaathleisure.com/products/purple-all-day-flex-flare-pants
https://cavaathleisure.com,9775477653820,Purple All-Day Flex Flare Pants,Flare Pants,CAVA athleisure,50369040122172,XXL,BTM-All-set1-001-RON-eclipse-XXL,920.00,False,Sold Out,0,https://cavaathleisure.com/products/purple-all-day-flex-flare-pants
https://cavaathleisure.com,9852997108028,Lilac Swirl Tennis Skorts,Skorts and Skirts,CAVA athleisure,53952735281468,XXS,BTM-ying-set4-skort-purple-XXS,1399.00,True,Available,1,https://cavaathleisure.com/products/lilac-swirl-tennis-skort
https://cavaathleisure.com,9852997108028,Lilac Swirl Tennis Skorts,Skorts and Skirts,CAVA athleisure,50637847855420,XS,BTM-ying-set4-skort-purple-XS,1399.00,True,Available,1,https://cavaathleisure.com/products/lilac-swirl-tennis-skort
https://cavaathleisure.com,9852997108028,Lilac Swirl Tennis Skorts,Skorts and Skirts,CAVA athleisure,50637847888188,S,BTM-ying-set4-skort-purple-S,1399.00,True,Available,1,https://cavaathleisure.com/products/lilac-swirl-tennis-skort
https://cavaathleisure.com,9852997108028,Lilac Swirl Tennis Skorts,Skorts and Skirts,CAVA athleisure,50637847920956,M,BTM-ying-set4-skort-purple-M,1399.00,False,Sold Out,0,https://cavaathleisure.com/products/lilac-swirl-tennis-skort
https://cavaathleisure.com,9852997108028,Lilac Swirl Tennis Skorts,Skorts and Skirts,CAVA athleisure,50637847953724,L,BTM-ying-set4-skort-purple-L,1399.00,False,Sold Out,0,https://cavaathleisure.com/products/lilac-swirl-tennis-skort
https://cavaathleisure.com,9852997108028,Lilac Swirl Tennis Skorts,Skorts and Skirts,CAVA athleisure,50637847986492,XL,BTM-ying-set4-skort-purple-XL,1399.00,True,Available,1,https://cavaathleisure.com/products/lilac-swirl-tennis-skort
https://cavaathleisure.com,9852997108028,Lilac Swirl Tennis Skorts,Skorts and Skirts,CAVA athleisure,50637848019260,XXL,BTM-ying-set4-skort-purple-XXL,1399.00,True,Available,1,https://cavaathleisure.com/products/lilac-swirl-tennis-skort
https://cavaathleisure.com,9852997108028,Lilac Swirl Tennis Skorts,Skorts and Skirts,CAVA athleisure,53952735314236,XXXL,BTM-ying-set4-skort-purple-XXXL,1399.00,True,Available,1,https://cavaathleisure.com/products/lilac-swirl-tennis-skort
https://cavaathleisure.com,9853004611900,Steel Blue Swirl Tennis Skorts,Skorts and Skirts,CAVA athleisure,53816216224060,XXS,WSKSET445BLXXS,1399.00,True,Available,1,https://cavaathleisure.com/products/steel-blue-swirl-tennis-skorts
https://cavaathleisure.com,9853004611900,Steel Blue Swirl Tennis Skorts,Skorts and Skirts,CAVA athleisure,50637899366716,XS,BTM-ying-set4-skort-blue-XS,1399.00,True,Available,1,https://cavaathleisure.com/products/steel-blue-swirl-tennis-skorts
https://cavaathleisure.com,9853004611900,Steel Blue Swirl Tennis Skorts,Skorts and Skirts,CAVA athleisure,53939602555196,XS,WSKSET4L45BLXS,1399.00,True,Available,1,https://cavaathleisure.com/products/steel-blue-swirl-tennis-skorts
https://cavaathleisure.com,9853004611900,Steel Blue Swirl Tennis Skorts,Skorts and Skirts,CAVA athleisure,50637899399484,S,BTM-ying-set4-skort-blue-S,1399.00,True,Available,1,https://cavaathleisure.com/products/steel-blue-swirl-tennis-skorts
https://cavaathleisure.com,9853004611900,Steel Blue Swirl Tennis Skorts,Skorts and Skirts,CAVA athleisure,53939602587964,S,WSKSET4L45BLS,1399.00,False,Sold Out,0,https://cavaathleisure.com/products/steel-blue-swirl-tennis-skorts
https://cavaathleisure.com,9853004611900,Steel Blue Swirl Tennis Skorts,Skorts and Skirts,CAVA athleisure,50637899432252,M,BTM-ying-set4-skort-blue-M,1399.00,True,Available,1,https://cavaathleisure.com/products/steel-blue-swirl-tennis-skorts
https://cavaathleisure.com,9853004611900,Steel Blue Swirl Tennis Skorts,Skorts and Skirts,CAVA athleisure,53939602620732,M,WSKSET4L45BLM,1399.00,False,Sold Out,0,https://cavaathleisure.com/products/steel-blue-swirl-tennis-skorts
https://cavaathleisure.com,9853004611900,Steel Blue Swirl Tennis Skorts,Skorts and Skirts,CAVA athleisure,50637899465020,L,BTM-ying-set4-skort-blue-L,1399.00,True,Available,1,https://cavaathleisure.com/products/steel-blue-swirl-tennis-skorts
https://cavaathleisure.com,9853004611900,Steel Blue Swirl Tennis Skorts,Skorts and Skirts,CAVA athleisure,53939602653500,L,WSKSET4L45BLL,1399.00,False,Sold Out,0,https://cavaathleisure.com/products/steel-blue-swirl-tennis-skorts
https://cavaathleisure.com,9853004611900,Steel Blue Swirl Tennis Skorts,Skorts and Skirts,CAVA athleisure,50637899497788,XL,BTM-ying-set4-skort-blue-XL,1399.00,True,Available,1,https://cavaathleisure.com/products/steel-blue-swirl-tennis-skorts
https://cavaathleisure.com,9853004611900,Steel Blue Swirl Tennis Skorts,Skorts and Skirts,CAVA athleisure,53939602686268,XL,WSKSET4L45BLXL,1399.00,False,Sold Out,0,https://cavaathleisure.com/products/steel-blue-swirl-tennis-skorts
https://cavaathleisure.com,9853004611900,Steel Blue Swirl Tennis Skorts,Skorts and Skirts,CAVA athleisure,50637899530556,XXL,BTM-ying-set4-skort-blue-XXL,1399.00,True,Available,1,https://cavaathleisure.com/products/steel-blue-swirl-tennis-skorts
https://cavaathleisure.com,9853004611900,Steel Blue Swirl Tennis Skorts,Skorts and Skirts,CAVA athleisure,53939602719036,XXL,WSKSET4L45BLXXL,1399.00,True,Available,1,https://cavaathleisure.com/products/steel-blue-swirl-tennis-skorts
https://cavaathleisure.com,9853004611900,Steel Blue Swirl Tennis Skorts,Skorts and Skirts,CAVA athleisure,53816216256828,XXXL,WSKSET445BLXXXL,1399.00,True,Available,1,https://cavaathleisure.com/products/steel-blue-swirl-tennis-skorts
https://cavaathleisure.com,9853004611900,Steel Blue Swirl Tennis Skorts,Skorts and Skirts,CAVA athleisure,53939602751804,XXXL,WSKSET4L45BLXXXL,1399.00,True,Available,1,https://cavaathleisure.com/products/steel-blue-swirl-tennis-skorts
https://cavaathleisure.com,9775471132988,Red All-Day Flex Flare Pants,Flare Pants,CAVA athleisure,50368993788220,XS,WFB14SET1RDXS,920.00,True,Available,1,https://cavaathleisure.com/products/red-all-day-flex-flare-pants
https://cavaathleisure.com,9775471132988,Red All-Day Flex Flare Pants,Flare Pants,CAVA athleisure,52176023552316,S,WFB14SET1RDS,920.00,True,Available,1,https://cavaathleisure.com/products/red-all-day-flex-flare-pants
https://cavaathleisure.com,9775471132988,Red All-Day Flex Flare Pants,Flare Pants,CAVA athleisure,50368993820988,M,BTM-All-set1-001-RON-lava-falls-M,920.00,False,Sold Out,0,https://cavaathleisure.com/products/red-all-day-flex-flare-pants
https://cavaathleisure.com,9775471132988,Red All-Day Flex Flare Pants,Flare Pants,CAVA athleisure,50368993853756,L,BTM-All-set1-001-RON-lava-falls-L,920.00,False,Sold Out,0,https://cavaathleisure.com/products/red-all-day-flex-flare-pants
https://cavaathleisure.com,9775471132988,Red All-Day Flex Flare Pants,Flare Pants,CAVA athleisure,50368993886524,XL,BTM-All-set1-001-RON-lava-falls-XL,920.00,False,Sold Out,0,https://cavaathleisure.com/products/red-all-day-flex-flare-pants
https://cavaathleisure.com,9775471132988,Red All-Day Flex Flare Pants,Flare Pants,CAVA athleisure,50368993919292,XXL,BTM-All-set1-001-RON-lava-falls-XXL,920.00,False,Sold Out,0,https://cavaathleisure.com/products/red-all-day-flex-flare-pants
https://cavaathleisure.com,9775213216060,Forest Zip-It-Up Top,Women's Tops,CAVA athleisure,51934206886204,XS,TP-RON-set13-1574-Dark-forest-green-XS,1494.00,False,Sold Out,0,https://cavaathleisure.com/products/forest-zip-it-up-top
https://cavaathleisure.com,9775213216060,Forest Zip-It-Up Top,Women's Tops,CAVA athleisure,51934206918972,S,TP-RON-set13-1574-Dark-forest-green-S,1494.00,False,Sold Out,0,https://cavaathleisure.com/products/forest-zip-it-up-top
https://cavaathleisure.com,9775213216060,Forest Zip-It-Up Top,Women's Tops,CAVA athleisure,50367737200956,M,TP-RON-set13-1574-Dark-forest-green-M,1494.00,False,Sold Out,0,https://cavaathleisure.com/products/forest-zip-it-up-top
https://cavaathleisure.com,9775213216060,Forest Zip-It-Up Top,Women's Tops,CAVA athleisure,50367737233724,L,TP-RON-set13-1574-Dark-forest-green-L,1494.00,False,Sold Out,0,https://cavaathleisure.com/products/forest-zip-it-up-top
https://cavaathleisure.com,9775213216060,Forest Zip-It-Up Top,Women's Tops,CAVA athleisure,50367737266492,XL,TP-RON-set13-1574-Dark-forest-green-XL,1494.00,False,Sold Out,0,https://cavaathleisure.com/products/forest-zip-it-up-top
https://cavaathleisure.com,9775213216060,Forest Zip-It-Up Top,Women's Tops,CAVA athleisure,50367737299260,XXL,TP-RON-set13-1574-Dark-forest-green-XXL,1494.00,False,Sold Out,0,https://cavaathleisure.com/products/forest-zip-it-up-top
https://cavaathleisure.com,9779464864060,Cappucino Cava Essential Sweatshirt,Women's Hoodies & Sweatshirts,CAVA athleisure,50386690933052,XS,TP536-VAMOS-98-CAPPUCCINO-XS,1199.00,True,Available,1,https://cavaathleisure.com/products/cappucino-cava-essential-sweatshirt
https://cavaathleisure.com,9779464864060,Cappucino Cava Essential Sweatshirt,Women's Hoodies & Sweatshirts,CAVA athleisure,50386690965820,S,TP536-VAMOS-98-CAPPUCCINO-S,1199.00,True,Available,1,https://cavaathleisure.com/products/cappucino-cava-essential-sweatshirt
https://cavaathleisure.com,9779464864060,Cappucino Cava Essential Sweatshirt,Women's Hoodies & Sweatshirts,CAVA athleisure,50386690998588,M,TP536-VAMOS-98-CAPPUCCINO-M,1199.00,True,Available,1,https://cavaathleisure.com/products/cappucino-cava-essential-sweatshirt
https://cavaathleisure.com,9779464864060,Cappucino Cava Essential Sweatshirt,Women's Hoodies & Sweatshirts,CAVA athleisure,50386691031356,L,TP536-VAMOS-98-CAPPUCCINO-L,1199.00,True,Available,1,https://cavaathleisure.com/products/cappucino-cava-essential-sweatshirt
https://cavaathleisure.com,9779464864060,Cappucino Cava Essential Sweatshirt,Women's Hoodies & Sweatshirts,CAVA athleisure,50386691064124,XL,TP536-VAMOS-98-CAPPUCCINO-XL,1199.00,True,Available,1,https://cavaathleisure.com/products/cappucino-cava-essential-sweatshirt
https://cavaathleisure.com,9779464864060,Cappucino Cava Essential Sweatshirt,Women's Hoodies & Sweatshirts,CAVA athleisure,50386691096892,XXL,TP536-VAMOS-98-CAPPUCCINO-XXL,1199.00,True,Available,1,https://cavaathleisure.com/products/cappucino-cava-essential-sweatshirt
https://cavaathleisure.com,9707132846396,Cyan Elevate 24/7 Seamless Leggings,Leggings,CAVA athleisure,50151621787964,XS/S,BTM-All-set2-031-YSH-Canal-Blue-XS/S,1080.00,False,Sold Out,0,https://cavaathleisure.com/products/cyan-elevate-24-7-seamless-leggings
https://cavaathleisure.com,9707132846396,Cyan Elevate 24/7 Seamless Leggings,Leggings,CAVA athleisure,50151621820732,M,BTM-All-set2-031-YSH-Canal-Blue-M,1080.00,False,Sold Out,0,https://cavaathleisure.com/products/cyan-elevate-24-7-seamless-leggings
https://cavaathleisure.com,9707132846396,Cyan Elevate 24/7 Seamless Leggings,Leggings,CAVA athleisure,50151621853500,L,BTM-All-set2-031-YSH-Canal-Blue-L,1080.00,False,Sold Out,0,https://cavaathleisure.com/products/cyan-elevate-24-7-seamless-leggings
https://cavaathleisure.com,9707132846396,Cyan Elevate 24/7 Seamless Leggings,Leggings,CAVA athleisure,50151621886268,XL,BTM-All-set2-031-YSH-Canal-Blue-XL,1080.00,False,Sold Out,0,https://cavaathleisure.com/products/cyan-elevate-24-7-seamless-leggings
https://cavaathleisure.com,9707132846396,Cyan Elevate 24/7 Seamless Leggings,Leggings,CAVA athleisure,50151621919036,XXL,BTM-All-set2-031-YSH-Canal-Blue-XXL,1080.00,False,Sold Out,0,https://cavaathleisure.com/products/cyan-elevate-24-7-seamless-leggings
https://cavaathleisure.com,9775241036092,Charcoal Zip-It-Up Top,Women's Tops,CAVA athleisure,51934210949436,XS,TP-RON-set13-1574-Light-black-XS,1494.00,True,Available,1,https://cavaathleisure.com/products/charcoal-zip-it-up-top
https://cavaathleisure.com,9775241036092,Charcoal Zip-It-Up Top,Women's Tops,CAVA athleisure,51934210982204,S,TP-RON-set13-1574-Light-black-S,1494.00,True,Available,1,https://cavaathleisure.com/products/charcoal-zip-it-up-top
https://cavaathleisure.com,9775241036092,Charcoal Zip-It-Up Top,Women's Tops,CAVA athleisure,50367971000636,M,TP-RON-set13-1574-Light-black-M,1494.00,False,Sold Out,0,https://cavaathleisure.com/products/charcoal-zip-it-up-top
https://cavaathleisure.com,9775241036092,Charcoal Zip-It-Up Top,Women's Tops,CAVA athleisure,50367971033404,L,TP-RON-set13-1574-Light-black-L,1494.00,False,Sold Out,0,https://cavaathleisure.com/products/charcoal-zip-it-up-top
https://cavaathleisure.com,9775241036092,Charcoal Zip-It-Up Top,Women's Tops,CAVA athleisure,50367971066172,XL,TP-RON-set13-1574-Light-black-XL,1494.00,False,Sold Out,0,https://cavaathleisure.com/products/charcoal-zip-it-up-top
https://cavaathleisure.com,9775241036092,Charcoal Zip-It-Up Top,Women's Tops,CAVA athleisure,50367971098940,XXL,TP-RON-set13-1574-Light-black-XXL,1494.00,False,Sold Out,0,https://cavaathleisure.com/products/charcoal-zip-it-up-top
https://cavaathleisure.com,9774174601532,Mint Move Easy Leggings,Leggings,CAVA athleisure,50363985068348,XS/S,BTM-RON-set9-44849R-Lichen-XS/S,875.00,False,Sold Out,0,https://cavaathleisure.com/products/mint-move-easy-leggings
https://cavaathleisure.com,9774174601532,Mint Move Easy Leggings,Leggings,CAVA athleisure,50363985101116,M,BTM-RON-set9-44849R-Lichen-M,875.00,False,Sold Out,0,https://cavaathleisure.com/products/mint-move-easy-leggings
https://cavaathleisure.com,9774174601532,Mint Move Easy Leggings,Leggings,CAVA athleisure,50363985133884,L,BTM-RON-set9-44849R-Lichen-L,875.00,False,Sold Out,0,https://cavaathleisure.com/products/mint-move-easy-leggings
https://cavaathleisure.com,9774174601532,Mint Move Easy Leggings,Leggings,CAVA athleisure,50363985166652,XL,BTM-RON-set9-44849R-Lichen-XL,875.00,True,Available,1,https://cavaathleisure.com/products/mint-move-easy-leggings
https://cavaathleisure.com,9774174601532,Mint Move Easy Leggings,Leggings,CAVA athleisure,50363985199420,XXL,BTM-RON-set9-44849R-Lichen-XXL,875.00,False,Sold Out,0,https://cavaathleisure.com/products/mint-move-easy-leggings
https://cavaathleisure.com,9774148518204,Mint Seamless Sculpt Tee,Women's T-shirts,CAVA athleisure,50363921465660,XS/S,TP-RON-set9-20230824-1-Lichen-XS/S,600.00,False,Sold Out,0,https://cavaathleisure.com/products/mint-seamless-sculpt-tee
https://cavaathleisure.com,9774148518204,Mint Seamless Sculpt Tee,Women's T-shirts,CAVA athleisure,50363921498428,M,TP-RON-set9-20230824-1-Lichen-M,600.00,False,Sold Out,0,https://cavaathleisure.com/products/mint-seamless-sculpt-tee
https://cavaathleisure.com,9774148518204,Mint Seamless Sculpt Tee,Women's T-shirts,CAVA athleisure,50363921531196,L,TP-RON-set9-20230824-1-Lichen-L,600.00,False,Sold Out,0,https://cavaathleisure.com/products/mint-seamless-sculpt-tee
https://cavaathleisure.com,9774148518204,Mint Seamless Sculpt Tee,Women's T-shirts,CAVA athleisure,50363921563964,XL,TP-RON-set9-20230824-1-Lichen-XL,600.00,True,Available,1,https://cavaathleisure.com/products/mint-seamless-sculpt-tee
https://cavaathleisure.com,9707133731132,Black Elevate 24/7 Seamless Leggings,Leggings,CAVA athleisure,50151628570940,XS/S,BTM-All-set2-031-YSH-Jet-Black-XS/S,1134.00,False,Sold Out,0,https://cavaathleisure.com/products/black-elevate-24-7-seamless-leggings
https://cavaathleisure.com,9707133731132,Black Elevate 24/7 Seamless Leggings,Leggings,CAVA athleisure,50151628603708,M,BTM-All-set2-031-YSH-Jet-Black-M,1134.00,False,Sold Out,0,https://cavaathleisure.com/products/black-elevate-24-7-seamless-leggings
https://cavaathleisure.com,9707133731132,Black Elevate 24/7 Seamless Leggings,Leggings,CAVA athleisure,50151628636476,L,BTM-All-set2-031-YSH-Jet-Black-L,1134.00,False,Sold Out,0,https://cavaathleisure.com/products/black-elevate-24-7-seamless-leggings
https://cavaathleisure.com,9707133731132,Black Elevate 24/7 Seamless Leggings,Leggings,CAVA athleisure,50151628669244,XL,BTM-All-set2-031-YSH-Jet-Black-XL,1134.00,False,Sold Out,0,https://cavaathleisure.com/products/black-elevate-24-7-seamless-leggings
https://cavaathleisure.com,9707133731132,Black Elevate 24/7 Seamless Leggings,Leggings,CAVA athleisure,50151628702012,XXL,BTM-All-set2-031-YSH-Jet-Black-XXL,1134.00,False,Sold Out,0,https://cavaathleisure.com/products/black-elevate-24-7-seamless-leggings
https://cavaathleisure.com,9658554319164,Black Ease Wrap Top,Women's Jackets,CAVA athleisure,49969267573052,XS,TP-para-AWLC09-Jet-black-XS,550.00,True,Available,1,https://cavaathleisure.com/products/black-ease-wrap-top
https://cavaathleisure.com,9658554319164,Black Ease Wrap Top,Women's Jackets,CAVA athleisure,49969267605820,S,TP-para-AWLC09-Jet-black-S,550.00,True,Available,1,https://cavaathleisure.com/products/black-ease-wrap-top
https://cavaathleisure.com,9658554319164,Black Ease Wrap Top,Women's Jackets,CAVA athleisure,49969267638588,M,TP-para-AWLC09-Jet-black-M,550.00,True,Available,1,https://cavaathleisure.com/products/black-ease-wrap-top
https://cavaathleisure.com,9658554319164,Black Ease Wrap Top,Women's Jackets,CAVA athleisure,49969267671356,L,TP-para-AWLC09-Jet-black-L,550.00,False,Sold Out,0,https://cavaathleisure.com/products/black-ease-wrap-top
https://cavaathleisure.com,9658554319164,Black Ease Wrap Top,Women's Jackets,CAVA athleisure,49969267704124,XL,TP-para-AWLC09-Jet-black-XL,550.00,False,Sold Out,0,https://cavaathleisure.com/products/black-ease-wrap-top
https://cavaathleisure.com,9658554319164,Black Ease Wrap Top,Women's Jackets,CAVA athleisure,49969267736892,XXL,TP-para-AWLC09-Jet-black-XXL,550.00,False,Sold Out,0,https://cavaathleisure.com/products/black-ease-wrap-top
https://cavaathleisure.com,9658547634492,Blue Ease Wrap Top,Women's Jackets,CAVA athleisure,49969248010556,XS,TP-para-AWLC09-Poseidon-XS,660.00,True,Available,1,https://cavaathleisure.com/products/azure-ease-wrap-top
https://cavaathleisure.com,9658547634492,Blue Ease Wrap Top,Women's Jackets,CAVA athleisure,49969248043324,S,TP-para-AWLC09-Poseidon-S,660.00,True,Available,1,https://cavaathleisure.com/products/azure-ease-wrap-top
https://cavaathleisure.com,9658547634492,Blue Ease Wrap Top,Women's Jackets,CAVA athleisure,49969248076092,M,TP-para-AWLC09-Poseidon-M,660.00,True,Available,1,https://cavaathleisure.com/products/azure-ease-wrap-top
https://cavaathleisure.com,9658547634492,Blue Ease Wrap Top,Women's Jackets,CAVA athleisure,49969248108860,L,TP-para-AWLC09-Poseidon-L,660.00,True,Available,1,https://cavaathleisure.com/products/azure-ease-wrap-top
https://cavaathleisure.com,9658547634492,Blue Ease Wrap Top,Women's Jackets,CAVA athleisure,49969248141628,XL,TP-para-AWLC09-Poseidon-XL,660.00,False,Sold Out,0,https://cavaathleisure.com/products/azure-ease-wrap-top
https://cavaathleisure.com,9658547634492,Blue Ease Wrap Top,Women's Jackets,CAVA athleisure,49969248174396,XXL,TP-para-AWLC09-Poseidon-XXL,660.00,False,Sold Out,0,https://cavaathleisure.com/products/azure-ease-wrap-top
https://cavaathleisure.com,9658557792572,Sand Ease Wrap Top,Women's Jackets,CAVA athleisure,49969279205692,XS,TP-para-AWLC09-Irish-cream-XS,660.00,True,Available,1,https://cavaathleisure.com/products/taupe-ease-wrap-top
https://cavaathleisure.com,9658557792572,Sand Ease Wrap Top,Women's Jackets,CAVA athleisure,49969279238460,S,TP-para-AWLC09-Irish-cream-S,660.00,True,Available,1,https://cavaathleisure.com/products/taupe-ease-wrap-top
https://cavaathleisure.com,9658557792572,Sand Ease Wrap Top,Women's Jackets,CAVA athleisure,49969279271228,M,TP-para-AWLC09-Irish-cream-M,660.00,True,Available,1,https://cavaathleisure.com/products/taupe-ease-wrap-top
https://cavaathleisure.com,9658557792572,Sand Ease Wrap Top,Women's Jackets,CAVA athleisure,49969279303996,L,TP-para-AWLC09-Irish-cream-L,660.00,True,Available,1,https://cavaathleisure.com/products/taupe-ease-wrap-top
https://cavaathleisure.com,9658557792572,Sand Ease Wrap Top,Women's Jackets,CAVA athleisure,49969279336764,XL,TP-para-AWLC09-Irish-cream-XL,660.00,True,Available,1,https://cavaathleisure.com/products/taupe-ease-wrap-top
https://cavaathleisure.com,9658557792572,Sand Ease Wrap Top,Women's Jackets,CAVA athleisure,49969279369532,XXL,TP-para-AWLC09-Irish-cream-XXL,660.00,False,Sold Out,0,https://cavaathleisure.com/products/taupe-ease-wrap-top
https://cavaathleisure.com,9707155390780,Orange Dual Slit Adapt Joggers,Women's Joggers,CAVA athleisure,50151733035324,XS,BTM-para-AWLC29-Autumn-sunset-XS,875.00,True,Available,1,https://cavaathleisure.com/products/orange-dual-slit-adapt-joggers
https://cavaathleisure.com,9707155390780,Orange Dual Slit Adapt Joggers,Women's Joggers,CAVA athleisure,50151733068092,S,BTM-para-AWLC29-Autumn-sunset-S,875.00,True,Available,1,https://cavaathleisure.com/products/orange-dual-slit-adapt-joggers
https://cavaathleisure.com,9707155390780,Orange Dual Slit Adapt Joggers,Women's Joggers,CAVA athleisure,50151733100860,M,BTM-para-AWLC29-Autumn-sunset-M,875.00,True,Available,1,https://cavaathleisure.com/products/orange-dual-slit-adapt-joggers
https://cavaathleisure.com,9707155390780,Orange Dual Slit Adapt Joggers,Women's Joggers,CAVA athleisure,50151733133628,L,BTM-para-AWLC29-Autumn-sunset-L,875.00,True,Available,1,https://cavaathleisure.com/products/orange-dual-slit-adapt-joggers
https://cavaathleisure.com,9707155390780,Orange Dual Slit Adapt Joggers,Women's Joggers,CAVA athleisure,50151733166396,XL,BTM-para-AWLC29-Autumn-sunset-XL,875.00,True,Available,1,https://cavaathleisure.com/products/orange-dual-slit-adapt-joggers
https://cavaathleisure.com,9707155390780,Orange Dual Slit Adapt Joggers,Women's Joggers,CAVA athleisure,50151733199164,XXL,BTM-para-AWLC29-Autumn-sunset-XXL,875.00,True,Available,1,https://cavaathleisure.com/products/orange-dual-slit-adapt-joggers
https://cavaathleisure.com,9631459279164,Grape Knot-Retro Set,Women's Co-ord Set,CAVA athleisure,49892086645052,S,TP/BTM-RON-set6-Wine-Burgundy-S/S,3249.00,False,Sold Out,0,https://cavaathleisure.com/products/grape-knot-retro-set
https://cavaathleisure.com,9631459279164,Grape Knot-Retro Set,Women's Co-ord Set,CAVA athleisure,49892086677820,S,TP/BTM-RON-set6-Wine-Burgundy-S/M,3249.00,False,Sold Out,0,https://cavaathleisure.com/products/grape-knot-retro-set
https://cavaathleisure.com,9631459279164,Grape Knot-Retro Set,Women's Co-ord Set,CAVA athleisure,49892086710588,S,TP/BTM-RON-set6-Wine-Burgundy-S/L,3249.00,False,Sold Out,0,https://cavaathleisure.com/products/grape-knot-retro-set
https://cavaathleisure.com,9631459279164,Grape Knot-Retro Set,Women's Co-ord Set,CAVA athleisure,49892086743356,S,TP/BTM-RON-set6-Wine-Burgundy-S/XL,3249.00,False,Sold Out,0,https://cavaathleisure.com/products/grape-knot-retro-set
https://cavaathleisure.com,9631459279164,Grape Knot-Retro Set,Women's Co-ord Set,CAVA athleisure,49892086776124,S,TP/BTM-RON-set6-Wine-Burgundy-S/XXL,3249.00,False,Sold Out,0,https://cavaathleisure.com/products/grape-knot-retro-set
https://cavaathleisure.com,9631459279164,Grape Knot-Retro Set,Women's Co-ord Set,CAVA athleisure,49892086808892,M,TP/BTM-RON-set6-Wine-Burgundy-M/S,3249.00,False,Sold Out,0,https://cavaathleisure.com/products/grape-knot-retro-set
https://cavaathleisure.com,9631459279164,Grape Knot-Retro Set,Women's Co-ord Set,CAVA athleisure,49892086841660,M,TP/BTM-RON-set6-Wine-Burgundy-M/M,3249.00,False,Sold Out,0,https://cavaathleisure.com/products/grape-knot-retro-set
https://cavaathleisure.com,9631459279164,Grape Knot-Retro Set,Women's Co-ord Set,CAVA athleisure,49892086874428,M,TP/BTM-RON-set6-Wine-Burgundy-M/L,3249.00,False,Sold Out,0,https://cavaathleisure.com/products/grape-knot-retro-set
https://cavaathleisure.com,9631459279164,Grape Knot-Retro Set,Women's Co-ord Set,CAVA athleisure,49892086907196,M,TP/BTM-RON-set6-Wine-Burgundy-M/XL,3249.00,False,Sold Out,0,https://cavaathleisure.com/products/grape-knot-retro-set
https://cavaathleisure.com,9631459279164,Grape Knot-Retro Set,Women's Co-ord Set,CAVA athleisure,49892086939964,M,TP/BTM-RON-set6-Wine-Burgundy-M/XXL,3249.00,False,Sold Out,0,https://cavaathleisure.com/products/grape-knot-retro-set
https://cavaathleisure.com,9631459279164,Grape Knot-Retro Set,Women's Co-ord Set,CAVA athleisure,49892086972732,L,TP/BTM-RON-set6-Wine-Burgundy-L/S,3249.00,False,Sold Out,0,https://cavaathleisure.com/products/grape-knot-retro-set
https://cavaathleisure.com,9631459279164,Grape Knot-Retro Set,Women's Co-ord Set,CAVA athleisure,49892087071036,L,TP/BTM-RON-set6-Wine-Burgundy-L/M,3249.00,False,Sold Out,0,https://cavaathleisure.com/products/grape-knot-retro-set
https://cavaathleisure.com,9631459279164,Grape Knot-Retro Set,Women's Co-ord Set,CAVA athleisure,49892087103804,L,TP/BTM-RON-set6-Wine-Burgundy-L/L,3249.00,False,Sold Out,0,https://cavaathleisure.com/products/grape-knot-retro-set
https://cavaathleisure.com,9631459279164,Grape Knot-Retro Set,Women's Co-ord Set,CAVA athleisure,49892087136572,L,TP/BTM-RON-set6-Wine-Burgundy-L/XL,3249.00,False,Sold Out,0,https://cavaathleisure.com/products/grape-knot-retro-set
https://cavaathleisure.com,9631459279164,Grape Knot-Retro Set,Women's Co-ord Set,CAVA athleisure,49892087169340,L,TP/BTM-RON-set6-Wine-Burgundy-L/XXL,3249.00,False,Sold Out,0,https://cavaathleisure.com/products/grape-knot-retro-set
https://cavaathleisure.com,9631459279164,Grape Knot-Retro Set,Women's Co-ord Set,CAVA athleisure,49892087202108,XL,TP/BTM-RON-set6-Wine-Burgundy-XL/S,3249.00,False,Sold Out,0,https://cavaathleisure.com/products/grape-knot-retro-set
https://cavaathleisure.com,9631459279164,Grape Knot-Retro Set,Women's Co-ord Set,CAVA athleisure,49892087234876,XL,TP/BTM-RON-set6-Wine-Burgundy-XL/M,3249.00,False,Sold Out,0,https://cavaathleisure.com/products/grape-knot-retro-set
https://cavaathleisure.com,9631459279164,Grape Knot-Retro Set,Women's Co-ord Set,CAVA athleisure,49892087267644,XL,TP/BTM-RON-set6-Wine-Burgundy-XL/L,3249.00,False,Sold Out,0,https://cavaathleisure.com/products/grape-knot-retro-set
https://cavaathleisure.com,9631459279164,Grape Knot-Retro Set,Women's Co-ord Set,CAVA athleisure,49892087300412,XL,TP/BTM-RON-set6-Wine-Burgundy-XL/XL,3249.00,False,Sold Out,0,https://cavaathleisure.com/products/grape-knot-retro-set
https://cavaathleisure.com,9631459279164,Grape Knot-Retro Set,Women's Co-ord Set,CAVA athleisure,49892087333180,XL,TP/BTM-RON-set6-Wine-Burgundy-XL/XXL,3249.00,False,Sold Out,0,https://cavaathleisure.com/products/grape-knot-retro-set
https://cavaathleisure.com,9631459279164,Grape Knot-Retro Set,Women's Co-ord Set,CAVA athleisure,49892087365948,XXL,TP/BTM-RON-set6-Wine-Burgundy-XXL/S,3249.00,False,Sold Out,0,https://cavaathleisure.com/products/grape-knot-retro-set
https://cavaathleisure.com,9631459279164,Grape Knot-Retro Set,Women's Co-ord Set,CAVA athleisure,49892087398716,XXL,TP/BTM-RON-set6-Wine-Burgundy-XXL/M,3249.00,False,Sold Out,0,https://cavaathleisure.com/products/grape-knot-retro-set
https://cavaathleisure.com,9631459279164,Grape Knot-Retro Set,Women's Co-ord Set,CAVA athleisure,49892087431484,XXL,TP/BTM-RON-set6-Wine-Burgundy-XXL/L,3249.00,False,Sold Out,0,https://cavaathleisure.com/products/grape-knot-retro-set
https://cavaathleisure.com,9631459279164,Grape Knot-Retro Set,Women's Co-ord Set,CAVA athleisure,49892087464252,XXL,TP/BTM-RON-set6-Wine-Burgundy-XXL/XL,3249.00,False,Sold Out,0,https://cavaathleisure.com/products/grape-knot-retro-set
https://cavaathleisure.com,9631459279164,Grape Knot-Retro Set,Women's Co-ord Set,CAVA athleisure,49892087497020,XXL,TP/BTM-RON-set6-Wine-Burgundy-XXL/XXL,3249.00,False,Sold Out,0,https://cavaathleisure.com/products/grape-knot-retro-set
https://cavaathleisure.com,9631467241788,Dusty-Blue Knot-Retro Set,Women's Co-ord Set,CAVA athleisure,49892146053436,S,TP/BTM-RON-set6-Dusty-blue-S/S,3249.00,False,Sold Out,0,https://cavaathleisure.com/products/dusty-blue-knot-retro-set
https://cavaathleisure.com,9631467241788,Dusty-Blue Knot-Retro Set,Women's Co-ord Set,CAVA athleisure,49892146086204,S,TP/BTM-RON-set6-Dusty-blue-S/M,3249.00,False,Sold Out,0,https://cavaathleisure.com/products/dusty-blue-knot-retro-set
https://cavaathleisure.com,9631467241788,Dusty-Blue Knot-Retro Set,Women's Co-ord Set,CAVA athleisure,49892146118972,S,TP/BTM-RON-set6-Dusty-blue-S/L,3249.00,False,Sold Out,0,https://cavaathleisure.com/products/dusty-blue-knot-retro-set
https://cavaathleisure.com,9631467241788,Dusty-Blue Knot-Retro Set,Women's Co-ord Set,CAVA athleisure,49892146151740,S,TP/BTM-RON-set6-Dusty-blue-S/XL,3249.00,False,Sold Out,0,https://cavaathleisure.com/products/dusty-blue-knot-retro-set
https://cavaathleisure.com,9631467241788,Dusty-Blue Knot-Retro Set,Women's Co-ord Set,CAVA athleisure,49892146184508,S,TP/BTM-RON-set6-Dusty-blue-S/XXL,3249.00,False,Sold Out,0,https://cavaathleisure.com/products/dusty-blue-knot-retro-set
https://cavaathleisure.com,9631467241788,Dusty-Blue Knot-Retro Set,Women's Co-ord Set,CAVA athleisure,49892146217276,M,TP/BTM-RON-set6-Dusty-blue-M/S,3249.00,False,Sold Out,0,https://cavaathleisure.com/products/dusty-blue-knot-retro-set
https://cavaathleisure.com,9631467241788,Dusty-Blue Knot-Retro Set,Women's Co-ord Set,CAVA athleisure,49892146250044,M,TP/BTM-RON-set6-Dusty-blue-M/M,3249.00,False,Sold Out,0,https://cavaathleisure.com/products/dusty-blue-knot-retro-set
https://cavaathleisure.com,9631467241788,Dusty-Blue Knot-Retro Set,Women's Co-ord Set,CAVA athleisure,49892146282812,M,TP/BTM-RON-set6-Dusty-blue-M/L,3249.00,False,Sold Out,0,https://cavaathleisure.com/products/dusty-blue-knot-retro-set
https://cavaathleisure.com,9631467241788,Dusty-Blue Knot-Retro Set,Women's Co-ord Set,CAVA athleisure,49892146315580,M,TP/BTM-RON-set6-Dusty-blue-M/XL,3249.00,False,Sold Out,0,https://cavaathleisure.com/products/dusty-blue-knot-retro-set
https://cavaathleisure.com,9631467241788,Dusty-Blue Knot-Retro Set,Women's Co-ord Set,CAVA athleisure,49892146348348,M,TP/BTM-RON-set6-Dusty-blue-M/XXL,3249.00,False,Sold Out,0,https://cavaathleisure.com/products/dusty-blue-knot-retro-set
https://cavaathleisure.com,9631467241788,Dusty-Blue Knot-Retro Set,Women's Co-ord Set,CAVA athleisure,49892146381116,L,TP/BTM-RON-set6-Dusty-blue-L/S,3249.00,False,Sold Out,0,https://cavaathleisure.com/products/dusty-blue-knot-retro-set
https://cavaathleisure.com,9631467241788,Dusty-Blue Knot-Retro Set,Women's Co-ord Set,CAVA athleisure,49892146413884,L,TP/BTM-RON-set6-Dusty-blue-L/M,3249.00,False,Sold Out,0,https://cavaathleisure.com/products/dusty-blue-knot-retro-set
https://cavaathleisure.com,9631467241788,Dusty-Blue Knot-Retro Set,Women's Co-ord Set,CAVA athleisure,49892146446652,L,TP/BTM-RON-set6-Dusty-blue-L/L,3249.00,False,Sold Out,0,https://cavaathleisure.com/products/dusty-blue-knot-retro-set
https://cavaathleisure.com,9631467241788,Dusty-Blue Knot-Retro Set,Women's Co-ord Set,CAVA athleisure,49892146479420,L,TP/BTM-RON-set6-Dusty-blue-L/XL,3249.00,False,Sold Out,0,https://cavaathleisure.com/products/dusty-blue-knot-retro-set
https://cavaathleisure.com,9631467241788,Dusty-Blue Knot-Retro Set,Women's Co-ord Set,CAVA athleisure,49892146512188,L,TP/BTM-RON-set6-Dusty-blue-L/XXL,3249.00,False,Sold Out,0,https://cavaathleisure.com/products/dusty-blue-knot-retro-set
https://cavaathleisure.com,9631467241788,Dusty-Blue Knot-Retro Set,Women's Co-ord Set,CAVA athleisure,49892146544956,XL,TP/BTM-RON-set6-Dusty-blue-XL/S,3249.00,False,Sold Out,0,https://cavaathleisure.com/products/dusty-blue-knot-retro-set
https://cavaathleisure.com,9631467241788,Dusty-Blue Knot-Retro Set,Women's Co-ord Set,CAVA athleisure,49892146577724,XL,TP/BTM-RON-set6-Dusty-blue-XL/M,3249.00,False,Sold Out,0,https://cavaathleisure.com/products/dusty-blue-knot-retro-set
https://cavaathleisure.com,9631467241788,Dusty-Blue Knot-Retro Set,Women's Co-ord Set,CAVA athleisure,49892146610492,XL,TP/BTM-RON-set6-Dusty-blue-XL/L,3249.00,False,Sold Out,0,https://cavaathleisure.com/products/dusty-blue-knot-retro-set
https://cavaathleisure.com,9631467241788,Dusty-Blue Knot-Retro Set,Women's Co-ord Set,CAVA athleisure,49892146643260,XL,TP/BTM-RON-set6-Dusty-blue-XL/XL,3249.00,False,Sold Out,0,https://cavaathleisure.com/products/dusty-blue-knot-retro-set
https://cavaathleisure.com,9631467241788,Dusty-Blue Knot-Retro Set,Women's Co-ord Set,CAVA athleisure,49892146676028,XL,TP/BTM-RON-set6-Dusty-blue-XL/XXL,3249.00,False,Sold Out,0,https://cavaathleisure.com/products/dusty-blue-knot-retro-set
https://cavaathleisure.com,9631467241788,Dusty-Blue Knot-Retro Set,Women's Co-ord Set,CAVA athleisure,49892146708796,XXL,TP/BTM-RON-set6-Dusty-blue-XXL/S,3249.00,False,Sold Out,0,https://cavaathleisure.com/products/dusty-blue-knot-retro-set
https://cavaathleisure.com,9631467241788,Dusty-Blue Knot-Retro Set,Women's Co-ord Set,CAVA athleisure,49892146741564,XXL,TP/BTM-RON-set6-Dusty-blue-XXL/M,3249.00,False,Sold Out,0,https://cavaathleisure.com/products/dusty-blue-knot-retro-set
https://cavaathleisure.com,9631467241788,Dusty-Blue Knot-Retro Set,Women's Co-ord Set,CAVA athleisure,49892146774332,XXL,TP/BTM-RON-set6-Dusty-blue-XXL/L,3249.00,False,Sold Out,0,https://cavaathleisure.com/products/dusty-blue-knot-retro-set
https://cavaathleisure.com,9631467241788,Dusty-Blue Knot-Retro Set,Women's Co-ord Set,CAVA athleisure,49892146839868,XXL,TP/BTM-RON-set6-Dusty-blue-XXL/XL,3249.00,False,Sold Out,0,https://cavaathleisure.com/products/dusty-blue-knot-retro-set
https://cavaathleisure.com,9631467241788,Dusty-Blue Knot-Retro Set,Women's Co-ord Set,CAVA athleisure,49892146872636,XXL,TP/BTM-RON-set6-Dusty-blue-XXL/XXL,3249.00,False,Sold Out,0,https://cavaathleisure.com/products/dusty-blue-knot-retro-set
https://cavaathleisure.com,9660805513532,Sand Airy Two-Piece Top,Women's Tops,CAVA athleisure,49976907530556,XS,TP-para-AWLC10-Irish-cream-XS,805.00,True,Available,1,https://cavaathleisure.com/products/sand-airy-two-piece
https://cavaathleisure.com,9660805513532,Sand Airy Two-Piece Top,Women's Tops,CAVA athleisure,49976907563324,S,TP-para-AWLC10-Irish-cream-S,805.00,False,Sold Out,0,https://cavaathleisure.com/products/sand-airy-two-piece
https://cavaathleisure.com,9660805513532,Sand Airy Two-Piece Top,Women's Tops,CAVA athleisure,49976907596092,M,TP-para-AWLC10-Irish-cream-M,805.00,True,Available,1,https://cavaathleisure.com/products/sand-airy-two-piece
https://cavaathleisure.com,9660805513532,Sand Airy Two-Piece Top,Women's Tops,CAVA athleisure,49976907628860,L,TP-para-AWLC10-Irish-cream-L,805.00,True,Available,1,https://cavaathleisure.com/products/sand-airy-two-piece
https://cavaathleisure.com,9660805513532,Sand Airy Two-Piece Top,Women's Tops,CAVA athleisure,49976907661628,XL,TP-para-AWLC10-Irish-cream-XL,805.00,True,Available,1,https://cavaathleisure.com/products/sand-airy-two-piece
https://cavaathleisure.com,9660805513532,Sand Airy Two-Piece Top,Women's Tops,CAVA athleisure,49976907694396,XXL,TP-para-AWLC10-Irish-cream-XXL,805.00,True,Available,1,https://cavaathleisure.com/products/sand-airy-two-piece
https://cavaathleisure.com,9631488246076,Matcha Overlap Sculpt Set,Women's Co-ord Set,CAVA athleisure,49892250452284,S,TP/BTM-RON-Set2/10-Moss-Gray-S/S,2729.00,False,Sold Out,0,https://cavaathleisure.com/products/matcha-overlap-sculpt-set
https://cavaathleisure.com,9631488246076,Matcha Overlap Sculpt Set,Women's Co-ord Set,CAVA athleisure,49892250485052,S,TP/BTM-RON-Set2/10-Moss-Gray-S/M,2729.00,False,Sold Out,0,https://cavaathleisure.com/products/matcha-overlap-sculpt-set
https://cavaathleisure.com,9631488246076,Matcha Overlap Sculpt Set,Women's Co-ord Set,CAVA athleisure,49892250517820,S,TP/BTM-RON-Set2/10-Moss-Gray-S/L,2729.00,False,Sold Out,0,https://cavaathleisure.com/products/matcha-overlap-sculpt-set
https://cavaathleisure.com,9631488246076,Matcha Overlap Sculpt Set,Women's Co-ord Set,CAVA athleisure,49892250550588,S,TP/BTM-RON-Set2/10-Moss-Gray-S/XL,2729.00,False,Sold Out,0,https://cavaathleisure.com/products/matcha-overlap-sculpt-set
https://cavaathleisure.com,9631488246076,Matcha Overlap Sculpt Set,Women's Co-ord Set,CAVA athleisure,49892250583356,M,TP/BTM-RON-Set2/10-Moss-Gray-M/S,2729.00,False,Sold Out,0,https://cavaathleisure.com/products/matcha-overlap-sculpt-set
https://cavaathleisure.com,9631488246076,Matcha Overlap Sculpt Set,Women's Co-ord Set,CAVA athleisure,49892250616124,M,TP/BTM-RON-Set2/10-Moss-Gray-M/M,2729.00,False,Sold Out,0,https://cavaathleisure.com/products/matcha-overlap-sculpt-set
https://cavaathleisure.com,9631488246076,Matcha Overlap Sculpt Set,Women's Co-ord Set,CAVA athleisure,49892250648892,M,TP/BTM-RON-Set2/10-Moss-Gray-M/L,2729.00,False,Sold Out,0,https://cavaathleisure.com/products/matcha-overlap-sculpt-set
https://cavaathleisure.com,9631488246076,Matcha Overlap Sculpt Set,Women's Co-ord Set,CAVA athleisure,49892250681660,M,TP/BTM-RON-Set2/10-Moss-Gray-M/XL,2729.00,False,Sold Out,0,https://cavaathleisure.com/products/matcha-overlap-sculpt-set
https://cavaathleisure.com,9631488246076,Matcha Overlap Sculpt Set,Women's Co-ord Set,CAVA athleisure,49892250714428,L,TP/BTM-RON-Set2/10-Moss-Gray-L/S,2729.00,False,Sold Out,0,https://cavaathleisure.com/products/matcha-overlap-sculpt-set
https://cavaathleisure.com,9631488246076,Matcha Overlap Sculpt Set,Women's Co-ord Set,CAVA athleisure,49892250747196,L,TP/BTM-RON-Set2/10-Moss-Gray-L/M,2729.00,False,Sold Out,0,https://cavaathleisure.com/products/matcha-overlap-sculpt-set
https://cavaathleisure.com,9631488246076,Matcha Overlap Sculpt Set,Women's Co-ord Set,CAVA athleisure,49892250779964,L,TP/BTM-RON-Set2/10-Moss-Gray-L/L,2729.00,False,Sold Out,0,https://cavaathleisure.com/products/matcha-overlap-sculpt-set
https://cavaathleisure.com,9631488246076,Matcha Overlap Sculpt Set,Women's Co-ord Set,CAVA athleisure,49892250812732,L,TP/BTM-RON-Set2/10-Moss-Gray-L/XL,2729.00,False,Sold Out,0,https://cavaathleisure.com/products/matcha-overlap-sculpt-set
https://cavaathleisure.com,9631488246076,Matcha Overlap Sculpt Set,Women's Co-ord Set,CAVA athleisure,49892250845500,XL,TP/BTM-RON-Set2/10-Moss-Gray-XL/S,2729.00,False,Sold Out,0,https://cavaathleisure.com/products/matcha-overlap-sculpt-set
https://cavaathleisure.com,9631488246076,Matcha Overlap Sculpt Set,Women's Co-ord Set,CAVA athleisure,49892250878268,XL,TP/BTM-RON-Set2/10-Moss-Gray-XL/M,2729.00,False,Sold Out,0,https://cavaathleisure.com/products/matcha-overlap-sculpt-set
https://cavaathleisure.com,9631488246076,Matcha Overlap Sculpt Set,Women's Co-ord Set,CAVA athleisure,49892250911036,XL,TP/BTM-RON-Set2/10-Moss-Gray-XL/L,2729.00,False,Sold Out,0,https://cavaathleisure.com/products/matcha-overlap-sculpt-set
https://cavaathleisure.com,9631488246076,Matcha Overlap Sculpt Set,Women's Co-ord Set,CAVA athleisure,49892250943804,XL,TP/BTM-RON-Set2/10-Moss-Gray-XL/XL,2729.00,False,Sold Out,0,https://cavaathleisure.com/products/matcha-overlap-sculpt-set
https://cavaathleisure.com,9631488246076,Matcha Overlap Sculpt Set,Women's Co-ord Set,CAVA athleisure,49892250976572,XXL,TP/BTM-RON-Set2/10-Moss-Gray-XXL/S,2729.00,False,Sold Out,0,https://cavaathleisure.com/products/matcha-overlap-sculpt-set
https://cavaathleisure.com,9631488246076,Matcha Overlap Sculpt Set,Women's Co-ord Set,CAVA athleisure,49892251009340,XXL,TP/BTM-RON-Set2/10-Moss-Gray-XXL/M,2729.00,False,Sold Out,0,https://cavaathleisure.com/products/matcha-overlap-sculpt-set
https://cavaathleisure.com,9631488246076,Matcha Overlap Sculpt Set,Women's Co-ord Set,CAVA athleisure,49892251042108,XXL,TP/BTM-RON-Set2/10-Moss-Gray-XXL/L,2729.00,False,Sold Out,0,https://cavaathleisure.com/products/matcha-overlap-sculpt-set
https://cavaathleisure.com,9631488246076,Matcha Overlap Sculpt Set,Women's Co-ord Set,CAVA athleisure,49892251074876,XXL,TP/BTM-RON-Set2/10-Moss-Gray-XXL/XL,2729.00,False,Sold Out,0,https://cavaathleisure.com/products/matcha-overlap-sculpt-set
https://cavaathleisure.com,9658712326460,Sand Ease Flare Pants,Women's Joggers,CAVA athleisure,49969747853628,XS,BTM-para-AWLC05-Irish-cream-XS,875.00,True,Available,1,https://cavaathleisure.com/products/taupe-ease-flare-pants
https://cavaathleisure.com,9658712326460,Sand Ease Flare Pants,Women's Joggers,CAVA athleisure,49969747886396,S,BTM-para-AWLC05-Irish-cream-S,875.00,True,Available,1,https://cavaathleisure.com/products/taupe-ease-flare-pants
https://cavaathleisure.com,9658712326460,Sand Ease Flare Pants,Women's Joggers,CAVA athleisure,49969747919164,M,BTM-para-AWLC05-Irish-cream-M,875.00,True,Available,1,https://cavaathleisure.com/products/taupe-ease-flare-pants
https://cavaathleisure.com,9658712326460,Sand Ease Flare Pants,Women's Joggers,CAVA athleisure,49969747951932,L,BTM-para-AWLC05-Irish-cream-L,875.00,True,Available,1,https://cavaathleisure.com/products/taupe-ease-flare-pants
https://cavaathleisure.com,9658712326460,Sand Ease Flare Pants,Women's Joggers,CAVA athleisure,49969747984700,XL,BTM-para-AWLC05-Irish-cream-XL,875.00,False,Sold Out,0,https://cavaathleisure.com/products/taupe-ease-flare-pants
https://cavaathleisure.com,9658712326460,Sand Ease Flare Pants,Women's Joggers,CAVA athleisure,49969748017468,XXL,BTM-para-AWLC05-Irish-cream-XXL,875.00,True,Available,1,https://cavaathleisure.com/products/taupe-ease-flare-pants
https://cavaathleisure.com,9658530201916,Blue Offgrid Cargos,Women's Joggers,CAVA athleisure,49969142956348,S,BTM-shiv-AWLC07-Provincial-blue-S,875.00,True,Available,1,https://cavaathleisure.com/products/blue-offgrid-cargos
https://cavaathleisure.com,9658530201916,Blue Offgrid Cargos,Women's Joggers,CAVA athleisure,49969142989116,M,BTM-shiv-AWLC07-Provincial-blue-M,875.00,True,Available,1,https://cavaathleisure.com/products/blue-offgrid-cargos
https://cavaathleisure.com,9658530201916,Blue Offgrid Cargos,Women's Joggers,CAVA athleisure,49969143021884,L,BTM-shiv-AWLC07-Provincial-blue-L,875.00,True,Available,1,https://cavaathleisure.com/products/blue-offgrid-cargos
https://cavaathleisure.com,9658530201916,Blue Offgrid Cargos,Women's Joggers,CAVA athleisure,49969143054652,XL,BTM-shiv-AWLC07-Provincial-blue-XL,875.00,True,Available,1,https://cavaathleisure.com/products/blue-offgrid-cargos
https://cavaathleisure.com,9658530201916,Blue Offgrid Cargos,Women's Joggers,CAVA athleisure,49969143087420,XXL,BTM-shiv-AWLC07-Provincial-blue-XXL,875.00,False,Sold Out,0,https://cavaathleisure.com/products/blue-offgrid-cargos
https://cavaathleisure.com,9631516066108,Red Asymmetrical Whirl Set,Women's Co-ord Set,CAVA athleisure,49892505780540,XS,TP/BTM-para-AWLC06/19-Cardinal-XS/XS,2534.00,False,Sold Out,0,https://cavaathleisure.com/products/red-asymmetrical-whirl-set
https://cavaathleisure.com,9631516066108,Red Asymmetrical Whirl Set,Women's Co-ord Set,CAVA athleisure,49892511547708,XS,TP/BTM-para-AWLC06/19-Cardinal-XS/S,2534.00,False,Sold Out,0,https://cavaathleisure.com/products/red-asymmetrical-whirl-set
https://cavaathleisure.com,9631516066108,Red Asymmetrical Whirl Set,Women's Co-ord Set,CAVA athleisure,49892511580476,XS,TP/BTM-para-AWLC06/19-Cardinal-XS/M,2534.00,False,Sold Out,0,https://cavaathleisure.com/products/red-asymmetrical-whirl-set
https://cavaathleisure.com,9631516066108,Red Asymmetrical Whirl Set,Women's Co-ord Set,CAVA athleisure,49892511613244,XS,TP/BTM-para-AWLC06/19-Cardinal-XS/L,2534.00,False,Sold Out,0,https://cavaathleisure.com/products/red-asymmetrical-whirl-set
https://cavaathleisure.com,9631516066108,Red Asymmetrical Whirl Set,Women's Co-ord Set,CAVA athleisure,49892511646012,XS,TP/BTM-para-AWLC06/19-Cardinal-XS/XL,2534.00,False,Sold Out,0,https://cavaathleisure.com/products/red-asymmetrical-whirl-set
https://cavaathleisure.com,9631516066108,Red Asymmetrical Whirl Set,Women's Co-ord Set,CAVA athleisure,49892511678780,XS,TP/BTM-para-AWLC06/19-Cardinal-XS/XXL,2534.00,False,Sold Out,0,https://cavaathleisure.com/products/red-asymmetrical-whirl-set
https://cavaathleisure.com,9631516066108,Red Asymmetrical Whirl Set,Women's Co-ord Set,CAVA athleisure,49892505813308,S,TP/BTM-para-AWLC06/19-Cardinal-S/XS,2534.00,False,Sold Out,0,https://cavaathleisure.com/products/red-asymmetrical-whirl-set
https://cavaathleisure.com,9631516066108,Red Asymmetrical Whirl Set,Women's Co-ord Set,CAVA athleisure,49892511711548,S,TP/BTM-para-AWLC06/19-Cardinal-S/S,2534.00,False,Sold Out,0,https://cavaathleisure.com/products/red-asymmetrical-whirl-set
https://cavaathleisure.com,9631516066108,Red Asymmetrical Whirl Set,Women's Co-ord Set,CAVA athleisure,49892511744316,S,TP/BTM-para-AWLC06/19-Cardinal-S/M,2534.00,False,Sold Out,0,https://cavaathleisure.com/products/red-asymmetrical-whirl-set
https://cavaathleisure.com,9631516066108,Red Asymmetrical Whirl Set,Women's Co-ord Set,CAVA athleisure,49892511777084,S,TP/BTM-para-AWLC06/19-Cardinal-S/L,2534.00,False,Sold Out,0,https://cavaathleisure.com/products/red-asymmetrical-whirl-set
https://cavaathleisure.com,9631516066108,Red Asymmetrical Whirl Set,Women's Co-ord Set,CAVA athleisure,49892511809852,S,TP/BTM-para-AWLC06/19-Cardinal-S/XL,2534.00,False,Sold Out,0,https://cavaathleisure.com/products/red-asymmetrical-whirl-set
https://cavaathleisure.com,9631516066108,Red Asymmetrical Whirl Set,Women's Co-ord Set,CAVA athleisure,49892511842620,S,TP/BTM-para-AWLC06/19-Cardinal-S/XXL,2534.00,False,Sold Out,0,https://cavaathleisure.com/products/red-asymmetrical-whirl-set
https://cavaathleisure.com,9631516066108,Red Asymmetrical Whirl Set,Women's Co-ord Set,CAVA athleisure,49892505846076,M,TP/BTM-para-AWLC06/19-Cardinal-M/XS,2534.00,False,Sold Out,0,https://cavaathleisure.com/products/red-asymmetrical-whirl-set
https://cavaathleisure.com,9631516066108,Red Asymmetrical Whirl Set,Women's Co-ord Set,CAVA athleisure,49892511875388,M,TP/BTM-para-AWLC06/19-Cardinal-M/S,2534.00,False,Sold Out,0,https://cavaathleisure.com/products/red-asymmetrical-whirl-set
https://cavaathleisure.com,9631516066108,Red Asymmetrical Whirl Set,Women's Co-ord Set,CAVA athleisure,49892511908156,M,TP/BTM-para-AWLC06/19-Cardinal-M/M,2534.00,False,Sold Out,0,https://cavaathleisure.com/products/red-asymmetrical-whirl-set
https://cavaathleisure.com,9631516066108,Red Asymmetrical Whirl Set,Women's Co-ord Set,CAVA athleisure,49892511940924,M,TP/BTM-para-AWLC06/19-Cardinal-M/L,2534.00,False,Sold Out,0,https://cavaathleisure.com/products/red-asymmetrical-whirl-set
https://cavaathleisure.com,9631516066108,Red Asymmetrical Whirl Set,Women's Co-ord Set,CAVA athleisure,49892511973692,M,TP/BTM-para-AWLC06/19-Cardinal-M/XL,2534.00,False,Sold Out,0,https://cavaathleisure.com/products/red-asymmetrical-whirl-set
https://cavaathleisure.com,9631516066108,Red Asymmetrical Whirl Set,Women's Co-ord Set,CAVA athleisure,49892512006460,M,TP/BTM-para-AWLC06/19-Cardinal-M/XXL,2534.00,False,Sold Out,0,https://cavaathleisure.com/products/red-asymmetrical-whirl-set
https://cavaathleisure.com,9631516066108,Red Asymmetrical Whirl Set,Women's Co-ord Set,CAVA athleisure,49892505878844,L,TP/BTM-para-AWLC06/19-Cardinal-L/XS,2534.00,False,Sold Out,0,https://cavaathleisure.com/products/red-asymmetrical-whirl-set
https://cavaathleisure.com,9631516066108,Red Asymmetrical Whirl Set,Women's Co-ord Set,CAVA athleisure,49892512039228,L,TP/BTM-para-AWLC06/19-Cardinal-L/S,2534.00,False,Sold Out,0,https://cavaathleisure.com/products/red-asymmetrical-whirl-set
https://cavaathleisure.com,9631516066108,Red Asymmetrical Whirl Set,Women's Co-ord Set,CAVA athleisure,49892512071996,L,TP/BTM-para-AWLC06/19-Cardinal-L/M,2534.00,False,Sold Out,0,https://cavaathleisure.com/products/red-asymmetrical-whirl-set
https://cavaathleisure.com,9631516066108,Red Asymmetrical Whirl Set,Women's Co-ord Set,CAVA athleisure,49892512104764,L,TP/BTM-para-AWLC06/19-Cardinal-L/L,2534.00,False,Sold Out,0,https://cavaathleisure.com/products/red-asymmetrical-whirl-set
https://cavaathleisure.com,9631516066108,Red Asymmetrical Whirl Set,Women's Co-ord Set,CAVA athleisure,49892512137532,L,TP/BTM-para-AWLC06/19-Cardinal-L/XL,2534.00,False,Sold Out,0,https://cavaathleisure.com/products/red-asymmetrical-whirl-set
https://cavaathleisure.com,9631516066108,Red Asymmetrical Whirl Set,Women's Co-ord Set,CAVA athleisure,49892512170300,L,TP/BTM-para-AWLC06/19-Cardinal-L/XXL,2534.00,False,Sold Out,0,https://cavaathleisure.com/products/red-asymmetrical-whirl-set
https://cavaathleisure.com,9631516066108,Red Asymmetrical Whirl Set,Women's Co-ord Set,CAVA athleisure,49892505911612,XL,TP/BTM-para-AWLC06/19-Cardinal-XL/XS,2534.00,False,Sold Out,0,https://cavaathleisure.com/products/red-asymmetrical-whirl-set
https://cavaathleisure.com,9631516066108,Red Asymmetrical Whirl Set,Women's Co-ord Set,CAVA athleisure,49892512203068,XL,TP/BTM-para-AWLC06/19-Cardinal-XL/S,2534.00,False,Sold Out,0,https://cavaathleisure.com/products/red-asymmetrical-whirl-set
https://cavaathleisure.com,9631516066108,Red Asymmetrical Whirl Set,Women's Co-ord Set,CAVA athleisure,49892512235836,XL,TP/BTM-para-AWLC06/19-Cardinal-XL/M,2534.00,False,Sold Out,0,https://cavaathleisure.com/products/red-asymmetrical-whirl-set
https://cavaathleisure.com,9631516066108,Red Asymmetrical Whirl Set,Women's Co-ord Set,CAVA athleisure,49892512268604,XL,TP/BTM-para-AWLC06/19-Cardinal-XL/L,2534.00,False,Sold Out,0,https://cavaathleisure.com/products/red-asymmetrical-whirl-set
https://cavaathleisure.com,9631516066108,Red Asymmetrical Whirl Set,Women's Co-ord Set,CAVA athleisure,49892512301372,XL,TP/BTM-para-AWLC06/19-Cardinal-XL/XL,2534.00,False,Sold Out,0,https://cavaathleisure.com/products/red-asymmetrical-whirl-set
https://cavaathleisure.com,9631516066108,Red Asymmetrical Whirl Set,Women's Co-ord Set,CAVA athleisure,49892512334140,XL,TP/BTM-para-AWLC06/19-Cardinal-XL/XXL,2534.00,False,Sold Out,0,https://cavaathleisure.com/products/red-asymmetrical-whirl-set
https://cavaathleisure.com,9631516066108,Red Asymmetrical Whirl Set,Women's Co-ord Set,CAVA athleisure,49892505944380,XXL,TP/BTM-para-AWLC06/19-Cardinal-XXL/XS,2534.00,False,Sold Out,0,https://cavaathleisure.com/products/red-asymmetrical-whirl-set
https://cavaathleisure.com,9631516066108,Red Asymmetrical Whirl Set,Women's Co-ord Set,CAVA athleisure,49892512366908,XXL,TP/BTM-para-AWLC06/19-Cardinal-XXL/S,2534.00,False,Sold Out,0,https://cavaathleisure.com/products/red-asymmetrical-whirl-set
https://cavaathleisure.com,9631516066108,Red Asymmetrical Whirl Set,Women's Co-ord Set,CAVA athleisure,49892512399676,XXL,TP/BTM-para-AWLC06/19-Cardinal-XXL/M,2534.00,False,Sold Out,0,https://cavaathleisure.com/products/red-asymmetrical-whirl-set
https://cavaathleisure.com,9631516066108,Red Asymmetrical Whirl Set,Women's Co-ord Set,CAVA athleisure,49892512432444,XXL,TP/BTM-para-AWLC06/19-Cardinal-XXL/L,2534.00,False,Sold Out,0,https://cavaathleisure.com/products/red-asymmetrical-whirl-set
https://cavaathleisure.com,9631516066108,Red Asymmetrical Whirl Set,Women's Co-ord Set,CAVA athleisure,49892512465212,XXL,TP/BTM-para-AWLC06/19-Cardinal-XXL/XL,2534.00,False,Sold Out,0,https://cavaathleisure.com/products/red-asymmetrical-whirl-set
https://cavaathleisure.com,9631516066108,Red Asymmetrical Whirl Set,Women's Co-ord Set,CAVA athleisure,49892512497980,XXL,TP/BTM-para-AWLC06/19-Cardinal-XXL/XXL,2534.00,False,Sold Out,0,https://cavaathleisure.com/products/red-asymmetrical-whirl-set
https://cavaathleisure.com,9631504761148,Brown Overlap Sculpt Set,Women's Co-ord Set,CAVA athleisure,49892417339708,S,Set-RON-Set2/10-Hot-fudge-S/S,2729.00,False,Sold Out,0,https://cavaathleisure.com/products/brown-overlap-sculpt-set
https://cavaathleisure.com,9631504761148,Brown Overlap Sculpt Set,Women's Co-ord Set,CAVA athleisure,49892417372476,S,Set-RON-Set2/10-Hot-fudge-S/M,2729.00,False,Sold Out,0,https://cavaathleisure.com/products/brown-overlap-sculpt-set
https://cavaathleisure.com,9631504761148,Brown Overlap Sculpt Set,Women's Co-ord Set,CAVA athleisure,49892417405244,S,Set-RON-Set2/10-Hot-fudge-S/L,2729.00,False,Sold Out,0,https://cavaathleisure.com/products/brown-overlap-sculpt-set
https://cavaathleisure.com,9631504761148,Brown Overlap Sculpt Set,Women's Co-ord Set,CAVA athleisure,49892417438012,S,Set-RON-Set2/10-Hot-fudge-S/XL,2729.00,False,Sold Out,0,https://cavaathleisure.com/products/brown-overlap-sculpt-set
https://cavaathleisure.com,9631504761148,Brown Overlap Sculpt Set,Women's Co-ord Set,CAVA athleisure,49892417470780,M,Set-RON-Set2/10-Hot-fudge-M/S,2729.00,False,Sold Out,0,https://cavaathleisure.com/products/brown-overlap-sculpt-set
https://cavaathleisure.com,9631504761148,Brown Overlap Sculpt Set,Women's Co-ord Set,CAVA athleisure,49892417503548,M,Set-RON-Set2/10-Hot-fudge-M/M,2729.00,False,Sold Out,0,https://cavaathleisure.com/products/brown-overlap-sculpt-set
https://cavaathleisure.com,9631504761148,Brown Overlap Sculpt Set,Women's Co-ord Set,CAVA athleisure,49892417536316,M,Set-RON-Set2/10-Hot-fudge-M/L,2729.00,False,Sold Out,0,https://cavaathleisure.com/products/brown-overlap-sculpt-set
https://cavaathleisure.com,9631504761148,Brown Overlap Sculpt Set,Women's Co-ord Set,CAVA athleisure,49892417569084,M,Set-RON-Set2/10-Hot-fudge-M/XL,2729.00,False,Sold Out,0,https://cavaathleisure.com/products/brown-overlap-sculpt-set
https://cavaathleisure.com,9631504761148,Brown Overlap Sculpt Set,Women's Co-ord Set,CAVA athleisure,49892417601852,L,Set-RON-Set2/10-Hot-fudge-L/S,2729.00,False,Sold Out,0,https://cavaathleisure.com/products/brown-overlap-sculpt-set
https://cavaathleisure.com,9631504761148,Brown Overlap Sculpt Set,Women's Co-ord Set,CAVA athleisure,49892417634620,L,Set-RON-Set2/10-Hot-fudge-L/M,2729.00,False,Sold Out,0,https://cavaathleisure.com/products/brown-overlap-sculpt-set
https://cavaathleisure.com,9631504761148,Brown Overlap Sculpt Set,Women's Co-ord Set,CAVA athleisure,49892417667388,L,Set-RON-Set2/10-Hot-fudge-L/L,2729.00,False,Sold Out,0,https://cavaathleisure.com/products/brown-overlap-sculpt-set
https://cavaathleisure.com,9631504761148,Brown Overlap Sculpt Set,Women's Co-ord Set,CAVA athleisure,49892417700156,L,Set-RON-Set2/10-Hot-fudge-L/XL,2729.00,False,Sold Out,0,https://cavaathleisure.com/products/brown-overlap-sculpt-set
https://cavaathleisure.com,9631504761148,Brown Overlap Sculpt Set,Women's Co-ord Set,CAVA athleisure,49892417732924,XL,Set-RON-Set2/10-Hot-fudge-XL/S,2729.00,False,Sold Out,0,https://cavaathleisure.com/products/brown-overlap-sculpt-set
https://cavaathleisure.com,9631504761148,Brown Overlap Sculpt Set,Women's Co-ord Set,CAVA athleisure,49892417765692,XL,Set-RON-Set2/10-Hot-fudge-XL/M,2729.00,False,Sold Out,0,https://cavaathleisure.com/products/brown-overlap-sculpt-set
https://cavaathleisure.com,9631504761148,Brown Overlap Sculpt Set,Women's Co-ord Set,CAVA athleisure,49892417798460,XL,Set-RON-Set2/10-Hot-fudge-XL/L,2729.00,False,Sold Out,0,https://cavaathleisure.com/products/brown-overlap-sculpt-set
https://cavaathleisure.com,9631504761148,Brown Overlap Sculpt Set,Women's Co-ord Set,CAVA athleisure,49892417831228,XL,Set-RON-Set2/10-Hot-fudge-XL/XL,2729.00,False,Sold Out,0,https://cavaathleisure.com/products/brown-overlap-sculpt-set
https://cavaathleisure.com,9631504761148,Brown Overlap Sculpt Set,Women's Co-ord Set,CAVA athleisure,49892417863996,XXL,TP/BTM-RON-Set2/10-Hot-fudge-XXL/S,2729.00,False,Sold Out,0,https://cavaathleisure.com/products/brown-overlap-sculpt-set
https://cavaathleisure.com,9631504761148,Brown Overlap Sculpt Set,Women's Co-ord Set,CAVA athleisure,49892417896764,XXL,TP/BTM-RON-Set2/10-Hot-fudge-XXL/M,2729.00,False,Sold Out,0,https://cavaathleisure.com/products/brown-overlap-sculpt-set
https://cavaathleisure.com,9631504761148,Brown Overlap Sculpt Set,Women's Co-ord Set,CAVA athleisure,49892417929532,XXL,TP/BTM-RON-Set2/10-Hot-fudge-XXL/L,2729.00,False,Sold Out,0,https://cavaathleisure.com/products/brown-overlap-sculpt-set
https://cavaathleisure.com,9631504761148,Brown Overlap Sculpt Set,Women's Co-ord Set,CAVA athleisure,49892417962300,XXL,TP/BTM-RON-Set2/10-Hot-fudge-XXL/XL,2729.00,False,Sold Out,0,https://cavaathleisure.com/products/brown-overlap-sculpt-set
https://cavaathleisure.com,9631512232252,Black Overlap Sculpt Set,Women's Co-ord Set,CAVA athleisure,49892490871100,S,TP/BTM-RON-Set2/10-Jet-Black-S/S,2729.00,False,Sold Out,0,https://cavaathleisure.com/products/black-overlap-sculpt-set
https://cavaathleisure.com,9631512232252,Black Overlap Sculpt Set,Women's Co-ord Set,CAVA athleisure,49892490903868,S,TP/BTM-RON-Set2/10-Jet-Black-S/M,2729.00,False,Sold Out,0,https://cavaathleisure.com/products/black-overlap-sculpt-set
https://cavaathleisure.com,9631512232252,Black Overlap Sculpt Set,Women's Co-ord Set,CAVA athleisure,49892490936636,S,TP/BTM-RON-Set2/10-Jet-Black-S/L,2729.00,False,Sold Out,0,https://cavaathleisure.com/products/black-overlap-sculpt-set
https://cavaathleisure.com,9631512232252,Black Overlap Sculpt Set,Women's Co-ord Set,CAVA athleisure,49892490969404,S,TP/BTM-RON-Set2/10-Jet-Black-S/XL,2729.00,False,Sold Out,0,https://cavaathleisure.com/products/black-overlap-sculpt-set
https://cavaathleisure.com,9631512232252,Black Overlap Sculpt Set,Women's Co-ord Set,CAVA athleisure,49892491002172,M,TP/BTM-RON-Set2/10-Jet-Black-M/S,2729.00,False,Sold Out,0,https://cavaathleisure.com/products/black-overlap-sculpt-set
https://cavaathleisure.com,9631512232252,Black Overlap Sculpt Set,Women's Co-ord Set,CAVA athleisure,49892491034940,M,TP/BTM-RON-Set2/10-Jet-Black-M/M,2729.00,False,Sold Out,0,https://cavaathleisure.com/products/black-overlap-sculpt-set
https://cavaathleisure.com,9631512232252,Black Overlap Sculpt Set,Women's Co-ord Set,CAVA athleisure,49892491067708,M,TP/BTM-RON-Set2/10-Jet-Black-M/L,2729.00,False,Sold Out,0,https://cavaathleisure.com/products/black-overlap-sculpt-set
https://cavaathleisure.com,9631512232252,Black Overlap Sculpt Set,Women's Co-ord Set,CAVA athleisure,49892491100476,M,TP/BTM-RON-Set2/10-Jet-Black-M/XL,2729.00,False,Sold Out,0,https://cavaathleisure.com/products/black-overlap-sculpt-set
https://cavaathleisure.com,9631512232252,Black Overlap Sculpt Set,Women's Co-ord Set,CAVA athleisure,49892491133244,L,TP/BTM-RON-Set2/10-Jet-Black-L/S,2729.00,False,Sold Out,0,https://cavaathleisure.com/products/black-overlap-sculpt-set
https://cavaathleisure.com,9631512232252,Black Overlap Sculpt Set,Women's Co-ord Set,CAVA athleisure,49892491166012,L,TP/BTM-RON-Set2/10-Jet-Black-L/M,2729.00,False,Sold Out,0,https://cavaathleisure.com/products/black-overlap-sculpt-set
https://cavaathleisure.com,9631512232252,Black Overlap Sculpt Set,Women's Co-ord Set,CAVA athleisure,49892491198780,L,TP/BTM-RON-Set2/10-Jet-Black-L/L,2729.00,False,Sold Out,0,https://cavaathleisure.com/products/black-overlap-sculpt-set
https://cavaathleisure.com,9631512232252,Black Overlap Sculpt Set,Women's Co-ord Set,CAVA athleisure,49892491231548,L,TP/BTM-RON-Set2/10-Jet-Black-L/XL,2729.00,False,Sold Out,0,https://cavaathleisure.com/products/black-overlap-sculpt-set
https://cavaathleisure.com,9631512232252,Black Overlap Sculpt Set,Women's Co-ord Set,CAVA athleisure,49892491264316,XL,TP/BTM-RON-Set2/10-Jet-Black-XL/S,2729.00,False,Sold Out,0,https://cavaathleisure.com/products/black-overlap-sculpt-set
https://cavaathleisure.com,9631512232252,Black Overlap Sculpt Set,Women's Co-ord Set,CAVA athleisure,49892491297084,XL,TP/BTM-RON-Set2/10-Jet-Black-XL/M,2729.00,False,Sold Out,0,https://cavaathleisure.com/products/black-overlap-sculpt-set
https://cavaathleisure.com,9631512232252,Black Overlap Sculpt Set,Women's Co-ord Set,CAVA athleisure,49892491329852,XL,TP/BTM-RON-Set2/10-Jet-Black-XL/L,2729.00,False,Sold Out,0,https://cavaathleisure.com/products/black-overlap-sculpt-set
https://cavaathleisure.com,9631512232252,Black Overlap Sculpt Set,Women's Co-ord Set,CAVA athleisure,49892491362620,XL,TP/BTM-RON-Set2/10-Jet-Black-XL/XL,2729.00,False,Sold Out,0,https://cavaathleisure.com/products/black-overlap-sculpt-set
https://cavaathleisure.com,9631512232252,Black Overlap Sculpt Set,Women's Co-ord Set,CAVA athleisure,49892491395388,XXL,TP/BTM-RON-Set2/10-Jet-Black-XXL/S,2729.00,False,Sold Out,0,https://cavaathleisure.com/products/black-overlap-sculpt-set
https://cavaathleisure.com,9631512232252,Black Overlap Sculpt Set,Women's Co-ord Set,CAVA athleisure,49892491428156,XXL,TP/BTM-RON-Set2/10-Jet-Black-XXL/M,2729.00,False,Sold Out,0,https://cavaathleisure.com/products/black-overlap-sculpt-set
https://cavaathleisure.com,9631512232252,Black Overlap Sculpt Set,Women's Co-ord Set,CAVA athleisure,49892491460924,XXL,TP/BTM-RON-Set2/10-Jet-Black-XXL/L,2729.00,False,Sold Out,0,https://cavaathleisure.com/products/black-overlap-sculpt-set
https://cavaathleisure.com,9631512232252,Black Overlap Sculpt Set,Women's Co-ord Set,CAVA athleisure,49892491493692,XXL,TP/BTM-RON-Set2/10-Jet-Black-XXL/XL,2729.00,False,Sold Out,0,https://cavaathleisure.com/products/black-overlap-sculpt-set
https://cavaathleisure.com,9631548375356,Black Boxy Weekend Set,Women's Co-ord Set,CAVA athleisure,49892791124284,XS,TP/BTM-shiv-AWLC21/22-Jet-black-XS/XS,2729.00,False,Sold Out,0,https://cavaathleisure.com/products/black-boxy-weekend-set
https://cavaathleisure.com,9631548375356,Black Boxy Weekend Set,Women's Co-ord Set,CAVA athleisure,49892791157052,XS,TP/BTM-shiv-AWLC21/22-Jet-black-XS/S,2729.00,False,Sold Out,0,https://cavaathleisure.com/products/black-boxy-weekend-set
https://cavaathleisure.com,9631548375356,Black Boxy Weekend Set,Women's Co-ord Set,CAVA athleisure,49892791189820,XS,TP/BTM-shiv-AWLC21/22-Jet-black-XS/M,2729.00,False,Sold Out,0,https://cavaathleisure.com/products/black-boxy-weekend-set
https://cavaathleisure.com,9631548375356,Black Boxy Weekend Set,Women's Co-ord Set,CAVA athleisure,49892791222588,XS,TP/BTM-shiv-AWLC21/22-Jet-black-XS/L,2729.00,False,Sold Out,0,https://cavaathleisure.com/products/black-boxy-weekend-set
https://cavaathleisure.com,9631548375356,Black Boxy Weekend Set,Women's Co-ord Set,CAVA athleisure,49892791255356,XS,TP/BTM-shiv-AWLC21/22-Jet-black-XS/XL,2729.00,False,Sold Out,0,https://cavaathleisure.com/products/black-boxy-weekend-set
https://cavaathleisure.com,9631548375356,Black Boxy Weekend Set,Women's Co-ord Set,CAVA athleisure,49892791288124,XS,TP/BTM-shiv-AWLC21/22-Jet-black-XS/XXL,2729.00,False,Sold Out,0,https://cavaathleisure.com/products/black-boxy-weekend-set
https://cavaathleisure.com,9631548375356,Black Boxy Weekend Set,Women's Co-ord Set,CAVA athleisure,49892791320892,S,TP/BTM-shiv-AWLC21/22-Jet-black-S/XS,2729.00,False,Sold Out,0,https://cavaathleisure.com/products/black-boxy-weekend-set
https://cavaathleisure.com,9631548375356,Black Boxy Weekend Set,Women's Co-ord Set,CAVA athleisure,49892791353660,S,TP/BTM-shiv-AWLC21/22-Jet-black-S/S,2729.00,False,Sold Out,0,https://cavaathleisure.com/products/black-boxy-weekend-set
https://cavaathleisure.com,9631548375356,Black Boxy Weekend Set,Women's Co-ord Set,CAVA athleisure,49892791386428,S,TP/BTM-shiv-AWLC21/22-Jet-black-S/M,2729.00,False,Sold Out,0,https://cavaathleisure.com/products/black-boxy-weekend-set
https://cavaathleisure.com,9631548375356,Black Boxy Weekend Set,Women's Co-ord Set,CAVA athleisure,49892791419196,S,TP/BTM-shiv-AWLC21/22-Jet-black-S/L,2729.00,False,Sold Out,0,https://cavaathleisure.com/products/black-boxy-weekend-set
https://cavaathleisure.com,9631548375356,Black Boxy Weekend Set,Women's Co-ord Set,CAVA athleisure,49892791451964,S,TP/BTM-shiv-AWLC21/22-Jet-black-S/XL,2729.00,False,Sold Out,0,https://cavaathleisure.com/products/black-boxy-weekend-set
https://cavaathleisure.com,9631548375356,Black Boxy Weekend Set,Women's Co-ord Set,CAVA athleisure,49892791484732,S,TP/BTM-shiv-AWLC21/22-Jet-black-S/XXL,2729.00,False,Sold Out,0,https://cavaathleisure.com/products/black-boxy-weekend-set
https://cavaathleisure.com,9631548375356,Black Boxy Weekend Set,Women's Co-ord Set,CAVA athleisure,49892791517500,M,TP/BTM-shiv-AWLC21/22-Jet-black-M/XS,2729.00,False,Sold Out,0,https://cavaathleisure.com/products/black-boxy-weekend-set
https://cavaathleisure.com,9631548375356,Black Boxy Weekend Set,Women's Co-ord Set,CAVA athleisure,49892791550268,M,TP/BTM-shiv-AWLC21/22-Jet-black-M/S,2729.00,False,Sold Out,0,https://cavaathleisure.com/products/black-boxy-weekend-set
https://cavaathleisure.com,9631548375356,Black Boxy Weekend Set,Women's Co-ord Set,CAVA athleisure,49892791583036,M,TP/BTM-shiv-AWLC21/22-Jet-black-M/M,2729.00,False,Sold Out,0,https://cavaathleisure.com/products/black-boxy-weekend-set
https://cavaathleisure.com,9631548375356,Black Boxy Weekend Set,Women's Co-ord Set,CAVA athleisure,49892791615804,M,TP/BTM-shiv-AWLC21/22-Jet-black-M/L,2729.00,False,Sold Out,0,https://cavaathleisure.com/products/black-boxy-weekend-set
https://cavaathleisure.com,9631548375356,Black Boxy Weekend Set,Women's Co-ord Set,CAVA athleisure,49892791648572,M,TP/BTM-shiv-AWLC21/22-Jet-black-M/XL,2729.00,False,Sold Out,0,https://cavaathleisure.com/products/black-boxy-weekend-set
https://cavaathleisure.com,9631548375356,Black Boxy Weekend Set,Women's Co-ord Set,CAVA athleisure,49892791681340,M,TP/BTM-shiv-AWLC21/22-Jet-black-M/XXL,2729.00,False,Sold Out,0,https://cavaathleisure.com/products/black-boxy-weekend-set
https://cavaathleisure.com,9631548375356,Black Boxy Weekend Set,Women's Co-ord Set,CAVA athleisure,49892791714108,L,TP/BTM-shiv-AWLC21/22-Jet-black-L/XS,2729.00,False,Sold Out,0,https://cavaathleisure.com/products/black-boxy-weekend-set
https://cavaathleisure.com,9631548375356,Black Boxy Weekend Set,Women's Co-ord Set,CAVA athleisure,49892791746876,L,TP/BTM-shiv-AWLC21/22-Jet-black-L/S,2729.00,False,Sold Out,0,https://cavaathleisure.com/products/black-boxy-weekend-set
https://cavaathleisure.com,9631548375356,Black Boxy Weekend Set,Women's Co-ord Set,CAVA athleisure,49892791779644,L,TP/BTM-shiv-AWLC21/22-Jet-black-L/M,2729.00,False,Sold Out,0,https://cavaathleisure.com/products/black-boxy-weekend-set
https://cavaathleisure.com,9631548375356,Black Boxy Weekend Set,Women's Co-ord Set,CAVA athleisure,49892791812412,L,TP/BTM-shiv-AWLC21/22-Jet-black-L/L,2729.00,False,Sold Out,0,https://cavaathleisure.com/products/black-boxy-weekend-set
https://cavaathleisure.com,9631548375356,Black Boxy Weekend Set,Women's Co-ord Set,CAVA athleisure,49892791845180,L,TP/BTM-shiv-AWLC21/22-Jet-black-L/XL,2729.00,False,Sold Out,0,https://cavaathleisure.com/products/black-boxy-weekend-set
https://cavaathleisure.com,9631548375356,Black Boxy Weekend Set,Women's Co-ord Set,CAVA athleisure,49892791877948,L,TP/BTM-shiv-AWLC21/22-Jet-black-L/XXL,2729.00,False,Sold Out,0,https://cavaathleisure.com/products/black-boxy-weekend-set
https://cavaathleisure.com,9631548375356,Black Boxy Weekend Set,Women's Co-ord Set,CAVA athleisure,49892791910716,XL,TP/BTM-shiv-AWLC21/22-Jet-black-XL/XS,2729.00,False,Sold Out,0,https://cavaathleisure.com/products/black-boxy-weekend-set
https://cavaathleisure.com,9631548375356,Black Boxy Weekend Set,Women's Co-ord Set,CAVA athleisure,49892791943484,XL,TP/BTM-shiv-AWLC21/22-Jet-black-XL/S,2729.00,False,Sold Out,0,https://cavaathleisure.com/products/black-boxy-weekend-set
https://cavaathleisure.com,9631548375356,Black Boxy Weekend Set,Women's Co-ord Set,CAVA athleisure,49892791976252,XL,TP/BTM-shiv-AWLC21/22-Jet-black-XL/M,2729.00,False,Sold Out,0,https://cavaathleisure.com/products/black-boxy-weekend-set
https://cavaathleisure.com,9631548375356,Black Boxy Weekend Set,Women's Co-ord Set,CAVA athleisure,49892792009020,XL,TP/BTM-shiv-AWLC21/22-Jet-black-XL/L,2729.00,False,Sold Out,0,https://cavaathleisure.com/products/black-boxy-weekend-set
https://cavaathleisure.com,9631548375356,Black Boxy Weekend Set,Women's Co-ord Set,CAVA athleisure,49892792041788,XL,TP/BTM-shiv-AWLC21/22-Jet-black-XL/XL,2729.00,False,Sold Out,0,https://cavaathleisure.com/products/black-boxy-weekend-set
https://cavaathleisure.com,9631548375356,Black Boxy Weekend Set,Women's Co-ord Set,CAVA athleisure,49892792074556,XL,TP/BTM-shiv-AWLC21/22-Jet-black-XL/XXL,2729.00,False,Sold Out,0,https://cavaathleisure.com/products/black-boxy-weekend-set
https://cavaathleisure.com,9631548375356,Black Boxy Weekend Set,Women's Co-ord Set,CAVA athleisure,49892792107324,XXL,TP/BTM-shiv-AWLC21/22-Jet-black-XXL/XS,2729.00,False,Sold Out,0,https://cavaathleisure.com/products/black-boxy-weekend-set
https://cavaathleisure.com,9631548375356,Black Boxy Weekend Set,Women's Co-ord Set,CAVA athleisure,49892792140092,XXL,TP/BTM-shiv-AWLC21/22-Jet-black-XXL/S,2729.00,False,Sold Out,0,https://cavaathleisure.com/products/black-boxy-weekend-set
https://cavaathleisure.com,9631548375356,Black Boxy Weekend Set,Women's Co-ord Set,CAVA athleisure,49892792172860,XXL,TP/BTM-shiv-AWLC21/22-Jet-black-XXL/M,2729.00,False,Sold Out,0,https://cavaathleisure.com/products/black-boxy-weekend-set
https://cavaathleisure.com,9631548375356,Black Boxy Weekend Set,Women's Co-ord Set,CAVA athleisure,49892792205628,XXL,TP/BTM-shiv-AWLC21/22-Jet-black-XXL/L,2729.00,False,Sold Out,0,https://cavaathleisure.com/products/black-boxy-weekend-set
https://cavaathleisure.com,9631548375356,Black Boxy Weekend Set,Women's Co-ord Set,CAVA athleisure,49892792238396,XXL,TP/BTM-shiv-AWLC21/22-Jet-black-XXL/XL,2729.00,False,Sold Out,0,https://cavaathleisure.com/products/black-boxy-weekend-set
https://cavaathleisure.com,9631548375356,Black Boxy Weekend Set,Women's Co-ord Set,CAVA athleisure,49892792271164,XXL,TP/BTM-shiv-AWLC21/22-Jet-black-XXL/XXL,2729.00,False,Sold Out,0,https://cavaathleisure.com/products/black-boxy-weekend-set
https://cavaathleisure.com,9631554502972,Brown Boxy Weekend Set,Women's Co-ord Set,CAVA athleisure,49892807475516,XS,TP/BTM-shiv-AWLC21/22-Black-coffee-XS/XS,2099.00,False,Sold Out,0,https://cavaathleisure.com/products/brown-boxy-weekend-set
https://cavaathleisure.com,9631554502972,Brown Boxy Weekend Set,Women's Co-ord Set,CAVA athleisure,49892807508284,XS,TP/BTM-shiv-AWLC21/22-Black-coffee-XS/S,2099.00,False,Sold Out,0,https://cavaathleisure.com/products/brown-boxy-weekend-set
https://cavaathleisure.com,9631554502972,Brown Boxy Weekend Set,Women's Co-ord Set,CAVA athleisure,49892807541052,XS,TP/BTM-shiv-AWLC21/22-Black-coffee-XS/M,2099.00,False,Sold Out,0,https://cavaathleisure.com/products/brown-boxy-weekend-set
https://cavaathleisure.com,9631554502972,Brown Boxy Weekend Set,Women's Co-ord Set,CAVA athleisure,49892807573820,XS,TP/BTM-shiv-AWLC21/22-Black-coffee-XS/L,2099.00,False,Sold Out,0,https://cavaathleisure.com/products/brown-boxy-weekend-set
https://cavaathleisure.com,9631554502972,Brown Boxy Weekend Set,Women's Co-ord Set,CAVA athleisure,49892807606588,XS,TP/BTM-shiv-AWLC21/22-Black-coffee-XS/XL,2099.00,False,Sold Out,0,https://cavaathleisure.com/products/brown-boxy-weekend-set
https://cavaathleisure.com,9631554502972,Brown Boxy Weekend Set,Women's Co-ord Set,CAVA athleisure,49892807639356,XS,TP/BTM-shiv-AWLC21/22-Black-coffee-XS/XXL,2099.00,False,Sold Out,0,https://cavaathleisure.com/products/brown-boxy-weekend-set
https://cavaathleisure.com,9631554502972,Brown Boxy Weekend Set,Women's Co-ord Set,CAVA athleisure,49892807672124,S,TP/BTM-shiv-AWLC21/22-Black-coffee-S/XS,2099.00,False,Sold Out,0,https://cavaathleisure.com/products/brown-boxy-weekend-set
https://cavaathleisure.com,9631554502972,Brown Boxy Weekend Set,Women's Co-ord Set,CAVA athleisure,49892807704892,S,TP/BTM-shiv-AWLC21/22-Black-coffee-S/S,2099.00,False,Sold Out,0,https://cavaathleisure.com/products/brown-boxy-weekend-set
https://cavaathleisure.com,9631554502972,Brown Boxy Weekend Set,Women's Co-ord Set,CAVA athleisure,49892807737660,S,TP/BTM-shiv-AWLC21/22-Black-coffee-S/M,2099.00,False,Sold Out,0,https://cavaathleisure.com/products/brown-boxy-weekend-set
https://cavaathleisure.com,9631554502972,Brown Boxy Weekend Set,Women's Co-ord Set,CAVA athleisure,49892807770428,S,TP/BTM-shiv-AWLC21/22-Black-coffee-S/L,2099.00,False,Sold Out,0,https://cavaathleisure.com/products/brown-boxy-weekend-set
https://cavaathleisure.com,9631554502972,Brown Boxy Weekend Set,Women's Co-ord Set,CAVA athleisure,49892807803196,S,TP/BTM-shiv-AWLC21/22-Black-coffee-S/XL,2099.00,False,Sold Out,0,https://cavaathleisure.com/products/brown-boxy-weekend-set
https://cavaathleisure.com,9631554502972,Brown Boxy Weekend Set,Women's Co-ord Set,CAVA athleisure,49892807835964,S,TP/BTM-shiv-AWLC21/22-Black-coffee-S/XXL,2099.00,False,Sold Out,0,https://cavaathleisure.com/products/brown-boxy-weekend-set
https://cavaathleisure.com,9631554502972,Brown Boxy Weekend Set,Women's Co-ord Set,CAVA athleisure,49892807868732,M,TP/BTM-shiv-AWLC21/22-Black-coffee-M/XS,2099.00,False,Sold Out,0,https://cavaathleisure.com/products/brown-boxy-weekend-set
https://cavaathleisure.com,9631554502972,Brown Boxy Weekend Set,Women's Co-ord Set,CAVA athleisure,49892807901500,M,TP/BTM-shiv-AWLC21/22-Black-coffee-M/S,2099.00,False,Sold Out,0,https://cavaathleisure.com/products/brown-boxy-weekend-set
https://cavaathleisure.com,9631554502972,Brown Boxy Weekend Set,Women's Co-ord Set,CAVA athleisure,49892807934268,M,TP/BTM-shiv-AWLC21/22-Black-coffee-M/M,2099.00,False,Sold Out,0,https://cavaathleisure.com/products/brown-boxy-weekend-set
https://cavaathleisure.com,9631554502972,Brown Boxy Weekend Set,Women's Co-ord Set,CAVA athleisure,49892807967036,M,TP/BTM-shiv-AWLC21/22-Black-coffee-M/L,2099.00,False,Sold Out,0,https://cavaathleisure.com/products/brown-boxy-weekend-set
https://cavaathleisure.com,9631554502972,Brown Boxy Weekend Set,Women's Co-ord Set,CAVA athleisure,49892807999804,M,TP/BTM-shiv-AWLC21/22-Black-coffee-M/XL,2099.00,False,Sold Out,0,https://cavaathleisure.com/products/brown-boxy-weekend-set
https://cavaathleisure.com,9631554502972,Brown Boxy Weekend Set,Women's Co-ord Set,CAVA athleisure,49892808032572,M,TP/BTM-shiv-AWLC21/22-Black-coffee-M/XXL,2099.00,False,Sold Out,0,https://cavaathleisure.com/products/brown-boxy-weekend-set
https://cavaathleisure.com,9631554502972,Brown Boxy Weekend Set,Women's Co-ord Set,CAVA athleisure,49892808065340,L,TP/BTM-shiv-AWLC21/22-Black-coffee-L/XS,2099.00,False,Sold Out,0,https://cavaathleisure.com/products/brown-boxy-weekend-set
https://cavaathleisure.com,9631554502972,Brown Boxy Weekend Set,Women's Co-ord Set,CAVA athleisure,49892808098108,L,TP/BTM-shiv-AWLC21/22-Black-coffee-L/S,2099.00,False,Sold Out,0,https://cavaathleisure.com/products/brown-boxy-weekend-set
https://cavaathleisure.com,9631554502972,Brown Boxy Weekend Set,Women's Co-ord Set,CAVA athleisure,49892808130876,L,TP/BTM-shiv-AWLC21/22-Black-coffee-L/M,2099.00,False,Sold Out,0,https://cavaathleisure.com/products/brown-boxy-weekend-set
https://cavaathleisure.com,9631554502972,Brown Boxy Weekend Set,Women's Co-ord Set,CAVA athleisure,49892808163644,L,TP/BTM-shiv-AWLC21/22-Black-coffee-L/L,2099.00,False,Sold Out,0,https://cavaathleisure.com/products/brown-boxy-weekend-set
https://cavaathleisure.com,9631554502972,Brown Boxy Weekend Set,Women's Co-ord Set,CAVA athleisure,49892808196412,L,TP/BTM-shiv-AWLC21/22-Black-coffee-L/XL,2099.00,False,Sold Out,0,https://cavaathleisure.com/products/brown-boxy-weekend-set
https://cavaathleisure.com,9631554502972,Brown Boxy Weekend Set,Women's Co-ord Set,CAVA athleisure,49892808229180,L,TP/BTM-shiv-AWLC21/22-Black-coffee-L/XXL,2099.00,False,Sold Out,0,https://cavaathleisure.com/products/brown-boxy-weekend-set
https://cavaathleisure.com,9631554502972,Brown Boxy Weekend Set,Women's Co-ord Set,CAVA athleisure,49892808261948,XL,TP/BTM-shiv-AWLC21/22-Black-coffee-XL/XS,2099.00,False,Sold Out,0,https://cavaathleisure.com/products/brown-boxy-weekend-set
https://cavaathleisure.com,9631554502972,Brown Boxy Weekend Set,Women's Co-ord Set,CAVA athleisure,49892808294716,XL,TP/BTM-shiv-AWLC21/22-Black-coffee-XL/S,2099.00,False,Sold Out,0,https://cavaathleisure.com/products/brown-boxy-weekend-set
https://cavaathleisure.com,9631554502972,Brown Boxy Weekend Set,Women's Co-ord Set,CAVA athleisure,49892808327484,XL,TP/BTM-shiv-AWLC21/22-Black-coffee-XL/M,2099.00,False,Sold Out,0,https://cavaathleisure.com/products/brown-boxy-weekend-set
https://cavaathleisure.com,9631554502972,Brown Boxy Weekend Set,Women's Co-ord Set,CAVA athleisure,49892808360252,XL,TP/BTM-shiv-AWLC21/22-Black-coffee-XL/L,2099.00,False,Sold Out,0,https://cavaathleisure.com/products/brown-boxy-weekend-set
https://cavaathleisure.com,9631554502972,Brown Boxy Weekend Set,Women's Co-ord Set,CAVA athleisure,49892808393020,XL,TP/BTM-shiv-AWLC21/22-Black-coffee-XL/XL,2099.00,False,Sold Out,0,https://cavaathleisure.com/products/brown-boxy-weekend-set
https://cavaathleisure.com,9631554502972,Brown Boxy Weekend Set,Women's Co-ord Set,CAVA athleisure,49892808425788,XL,TP/BTM-shiv-AWLC21/22-Black-coffee-XL/XXL,2099.00,False,Sold Out,0,https://cavaathleisure.com/products/brown-boxy-weekend-set
https://cavaathleisure.com,9631554502972,Brown Boxy Weekend Set,Women's Co-ord Set,CAVA athleisure,49892808458556,XXL,TP/BTM-shiv-AWLC21/22-Black-coffee-XXL/XS,2099.00,False,Sold Out,0,https://cavaathleisure.com/products/brown-boxy-weekend-set
https://cavaathleisure.com,9631554502972,Brown Boxy Weekend Set,Women's Co-ord Set,CAVA athleisure,49892808491324,XXL,TP/BTM-shiv-AWLC21/22-Black-coffee-XXL/S,2099.00,False,Sold Out,0,https://cavaathleisure.com/products/brown-boxy-weekend-set
https://cavaathleisure.com,9631554502972,Brown Boxy Weekend Set,Women's Co-ord Set,CAVA athleisure,49892808524092,XXL,TP/BTM-shiv-AWLC21/22-Black-coffee-XXL/M,2099.00,False,Sold Out,0,https://cavaathleisure.com/products/brown-boxy-weekend-set
https://cavaathleisure.com,9631554502972,Brown Boxy Weekend Set,Women's Co-ord Set,CAVA athleisure,49892808556860,XXL,TP/BTM-shiv-AWLC21/22-Black-coffee-XXL/L,2099.00,False,Sold Out,0,https://cavaathleisure.com/products/brown-boxy-weekend-set
https://cavaathleisure.com,9631554502972,Brown Boxy Weekend Set,Women's Co-ord Set,CAVA athleisure,49892808589628,XXL,TP/BTM-shiv-AWLC21/22-Black-coffee-XXL/XL,2099.00,False,Sold Out,0,https://cavaathleisure.com/products/brown-boxy-weekend-set
https://cavaathleisure.com,9631554502972,Brown Boxy Weekend Set,Women's Co-ord Set,CAVA athleisure,49892808622396,XXL,TP/BTM-shiv-AWLC21/22-Black-coffee-XXL/XXL,2099.00,False,Sold Out,0,https://cavaathleisure.com/products/brown-boxy-weekend-set
https://cavaathleisure.com,9631565578556,Matcha MeshFit Power Duo,Women's Co-ord Set,CAVA athleisure,49892826349884,S,TP/BTM-RON-set2-Moss-Gray-S/S,3110.00,False,Sold Out,0,https://cavaathleisure.com/products/matcha-meshfit-power-duo
https://cavaathleisure.com,9631565578556,Matcha MeshFit Power Duo,Women's Co-ord Set,CAVA athleisure,49892826382652,S,TP/BTM-RON-set2-Moss-Gray-S/M,3110.00,False,Sold Out,0,https://cavaathleisure.com/products/matcha-meshfit-power-duo
https://cavaathleisure.com,9631565578556,Matcha MeshFit Power Duo,Women's Co-ord Set,CAVA athleisure,49892826415420,S,TP/BTM-RON-set2-Moss-Gray-S/L,3110.00,False,Sold Out,0,https://cavaathleisure.com/products/matcha-meshfit-power-duo
https://cavaathleisure.com,9631565578556,Matcha MeshFit Power Duo,Women's Co-ord Set,CAVA athleisure,49892826448188,S,TP/BTM-RON-set2-Moss-Gray-S/XL,3110.00,False,Sold Out,0,https://cavaathleisure.com/products/matcha-meshfit-power-duo
https://cavaathleisure.com,9631565578556,Matcha MeshFit Power Duo,Women's Co-ord Set,CAVA athleisure,49892826480956,S,TP/BTM-RON-set2-Moss-Gray-S/XXL,3110.00,False,Sold Out,0,https://cavaathleisure.com/products/matcha-meshfit-power-duo
https://cavaathleisure.com,9631565578556,Matcha MeshFit Power Duo,Women's Co-ord Set,CAVA athleisure,49892826513724,M,TP/BTM-RON-set2-Moss-Gray-M/S,3110.00,False,Sold Out,0,https://cavaathleisure.com/products/matcha-meshfit-power-duo
https://cavaathleisure.com,9631565578556,Matcha MeshFit Power Duo,Women's Co-ord Set,CAVA athleisure,49892826546492,M,TP/BTM-RON-set2-Moss-Gray-M/M,3110.00,False,Sold Out,0,https://cavaathleisure.com/products/matcha-meshfit-power-duo
https://cavaathleisure.com,9631565578556,Matcha MeshFit Power Duo,Women's Co-ord Set,CAVA athleisure,49892826579260,M,TP/BTM-RON-set2-Moss-Gray-M/L,3110.00,False,Sold Out,0,https://cavaathleisure.com/products/matcha-meshfit-power-duo
https://cavaathleisure.com,9631565578556,Matcha MeshFit Power Duo,Women's Co-ord Set,CAVA athleisure,49892826612028,M,TP/BTM-RON-set2-Moss-Gray-M/XL,3110.00,False,Sold Out,0,https://cavaathleisure.com/products/matcha-meshfit-power-duo
https://cavaathleisure.com,9631565578556,Matcha MeshFit Power Duo,Women's Co-ord Set,CAVA athleisure,49892826644796,M,TP/BTM-RON-set2-Moss-Gray-M/XXL,3110.00,False,Sold Out,0,https://cavaathleisure.com/products/matcha-meshfit-power-duo
https://cavaathleisure.com,9631565578556,Matcha MeshFit Power Duo,Women's Co-ord Set,CAVA athleisure,49892826677564,L,TP/BTM-RON-set2-Moss-Gray-L/S,3110.00,False,Sold Out,0,https://cavaathleisure.com/products/matcha-meshfit-power-duo
https://cavaathleisure.com,9631565578556,Matcha MeshFit Power Duo,Women's Co-ord Set,CAVA athleisure,49892826710332,L,TP/BTM-RON-set2-Moss-Gray-L/M,3110.00,False,Sold Out,0,https://cavaathleisure.com/products/matcha-meshfit-power-duo
https://cavaathleisure.com,9631565578556,Matcha MeshFit Power Duo,Women's Co-ord Set,CAVA athleisure,49892826743100,L,TP/BTM-RON-set2-Moss-Gray-L/L,3110.00,False,Sold Out,0,https://cavaathleisure.com/products/matcha-meshfit-power-duo
https://cavaathleisure.com,9631565578556,Matcha MeshFit Power Duo,Women's Co-ord Set,CAVA athleisure,49892826775868,L,TP/BTM-RON-set2-Moss-Gray-L/XL,3110.00,False,Sold Out,0,https://cavaathleisure.com/products/matcha-meshfit-power-duo
https://cavaathleisure.com,9631565578556,Matcha MeshFit Power Duo,Women's Co-ord Set,CAVA athleisure,49892826808636,L,TP/BTM-RON-set2-Moss-Gray-L/XXL,3110.00,False,Sold Out,0,https://cavaathleisure.com/products/matcha-meshfit-power-duo
https://cavaathleisure.com,9631565578556,Matcha MeshFit Power Duo,Women's Co-ord Set,CAVA athleisure,49892826841404,XL,TP/BTM-RON-set2-Moss-Gray-XL/S,3110.00,False,Sold Out,0,https://cavaathleisure.com/products/matcha-meshfit-power-duo
https://cavaathleisure.com,9631565578556,Matcha MeshFit Power Duo,Women's Co-ord Set,CAVA athleisure,49892826874172,XL,TP/BTM-RON-set2-Moss-Gray-XL/M,3110.00,False,Sold Out,0,https://cavaathleisure.com/products/matcha-meshfit-power-duo
https://cavaathleisure.com,9631565578556,Matcha MeshFit Power Duo,Women's Co-ord Set,CAVA athleisure,49892826906940,XL,TP/BTM-RON-set2-Moss-Gray-XL/L,3110.00,False,Sold Out,0,https://cavaathleisure.com/products/matcha-meshfit-power-duo
https://cavaathleisure.com,9631565578556,Matcha MeshFit Power Duo,Women's Co-ord Set,CAVA athleisure,49892826939708,XL,TP/BTM-RON-set2-Moss-Gray-XL/XL,3110.00,False,Sold Out,0,https://cavaathleisure.com/products/matcha-meshfit-power-duo
https://cavaathleisure.com,9631565578556,Matcha MeshFit Power Duo,Women's Co-ord Set,CAVA athleisure,49892826972476,XL,TP/BTM-RON-set2-Moss-Gray-XL/XXL,3110.00,False,Sold Out,0,https://cavaathleisure.com/products/matcha-meshfit-power-duo
https://cavaathleisure.com,9631565578556,Matcha MeshFit Power Duo,Women's Co-ord Set,CAVA athleisure,49892827005244,XXL,TP/BTM-RON-set2-Moss-Gray-XXL/S,3110.00,False,Sold Out,0,https://cavaathleisure.com/products/matcha-meshfit-power-duo
https://cavaathleisure.com,9631565578556,Matcha MeshFit Power Duo,Women's Co-ord Set,CAVA athleisure,49892827038012,XXL,TP/BTM-RON-set2-Moss-Gray-XXL/M,3110.00,False,Sold Out,0,https://cavaathleisure.com/products/matcha-meshfit-power-duo
https://cavaathleisure.com,9631565578556,Matcha MeshFit Power Duo,Women's Co-ord Set,CAVA athleisure,49892827103548,XXL,TP/BTM-RON-set2-Moss-Gray-XXL/L,3110.00,False,Sold Out,0,https://cavaathleisure.com/products/matcha-meshfit-power-duo
https://cavaathleisure.com,9631565578556,Matcha MeshFit Power Duo,Women's Co-ord Set,CAVA athleisure,49892827136316,XXL,TP/BTM-RON-set2-Moss-Gray-XXL/XL,3110.00,False,Sold Out,0,https://cavaathleisure.com/products/matcha-meshfit-power-duo
https://cavaathleisure.com,9631565578556,Matcha MeshFit Power Duo,Women's Co-ord Set,CAVA athleisure,49892827169084,XXL,TP/BTM-RON-set2-Moss-Gray-XXL/XXL,3110.00,False,Sold Out,0,https://cavaathleisure.com/products/matcha-meshfit-power-duo
https://cavaathleisure.com,9631580684604,Brown MeshFit Power Duo,Women's Co-ord Set,CAVA athleisure,49892855415100,S,TP/BTM-RON-set2-Hot-fudge-S/S,3110.00,False,Sold Out,0,https://cavaathleisure.com/products/brown-meshfit-power-duo
https://cavaathleisure.com,9631580684604,Brown MeshFit Power Duo,Women's Co-ord Set,CAVA athleisure,49892855447868,S,TP/BTM-RON-set2-Hot-fudge-S/M,3110.00,False,Sold Out,0,https://cavaathleisure.com/products/brown-meshfit-power-duo
https://cavaathleisure.com,9631580684604,Brown MeshFit Power Duo,Women's Co-ord Set,CAVA athleisure,49892855480636,S,TP/BTM-RON-set2-Hot-fudge-S/L,3110.00,False,Sold Out,0,https://cavaathleisure.com/products/brown-meshfit-power-duo
https://cavaathleisure.com,9631580684604,Brown MeshFit Power Duo,Women's Co-ord Set,CAVA athleisure,49892855513404,S,TP/BTM-RON-set2-Hot-fudge-S/XL,3110.00,False,Sold Out,0,https://cavaathleisure.com/products/brown-meshfit-power-duo
https://cavaathleisure.com,9631580684604,Brown MeshFit Power Duo,Women's Co-ord Set,CAVA athleisure,49892855546172,S,TP/BTM-RON-set2-Hot-fudge-S/XXL,3110.00,False,Sold Out,0,https://cavaathleisure.com/products/brown-meshfit-power-duo
https://cavaathleisure.com,9631580684604,Brown MeshFit Power Duo,Women's Co-ord Set,CAVA athleisure,49892855578940,M,TP/BTM-RON-set2-Hot-fudge-M/S,3110.00,False,Sold Out,0,https://cavaathleisure.com/products/brown-meshfit-power-duo
https://cavaathleisure.com,9631580684604,Brown MeshFit Power Duo,Women's Co-ord Set,CAVA athleisure,49892855611708,M,TP/BTM-RON-set2-Hot-fudge-M/M,3110.00,False,Sold Out,0,https://cavaathleisure.com/products/brown-meshfit-power-duo
https://cavaathleisure.com,9631580684604,Brown MeshFit Power Duo,Women's Co-ord Set,CAVA athleisure,49892855644476,M,TP/BTM-RON-set2-Hot-fudge-M/L,3110.00,False,Sold Out,0,https://cavaathleisure.com/products/brown-meshfit-power-duo
https://cavaathleisure.com,9631580684604,Brown MeshFit Power Duo,Women's Co-ord Set,CAVA athleisure,49892855677244,M,TP/BTM-RON-set2-Hot-fudge-M/XL,3110.00,False,Sold Out,0,https://cavaathleisure.com/products/brown-meshfit-power-duo
https://cavaathleisure.com,9631580684604,Brown MeshFit Power Duo,Women's Co-ord Set,CAVA athleisure,49892855710012,M,TP/BTM-RON-set2-Hot-fudge-M/XXL,3110.00,False,Sold Out,0,https://cavaathleisure.com/products/brown-meshfit-power-duo
https://cavaathleisure.com,9631580684604,Brown MeshFit Power Duo,Women's Co-ord Set,CAVA athleisure,49892855742780,L,TP/BTM-RON-set2-Hot-fudge-L/S,3110.00,False,Sold Out,0,https://cavaathleisure.com/products/brown-meshfit-power-duo
https://cavaathleisure.com,9631580684604,Brown MeshFit Power Duo,Women's Co-ord Set,CAVA athleisure,49892855775548,L,TP/BTM-RON-set2-Hot-fudge-L/M,3110.00,False,Sold Out,0,https://cavaathleisure.com/products/brown-meshfit-power-duo
https://cavaathleisure.com,9631580684604,Brown MeshFit Power Duo,Women's Co-ord Set,CAVA athleisure,49892855808316,L,TP/BTM-RON-set2-Hot-fudge-L/L,3110.00,False,Sold Out,0,https://cavaathleisure.com/products/brown-meshfit-power-duo
https://cavaathleisure.com,9631580684604,Brown MeshFit Power Duo,Women's Co-ord Set,CAVA athleisure,49892855841084,L,TP/BTM-RON-set2-Hot-fudge-L/XL,3110.00,False,Sold Out,0,https://cavaathleisure.com/products/brown-meshfit-power-duo
https://cavaathleisure.com,9631580684604,Brown MeshFit Power Duo,Women's Co-ord Set,CAVA athleisure,49892855873852,L,TP/BTM-RON-set2-Hot-fudge-L/XXL,3110.00,False,Sold Out,0,https://cavaathleisure.com/products/brown-meshfit-power-duo
https://cavaathleisure.com,9631580684604,Brown MeshFit Power Duo,Women's Co-ord Set,CAVA athleisure,49892855906620,XL,TP/BTM-RON-set2-Hot-fudge-XL/S,3110.00,False,Sold Out,0,https://cavaathleisure.com/products/brown-meshfit-power-duo
https://cavaathleisure.com,9631580684604,Brown MeshFit Power Duo,Women's Co-ord Set,CAVA athleisure,49892855939388,XL,TP/BTM-RON-set2-Hot-fudge-XL/M,3110.00,False,Sold Out,0,https://cavaathleisure.com/products/brown-meshfit-power-duo
https://cavaathleisure.com,9631580684604,Brown MeshFit Power Duo,Women's Co-ord Set,CAVA athleisure,49892855972156,XL,TP/BTM-RON-set2-Hot-fudge-XL/L,3110.00,False,Sold Out,0,https://cavaathleisure.com/products/brown-meshfit-power-duo
https://cavaathleisure.com,9631580684604,Brown MeshFit Power Duo,Women's Co-ord Set,CAVA athleisure,49892856004924,XL,TP/BTM-RON-set2-Hot-fudge-XL/XL,3110.00,False,Sold Out,0,https://cavaathleisure.com/products/brown-meshfit-power-duo
https://cavaathleisure.com,9631580684604,Brown MeshFit Power Duo,Women's Co-ord Set,CAVA athleisure,49892856037692,XL,TP/BTM-RON-set2-Hot-fudge-XL/XXL,3110.00,False,Sold Out,0,https://cavaathleisure.com/products/brown-meshfit-power-duo
https://cavaathleisure.com,9631580684604,Brown MeshFit Power Duo,Women's Co-ord Set,CAVA athleisure,49892856070460,XXL,TP/BTM-RON-set2-Hot-fudge-XXL/S,3110.00,False,Sold Out,0,https://cavaathleisure.com/products/brown-meshfit-power-duo
https://cavaathleisure.com,9631580684604,Brown MeshFit Power Duo,Women's Co-ord Set,CAVA athleisure,49892856103228,XXL,TP/BTM-RON-set2-Hot-fudge-XXL/M,3110.00,False,Sold Out,0,https://cavaathleisure.com/products/brown-meshfit-power-duo
https://cavaathleisure.com,9631580684604,Brown MeshFit Power Duo,Women's Co-ord Set,CAVA athleisure,49892856135996,XXL,TP/BTM-RON-set2-Hot-fudge-XXL/L,3110.00,False,Sold Out,0,https://cavaathleisure.com/products/brown-meshfit-power-duo
https://cavaathleisure.com,9631580684604,Brown MeshFit Power Duo,Women's Co-ord Set,CAVA athleisure,49892856168764,XXL,TP/BTM-RON-set2-Hot-fudge-XXL/XL,3110.00,False,Sold Out,0,https://cavaathleisure.com/products/brown-meshfit-power-duo
https://cavaathleisure.com,9631580684604,Brown MeshFit Power Duo,Women's Co-ord Set,CAVA athleisure,49892856201532,XXL,TP/BTM-RON-set2-Hot-fudge-XXL/XXL,3110.00,False,Sold Out,0,https://cavaathleisure.com/products/brown-meshfit-power-duo
https://cavaathleisure.com,9631438373180,Beige Knot-Retro Set,Women's Co-ord Set,CAVA athleisure,49892038836540,S,TP/BTM-RON-set6-Beige-S/S,3249.00,False,Sold Out,0,https://cavaathleisure.com/products/beige-knot-retro-set
https://cavaathleisure.com,9631438373180,Beige Knot-Retro Set,Women's Co-ord Set,CAVA athleisure,49892038869308,S,TP/BTM-RON-set6-Beige-S/M,3249.00,False,Sold Out,0,https://cavaathleisure.com/products/beige-knot-retro-set
https://cavaathleisure.com,9631438373180,Beige Knot-Retro Set,Women's Co-ord Set,CAVA athleisure,49892038902076,S,TP/BTM-RON-set6-Beige-S/L,3249.00,False,Sold Out,0,https://cavaathleisure.com/products/beige-knot-retro-set
https://cavaathleisure.com,9631438373180,Beige Knot-Retro Set,Women's Co-ord Set,CAVA athleisure,49892038934844,S,TP/BTM-RON-set6-Beige-S/XL,3249.00,False,Sold Out,0,https://cavaathleisure.com/products/beige-knot-retro-set
https://cavaathleisure.com,9631438373180,Beige Knot-Retro Set,Women's Co-ord Set,CAVA athleisure,49892038967612,S,TP/BTM-RON-set6-Beige-S/XXL,3249.00,False,Sold Out,0,https://cavaathleisure.com/products/beige-knot-retro-set
https://cavaathleisure.com,9631438373180,Beige Knot-Retro Set,Women's Co-ord Set,CAVA athleisure,49892041326908,M,TP/BTM-RON-set6-Beige-M/S,3249.00,False,Sold Out,0,https://cavaathleisure.com/products/beige-knot-retro-set
https://cavaathleisure.com,9631438373180,Beige Knot-Retro Set,Women's Co-ord Set,CAVA athleisure,49892041359676,M,TP/BTM-RON-set6-Beige-M/M,3249.00,False,Sold Out,0,https://cavaathleisure.com/products/beige-knot-retro-set
https://cavaathleisure.com,9631438373180,Beige Knot-Retro Set,Women's Co-ord Set,CAVA athleisure,49892041392444,M,TP/BTM-RON-set6-Beige-M/L,3249.00,False,Sold Out,0,https://cavaathleisure.com/products/beige-knot-retro-set
https://cavaathleisure.com,9631438373180,Beige Knot-Retro Set,Women's Co-ord Set,CAVA athleisure,49892041425212,M,TP/BTM-RON-set6-Beige-M/XL,3249.00,False,Sold Out,0,https://cavaathleisure.com/products/beige-knot-retro-set
https://cavaathleisure.com,9631438373180,Beige Knot-Retro Set,Women's Co-ord Set,CAVA athleisure,49892041457980,M,TP/BTM-RON-set6-Beige-M/XXL,3249.00,False,Sold Out,0,https://cavaathleisure.com/products/beige-knot-retro-set
https://cavaathleisure.com,9631438373180,Beige Knot-Retro Set,Women's Co-ord Set,CAVA athleisure,49892041490748,L,TP/BTM-RON-set6-Beige-L/S,3249.00,False,Sold Out,0,https://cavaathleisure.com/products/beige-knot-retro-set
https://cavaathleisure.com,9631438373180,Beige Knot-Retro Set,Women's Co-ord Set,CAVA athleisure,49892041523516,L,TP/BTM-RON-set6-Beige-L/M,3249.00,False,Sold Out,0,https://cavaathleisure.com/products/beige-knot-retro-set
https://cavaathleisure.com,9631438373180,Beige Knot-Retro Set,Women's Co-ord Set,CAVA athleisure,49892041556284,L,TP/BTM-RON-set6-Beige-L/L,3249.00,False,Sold Out,0,https://cavaathleisure.com/products/beige-knot-retro-set
https://cavaathleisure.com,9631438373180,Beige Knot-Retro Set,Women's Co-ord Set,CAVA athleisure,49892041589052,L,TP/BTM-RON-set6-Beige-L/XL,3249.00,False,Sold Out,0,https://cavaathleisure.com/products/beige-knot-retro-set
https://cavaathleisure.com,9631438373180,Beige Knot-Retro Set,Women's Co-ord Set,CAVA athleisure,49892041621820,L,TP/BTM-RON-set6-Beige-L/XXL,3249.00,False,Sold Out,0,https://cavaathleisure.com/products/beige-knot-retro-set
https://cavaathleisure.com,9631438373180,Beige Knot-Retro Set,Women's Co-ord Set,CAVA athleisure,49892041654588,XL,TP/BTM-RON-set6-Beige-XL/S,3249.00,False,Sold Out,0,https://cavaathleisure.com/products/beige-knot-retro-set
https://cavaathleisure.com,9631438373180,Beige Knot-Retro Set,Women's Co-ord Set,CAVA athleisure,49892041687356,XL,TP/BTM-RON-set6-Beige-XL/M,3249.00,False,Sold Out,0,https://cavaathleisure.com/products/beige-knot-retro-set
https://cavaathleisure.com,9631438373180,Beige Knot-Retro Set,Women's Co-ord Set,CAVA athleisure,49892041720124,XL,TP/BTM-RON-set6-Beige-XL/L,3249.00,False,Sold Out,0,https://cavaathleisure.com/products/beige-knot-retro-set
https://cavaathleisure.com,9631438373180,Beige Knot-Retro Set,Women's Co-ord Set,CAVA athleisure,49892041752892,XL,TP/BTM-RON-set6-Beige-XL/XL,3249.00,False,Sold Out,0,https://cavaathleisure.com/products/beige-knot-retro-set
https://cavaathleisure.com,9631438373180,Beige Knot-Retro Set,Women's Co-ord Set,CAVA athleisure,49892041785660,XL,TP/BTM-RON-set6-Beige-XL/XXL,3249.00,False,Sold Out,0,https://cavaathleisure.com/products/beige-knot-retro-set
https://cavaathleisure.com,9631438373180,Beige Knot-Retro Set,Women's Co-ord Set,CAVA athleisure,49892041818428,XXL,TP/BTM-RON-set6-Beige-XXL/S,3249.00,False,Sold Out,0,https://cavaathleisure.com/products/beige-knot-retro-set
https://cavaathleisure.com,9631438373180,Beige Knot-Retro Set,Women's Co-ord Set,CAVA athleisure,49892041851196,XXL,TP/BTM-RON-set6-Beige-XXL/M,3249.00,False,Sold Out,0,https://cavaathleisure.com/products/beige-knot-retro-set
https://cavaathleisure.com,9631438373180,Beige Knot-Retro Set,Women's Co-ord Set,CAVA athleisure,49892041883964,XXL,TP/BTM-RON-set6-Beige-XXL/L,3249.00,False,Sold Out,0,https://cavaathleisure.com/products/beige-knot-retro-set
https://cavaathleisure.com,9631438373180,Beige Knot-Retro Set,Women's Co-ord Set,CAVA athleisure,49892041916732,XXL,TP/BTM-RON-set6-Beige-XXL/XL,3249.00,False,Sold Out,0,https://cavaathleisure.com/products/beige-knot-retro-set
https://cavaathleisure.com,9631438373180,Beige Knot-Retro Set,Women's Co-ord Set,CAVA athleisure,49892041949500,XXL,TP/BTM-RON-set6-Beige-XXL/XXL,3249.00,False,Sold Out,0,https://cavaathleisure.com/products/beige-knot-retro-set
https://cavaathleisure.com,9631544672572,Blue Boxy Weekend Set,Women's Co-ord Set,CAVA athleisure,49892763992380,XS,TP/BTM-shiv-AWLC21/22-Poseidon-XS/XS,2729.00,False,Sold Out,0,https://cavaathleisure.com/products/blue-boxy-weekend-set
https://cavaathleisure.com,9631544672572,Blue Boxy Weekend Set,Women's Co-ord Set,CAVA athleisure,49892765270332,XS,TP/BTM-shiv-AWLC21/22-Poseidon-XS/S,2729.00,False,Sold Out,0,https://cavaathleisure.com/products/blue-boxy-weekend-set
https://cavaathleisure.com,9631544672572,Blue Boxy Weekend Set,Women's Co-ord Set,CAVA athleisure,49892765303100,XS,TP/BTM-shiv-AWLC21/22-Poseidon-XS/M,2729.00,False,Sold Out,0,https://cavaathleisure.com/products/blue-boxy-weekend-set
https://cavaathleisure.com,9631544672572,Blue Boxy Weekend Set,Women's Co-ord Set,CAVA athleisure,49892765335868,XS,TP/BTM-shiv-AWLC21/22-Poseidon-XS/L,2729.00,False,Sold Out,0,https://cavaathleisure.com/products/blue-boxy-weekend-set
https://cavaathleisure.com,9631544672572,Blue Boxy Weekend Set,Women's Co-ord Set,CAVA athleisure,49892765368636,XS,TP/BTM-shiv-AWLC21/22-Poseidon-XS/XL,2729.00,False,Sold Out,0,https://cavaathleisure.com/products/blue-boxy-weekend-set
https://cavaathleisure.com,9631544672572,Blue Boxy Weekend Set,Women's Co-ord Set,CAVA athleisure,49892765401404,XS,TP/BTM-shiv-AWLC21/22-Poseidon-XS/XXL,2729.00,False,Sold Out,0,https://cavaathleisure.com/products/blue-boxy-weekend-set
https://cavaathleisure.com,9631544672572,Blue Boxy Weekend Set,Women's Co-ord Set,CAVA athleisure,49892764025148,S,TP/BTM-shiv-AWLC21/22-Poseidon-S/XS,2729.00,False,Sold Out,0,https://cavaathleisure.com/products/blue-boxy-weekend-set
https://cavaathleisure.com,9631544672572,Blue Boxy Weekend Set,Women's Co-ord Set,CAVA athleisure,49892765434172,S,TP/BTM-shiv-AWLC21/22-Poseidon-S/S,2729.00,False,Sold Out,0,https://cavaathleisure.com/products/blue-boxy-weekend-set
https://cavaathleisure.com,9631544672572,Blue Boxy Weekend Set,Women's Co-ord Set,CAVA athleisure,49892765466940,S,TP/BTM-shiv-AWLC21/22-Poseidon-S/M,2729.00,False,Sold Out,0,https://cavaathleisure.com/products/blue-boxy-weekend-set
https://cavaathleisure.com,9631544672572,Blue Boxy Weekend Set,Women's Co-ord Set,CAVA athleisure,49892765499708,S,TP/BTM-shiv-AWLC21/22-Poseidon-S/L,2729.00,True,Available,1,https://cavaathleisure.com/products/blue-boxy-weekend-set
https://cavaathleisure.com,9631544672572,Blue Boxy Weekend Set,Women's Co-ord Set,CAVA athleisure,49892765532476,S,TP/BTM-shiv-AWLC21/22-Poseidon-S/XL,2729.00,False,Sold Out,0,https://cavaathleisure.com/products/blue-boxy-weekend-set
https://cavaathleisure.com,9631544672572,Blue Boxy Weekend Set,Women's Co-ord Set,CAVA athleisure,49892765565244,S,TP/BTM-shiv-AWLC21/22-Poseidon-S/XXL,2729.00,False,Sold Out,0,https://cavaathleisure.com/products/blue-boxy-weekend-set
https://cavaathleisure.com,9631544672572,Blue Boxy Weekend Set,Women's Co-ord Set,CAVA athleisure,49892764057916,M,TP/BTM-shiv-AWLC21/22-Poseidon-M/XS,2729.00,False,Sold Out,0,https://cavaathleisure.com/products/blue-boxy-weekend-set
https://cavaathleisure.com,9631544672572,Blue Boxy Weekend Set,Women's Co-ord Set,CAVA athleisure,49892765598012,M,TP/BTM-shiv-AWLC21/22-Poseidon-M/S,2729.00,False,Sold Out,0,https://cavaathleisure.com/products/blue-boxy-weekend-set
https://cavaathleisure.com,9631544672572,Blue Boxy Weekend Set,Women's Co-ord Set,CAVA athleisure,49892765630780,M,TP/BTM-shiv-AWLC21/22-Poseidon-M/M,2729.00,False,Sold Out,0,https://cavaathleisure.com/products/blue-boxy-weekend-set
https://cavaathleisure.com,9631544672572,Blue Boxy Weekend Set,Women's Co-ord Set,CAVA athleisure,49892765663548,M,TP/BTM-shiv-AWLC21/22-Poseidon-M/L,2729.00,False,Sold Out,0,https://cavaathleisure.com/products/blue-boxy-weekend-set
https://cavaathleisure.com,9631544672572,Blue Boxy Weekend Set,Women's Co-ord Set,CAVA athleisure,49892765696316,M,TP/BTM-shiv-AWLC21/22-Poseidon-M/XL,2729.00,False,Sold Out,0,https://cavaathleisure.com/products/blue-boxy-weekend-set
https://cavaathleisure.com,9631544672572,Blue Boxy Weekend Set,Women's Co-ord Set,CAVA athleisure,49892765729084,M,TP/BTM-shiv-AWLC21/22-Poseidon-M/XXL,2729.00,False,Sold Out,0,https://cavaathleisure.com/products/blue-boxy-weekend-set
https://cavaathleisure.com,9631544672572,Blue Boxy Weekend Set,Women's Co-ord Set,CAVA athleisure,49892764090684,L,TP/BTM-shiv-AWLC21/22-Poseidon-L/XS,2729.00,False,Sold Out,0,https://cavaathleisure.com/products/blue-boxy-weekend-set
https://cavaathleisure.com,9631544672572,Blue Boxy Weekend Set,Women's Co-ord Set,CAVA athleisure,49892765761852,L,TP/BTM-shiv-AWLC21/22-Poseidon-L/S,2729.00,False,Sold Out,0,https://cavaathleisure.com/products/blue-boxy-weekend-set
https://cavaathleisure.com,9631544672572,Blue Boxy Weekend Set,Women's Co-ord Set,CAVA athleisure,49892765794620,L,TP/BTM-shiv-AWLC21/22-Poseidon-L/M,2729.00,False,Sold Out,0,https://cavaathleisure.com/products/blue-boxy-weekend-set
https://cavaathleisure.com,9631544672572,Blue Boxy Weekend Set,Women's Co-ord Set,CAVA athleisure,49892765827388,L,TP/BTM-shiv-AWLC21/22-Poseidon-L/L,2729.00,True,Available,1,https://cavaathleisure.com/products/blue-boxy-weekend-set
https://cavaathleisure.com,9631544672572,Blue Boxy Weekend Set,Women's Co-ord Set,CAVA athleisure,49892765860156,L,TP/BTM-shiv-AWLC21/22-Poseidon-L/XL,2729.00,False,Sold Out,0,https://cavaathleisure.com/products/blue-boxy-weekend-set
https://cavaathleisure.com,9631544672572,Blue Boxy Weekend Set,Women's Co-ord Set,CAVA athleisure,49892765892924,L,TP/BTM-shiv-AWLC21/22-Poseidon-L/XXL,2729.00,False,Sold Out,0,https://cavaathleisure.com/products/blue-boxy-weekend-set
https://cavaathleisure.com,9631544672572,Blue Boxy Weekend Set,Women's Co-ord Set,CAVA athleisure,49892764123452,XL,TP/BTM-shiv-AWLC21/22-Poseidon-XL/XS,2729.00,False,Sold Out,0,https://cavaathleisure.com/products/blue-boxy-weekend-set
https://cavaathleisure.com,9631544672572,Blue Boxy Weekend Set,Women's Co-ord Set,CAVA athleisure,49892765925692,XL,TP/BTM-shiv-AWLC21/22-Poseidon-XL/S,2729.00,False,Sold Out,0,https://cavaathleisure.com/products/blue-boxy-weekend-set
https://cavaathleisure.com,9631544672572,Blue Boxy Weekend Set,Women's Co-ord Set,CAVA athleisure,49892765958460,XL,TP/BTM-shiv-AWLC21/22-Poseidon-XL/M,2729.00,False,Sold Out,0,https://cavaathleisure.com/products/blue-boxy-weekend-set
https://cavaathleisure.com,9631544672572,Blue Boxy Weekend Set,Women's Co-ord Set,CAVA athleisure,49892765991228,XL,TP/BTM-shiv-AWLC21/22-Poseidon-XL/L,2729.00,True,Available,1,https://cavaathleisure.com/products/blue-boxy-weekend-set
https://cavaathleisure.com,9631544672572,Blue Boxy Weekend Set,Women's Co-ord Set,CAVA athleisure,49892766023996,XL,TP/BTM-shiv-AWLC21/22-Poseidon-XL/XL,2729.00,False,Sold Out,0,https://cavaathleisure.com/products/blue-boxy-weekend-set
https://cavaathleisure.com,9631544672572,Blue Boxy Weekend Set,Women's Co-ord Set,CAVA athleisure,49892766056764,XL,TP/BTM-shiv-AWLC21/22-Poseidon-XL/XXL,2729.00,False,Sold Out,0,https://cavaathleisure.com/products/blue-boxy-weekend-set
https://cavaathleisure.com,9631544672572,Blue Boxy Weekend Set,Women's Co-ord Set,CAVA athleisure,49892764156220,XXL,TP/BTM-shiv-AWLC21/22-Poseidon-XXL/XS,2729.00,False,Sold Out,0,https://cavaathleisure.com/products/blue-boxy-weekend-set
https://cavaathleisure.com,9631544672572,Blue Boxy Weekend Set,Women's Co-ord Set,CAVA athleisure,49892766089532,XXL,TP/BTM-shiv-AWLC21/22-Poseidon-XXL/S,2729.00,False,Sold Out,0,https://cavaathleisure.com/products/blue-boxy-weekend-set
https://cavaathleisure.com,9631544672572,Blue Boxy Weekend Set,Women's Co-ord Set,CAVA athleisure,49892766122300,XXL,TP/BTM-shiv-AWLC21/22-Poseidon-XXL/M,2729.00,False,Sold Out,0,https://cavaathleisure.com/products/blue-boxy-weekend-set
https://cavaathleisure.com,9631544672572,Blue Boxy Weekend Set,Women's Co-ord Set,CAVA athleisure,49892766155068,XXL,TP/BTM-shiv-AWLC21/22-Poseidon-XXL/L,2729.00,False,Sold Out,0,https://cavaathleisure.com/products/blue-boxy-weekend-set
https://cavaathleisure.com,9631544672572,Blue Boxy Weekend Set,Women's Co-ord Set,CAVA athleisure,49892766187836,XXL,TP/BTM-shiv-AWLC21/22-Poseidon-XXL/XL,2729.00,False,Sold Out,0,https://cavaathleisure.com/products/blue-boxy-weekend-set
https://cavaathleisure.com,9631544672572,Blue Boxy Weekend Set,Women's Co-ord Set,CAVA athleisure,49892766220604,XXL,TP/BTM-shiv-AWLC21/22-Poseidon-XXL/XXL,2729.00,False,Sold Out,0,https://cavaathleisure.com/products/blue-boxy-weekend-set
https://cavaathleisure.com,9612973408572,Brown Overlap Tee,Women's T-shirts,CAVA athleisure,51776605913404,XS,TP-RON-set2-007-RON-Hot-fudge-XS,999.00,False,Sold Out,0,https://cavaathleisure.com/products/brown-overlap-tee
https://cavaathleisure.com,9612973408572,Brown Overlap Tee,Women's T-shirts,CAVA athleisure,51776605946172,S,TP-RON-set2-007-RON-Hot-fudge-S,999.00,False,Sold Out,0,https://cavaathleisure.com/products/brown-overlap-tee
https://cavaathleisure.com,9612973408572,Brown Overlap Tee,Women's T-shirts,CAVA athleisure,49837482213692,M,TP-RON-set2-007-RON-Hot-fudge-M,999.00,False,Sold Out,0,https://cavaathleisure.com/products/brown-overlap-tee
https://cavaathleisure.com,9612973408572,Brown Overlap Tee,Women's T-shirts,CAVA athleisure,49837482246460,L,TP-RON-set2-007-RON-Hot-fudge-L,999.00,False,Sold Out,0,https://cavaathleisure.com/products/brown-overlap-tee
https://cavaathleisure.com,9612973408572,Brown Overlap Tee,Women's T-shirts,CAVA athleisure,49837482279228,XL,TP-RON-set2-007-RON-Hot-fudge-XL,999.00,False,Sold Out,0,https://cavaathleisure.com/products/brown-overlap-tee
https://cavaathleisure.com,9612973408572,Brown Overlap Tee,Women's T-shirts,CAVA athleisure,49837482311996,XXL,TP-RON-set2-007-RON-Hot-fudge-XXL,999.00,False,Sold Out,0,https://cavaathleisure.com/products/brown-overlap-tee
https://cavaathleisure.com,9612971147580,Black Overlap Tee,Women's T-shirts,CAVA athleisure,51571296207164,XS,TP-RON-set2-007-RON-Jet-Black-XS,999.00,False,Sold Out,0,https://cavaathleisure.com/products/black-overlap-tee
https://cavaathleisure.com,9612971147580,Black Overlap Tee,Women's T-shirts,CAVA athleisure,51571296239932,S,TP-RON-set2-007-RON-Jet-Black-S,999.00,False,Sold Out,0,https://cavaathleisure.com/products/black-overlap-tee
https://cavaathleisure.com,9612971147580,Black Overlap Tee,Women's T-shirts,CAVA athleisure,49837478838588,M,TP-RON-set2-007-RON-Jet-Black-M,999.00,False,Sold Out,0,https://cavaathleisure.com/products/black-overlap-tee
https://cavaathleisure.com,9612971147580,Black Overlap Tee,Women's T-shirts,CAVA athleisure,49837478871356,L,TP-RON-set2-007-RON-Jet-Black-L,999.00,False,Sold Out,0,https://cavaathleisure.com/products/black-overlap-tee
https://cavaathleisure.com,9612971147580,Black Overlap Tee,Women's T-shirts,CAVA athleisure,49837478904124,XL,TP-RON-set2-007-RON-Jet-Black-XL,999.00,False,Sold Out,0,https://cavaathleisure.com/products/black-overlap-tee
https://cavaathleisure.com,9612971147580,Black Overlap Tee,Women's T-shirts,CAVA athleisure,49837478936892,XXL,TP-RON-set2-007-RON-Jet-Black-XXL,999.00,False,Sold Out,0,https://cavaathleisure.com/products/black-overlap-tee
https://cavaathleisure.com,9612928811324,Brown MeshFit Sports Bra,Sports Bras,CAVA athleisure,49837040075068,XS/S,TP-RON-set2-003-RON-Hot-fudge-XS/S,800.00,False,Sold Out,0,https://cavaathleisure.com/products/brown-meshfit-sports-bra
https://cavaathleisure.com,9612928811324,Brown MeshFit Sports Bra,Sports Bras,CAVA athleisure,49837040107836,M,TP-RON-set2-003-RON-Hot-fudge-M,800.00,False,Sold Out,0,https://cavaathleisure.com/products/brown-meshfit-sports-bra
https://cavaathleisure.com,9612928811324,Brown MeshFit Sports Bra,Sports Bras,CAVA athleisure,49837040140604,L,TP-RON-set2-003-RON-Hot-fudge-L,800.00,False,Sold Out,0,https://cavaathleisure.com/products/brown-meshfit-sports-bra
https://cavaathleisure.com,9612928811324,Brown MeshFit Sports Bra,Sports Bras,CAVA athleisure,49837040173372,XL,TP-RON-set2-003-RON-Hot-fudge-XL,800.00,False,Sold Out,0,https://cavaathleisure.com/products/brown-meshfit-sports-bra
https://cavaathleisure.com,9612928811324,Brown MeshFit Sports Bra,Sports Bras,CAVA athleisure,49837040206140,XXL,TP-RON-set2-003-RON-Hot-fudge-XXL,800.00,False,Sold Out,0,https://cavaathleisure.com/products/brown-meshfit-sports-bra
https://cavaathleisure.com,9612956533052,Blush Overlap Tee,Women's T-shirts,CAVA athleisure,51699101892924,XS,TP-RON-set2-007-RON-Sepia-Rose-XS,999.00,True,Available,1,https://cavaathleisure.com/products/blush-overlap-tee
https://cavaathleisure.com,9612956533052,Blush Overlap Tee,Women's T-shirts,CAVA athleisure,51699101925692,S,TP-RON-set2-007-RON-Sepia-Rose-S,999.00,False,Sold Out,0,https://cavaathleisure.com/products/blush-overlap-tee
https://cavaathleisure.com,9612956533052,Blush Overlap Tee,Women's T-shirts,CAVA athleisure,49837276758332,M,TP-RON-set2-007-RON-Sepia-Rose-M,999.00,False,Sold Out,0,https://cavaathleisure.com/products/blush-overlap-tee
https://cavaathleisure.com,9612956533052,Blush Overlap Tee,Women's T-shirts,CAVA athleisure,49837276791100,L,TP-RON-set2-007-RON-Sepia-Rose-L,999.00,False,Sold Out,0,https://cavaathleisure.com/products/blush-overlap-tee
https://cavaathleisure.com,9612956533052,Blush Overlap Tee,Women's T-shirts,CAVA athleisure,49837276823868,XL,TP-RON-set2-007-RON-Sepia-Rose-XL,999.00,False,Sold Out,0,https://cavaathleisure.com/products/blush-overlap-tee
https://cavaathleisure.com,9612956533052,Blush Overlap Tee,Women's T-shirts,CAVA athleisure,49837276856636,XXL,TP-RON-set2-007-RON-Sepia-Rose-XXL,999.00,False,Sold Out,0,https://cavaathleisure.com/products/blush-overlap-tee
https://cavaathleisure.com,9612895682876,Olive Retro Flare Pants,Flare Pants,CAVA athleisure,49836659769660,XS/S,BTM-RON-set6-009-RON-Olive-Green-XS/S,990.00,True,Available,1,https://cavaathleisure.com/products/olive-retro-flare-pants
https://cavaathleisure.com,9612895682876,Olive Retro Flare Pants,Flare Pants,CAVA athleisure,49836659802428,M,BTM-RON-set6-009-RON-Olive-Green-M,990.00,False,Sold Out,0,https://cavaathleisure.com/products/olive-retro-flare-pants
https://cavaathleisure.com,9612895682876,Olive Retro Flare Pants,Flare Pants,CAVA athleisure,49836659835196,L,BTM-RON-set6-009-RON-Olive-Green-L,990.00,False,Sold Out,0,https://cavaathleisure.com/products/olive-retro-flare-pants
https://cavaathleisure.com,9612895682876,Olive Retro Flare Pants,Flare Pants,CAVA athleisure,49836659867964,XL,BTM-RON-set6-009-RON-Olive-Green-XL,990.00,False,Sold Out,0,https://cavaathleisure.com/products/olive-retro-flare-pants
https://cavaathleisure.com,9612895682876,Olive Retro Flare Pants,Flare Pants,CAVA athleisure,49836659900732,XXL,BTM-RON-set6-009-RON-Olive-Green-XXL,990.00,False,Sold Out,0,https://cavaathleisure.com/products/olive-retro-flare-pants
https://cavaathleisure.com,9611331764540,Grape Knot-It Corset Top,Women's Tops,CAVA athleisure,49832598470972,XS/S,TP-RON-set6-005-RON-Wine-Burgundy-XS/S,700.00,False,Sold Out,0,https://cavaathleisure.com/products/grape-knot-it-corset-top
https://cavaathleisure.com,9611331764540,Grape Knot-It Corset Top,Women's Tops,CAVA athleisure,49832598503740,M,TP-RON-set6-005-RON-Wine-Burgundy-M,700.00,False,Sold Out,0,https://cavaathleisure.com/products/grape-knot-it-corset-top
https://cavaathleisure.com,9611331764540,Grape Knot-It Corset Top,Women's Tops,CAVA athleisure,49832598536508,L,TP-RON-set6-005-RON-Wine-Burgundy-L,700.00,False,Sold Out,0,https://cavaathleisure.com/products/grape-knot-it-corset-top
https://cavaathleisure.com,9611331764540,Grape Knot-It Corset Top,Women's Tops,CAVA athleisure,49832598569276,XL,TP-RON-set6-005-RON-Wine-Burgundy-XL,700.00,False,Sold Out,0,https://cavaathleisure.com/products/grape-knot-it-corset-top
https://cavaathleisure.com,9611331764540,Grape Knot-It Corset Top,Women's Tops,CAVA athleisure,49832598602044,XXL,TP-RON-set6-005-RON-Wine-Burgundy-XXL,700.00,False,Sold Out,0,https://cavaathleisure.com/products/grape-knot-it-corset-top
https://cavaathleisure.com,9613789004092,Brick Aerial Co-ord Set,Women's Co-ord Set,CAVA athleisure,49839332688188,S,TP/BTM-Set12-TulipWood-S/S,3054.00,False,Sold Out,0,https://cavaathleisure.com/products/brick-aerial-co-ord-set
https://cavaathleisure.com,9613789004092,Brick Aerial Co-ord Set,Women's Co-ord Set,CAVA athleisure,49839340749116,S,TP/BTM-Set12-TulipWood-S/M,3054.00,False,Sold Out,0,https://cavaathleisure.com/products/brick-aerial-co-ord-set
https://cavaathleisure.com,9613789004092,Brick Aerial Co-ord Set,Women's Co-ord Set,CAVA athleisure,49839340781884,S,TP/BTM-Set12-TulipWood-S/L,3054.00,False,Sold Out,0,https://cavaathleisure.com/products/brick-aerial-co-ord-set
https://cavaathleisure.com,9613789004092,Brick Aerial Co-ord Set,Women's Co-ord Set,CAVA athleisure,49839340814652,S,TP/BTM-Set12-TulipWood-S/XL,3054.00,False,Sold Out,0,https://cavaathleisure.com/products/brick-aerial-co-ord-set
https://cavaathleisure.com,9613789004092,Brick Aerial Co-ord Set,Women's Co-ord Set,CAVA athleisure,49839340847420,S,TP/BTM-Set12-TulipWood-S/XXL,3054.00,False,Sold Out,0,https://cavaathleisure.com/products/brick-aerial-co-ord-set
https://cavaathleisure.com,9613789004092,Brick Aerial Co-ord Set,Women's Co-ord Set,CAVA athleisure,49839332720956,M,TP/BTM-Set12-TulipWood-M/S,3054.00,False,Sold Out,0,https://cavaathleisure.com/products/brick-aerial-co-ord-set
https://cavaathleisure.com,9613789004092,Brick Aerial Co-ord Set,Women's Co-ord Set,CAVA athleisure,49839340880188,M,TP/BTM-Set12-TulipWood-M/M,3054.00,False,Sold Out,0,https://cavaathleisure.com/products/brick-aerial-co-ord-set
https://cavaathleisure.com,9613789004092,Brick Aerial Co-ord Set,Women's Co-ord Set,CAVA athleisure,49839340912956,M,TP/BTM-Set12-TulipWood-M/L,3054.00,False,Sold Out,0,https://cavaathleisure.com/products/brick-aerial-co-ord-set
https://cavaathleisure.com,9613789004092,Brick Aerial Co-ord Set,Women's Co-ord Set,CAVA athleisure,49839340945724,M,TP/BTM-Set12-TulipWood-M/XL,3054.00,False,Sold Out,0,https://cavaathleisure.com/products/brick-aerial-co-ord-set
https://cavaathleisure.com,9613789004092,Brick Aerial Co-ord Set,Women's Co-ord Set,CAVA athleisure,49839340978492,M,TP/BTM-Set12-TulipWood-M/XXL,3054.00,False,Sold Out,0,https://cavaathleisure.com/products/brick-aerial-co-ord-set
https://cavaathleisure.com,9613789004092,Brick Aerial Co-ord Set,Women's Co-ord Set,CAVA athleisure,49839332753724,L,TP/BTM-Set12-TulipWood-L/S,3054.00,False,Sold Out,0,https://cavaathleisure.com/products/brick-aerial-co-ord-set
https://cavaathleisure.com,9613789004092,Brick Aerial Co-ord Set,Women's Co-ord Set,CAVA athleisure,49839341011260,L,TP/BTM-Set12-TulipWood-L/M,3054.00,False,Sold Out,0,https://cavaathleisure.com/products/brick-aerial-co-ord-set
https://cavaathleisure.com,9613789004092,Brick Aerial Co-ord Set,Women's Co-ord Set,CAVA athleisure,49839341044028,L,TP/BTM-Set12-TulipWood-L/L,3054.00,False,Sold Out,0,https://cavaathleisure.com/products/brick-aerial-co-ord-set
https://cavaathleisure.com,9613789004092,Brick Aerial Co-ord Set,Women's Co-ord Set,CAVA athleisure,49839341076796,L,TP/BTM-Set12-TulipWood-L/XL,3054.00,False,Sold Out,0,https://cavaathleisure.com/products/brick-aerial-co-ord-set
https://cavaathleisure.com,9613789004092,Brick Aerial Co-ord Set,Women's Co-ord Set,CAVA athleisure,49839341109564,L,TP/BTM-Set12-TulipWood-L/XXL,3054.00,False,Sold Out,0,https://cavaathleisure.com/products/brick-aerial-co-ord-set
https://cavaathleisure.com,9613789004092,Brick Aerial Co-ord Set,Women's Co-ord Set,CAVA athleisure,49839332786492,XL,TP/BTM-Set12-TulipWood-XL/S,3054.00,False,Sold Out,0,https://cavaathleisure.com/products/brick-aerial-co-ord-set
https://cavaathleisure.com,9613789004092,Brick Aerial Co-ord Set,Women's Co-ord Set,CAVA athleisure,49839341142332,XL,TP/BTM-Set12-TulipWood-XL/M,3054.00,False,Sold Out,0,https://cavaathleisure.com/products/brick-aerial-co-ord-set
https://cavaathleisure.com,9613789004092,Brick Aerial Co-ord Set,Women's Co-ord Set,CAVA athleisure,49839341175100,XL,TP/BTM-Set12-TulipWood-XL/L,3054.00,False,Sold Out,0,https://cavaathleisure.com/products/brick-aerial-co-ord-set
https://cavaathleisure.com,9613789004092,Brick Aerial Co-ord Set,Women's Co-ord Set,CAVA athleisure,49839341207868,XL,TP/BTM-Set12-TulipWood-XL/XL,3054.00,False,Sold Out,0,https://cavaathleisure.com/products/brick-aerial-co-ord-set
https://cavaathleisure.com,9613789004092,Brick Aerial Co-ord Set,Women's Co-ord Set,CAVA athleisure,49839341240636,XL,TP/BTM-Set12-TulipWood-XL/XXL,3054.00,False,Sold Out,0,https://cavaathleisure.com/products/brick-aerial-co-ord-set
https://cavaathleisure.com,9613789004092,Brick Aerial Co-ord Set,Women's Co-ord Set,CAVA athleisure,49839332819260,XXL,TP/BTM-Set12-TulipWood-XXL/S,3054.00,False,Sold Out,0,https://cavaathleisure.com/products/brick-aerial-co-ord-set
https://cavaathleisure.com,9613789004092,Brick Aerial Co-ord Set,Women's Co-ord Set,CAVA athleisure,49839341273404,XXL,TP/BTM-Set12-TulipWood-XXL/M,3054.00,False,Sold Out,0,https://cavaathleisure.com/products/brick-aerial-co-ord-set
https://cavaathleisure.com,9613789004092,Brick Aerial Co-ord Set,Women's Co-ord Set,CAVA athleisure,49839341306172,XXL,TP/BTM-Set12-TulipWood-XXL/L,3054.00,False,Sold Out,0,https://cavaathleisure.com/products/brick-aerial-co-ord-set
https://cavaathleisure.com,9613789004092,Brick Aerial Co-ord Set,Women's Co-ord Set,CAVA athleisure,49839341338940,XXL,TP/BTM-Set12-TulipWood-XXL/XL,3054.00,False,Sold Out,0,https://cavaathleisure.com/products/brick-aerial-co-ord-set
https://cavaathleisure.com,9613789004092,Brick Aerial Co-ord Set,Women's Co-ord Set,CAVA athleisure,49839341371708,XXL,TP/BTM-Set12-TulipWood-XXL/XXL,3054.00,False,Sold Out,0,https://cavaathleisure.com/products/brick-aerial-co-ord-set
https://cavaathleisure.com,9613779108156,Beige Urban Co-ord Set,Women's Co-ord Set,CAVA athleisure,49839307948348,XS,TP/BTM-Tulsi-Awlc15-IrrishCream-XS/XS,2794.00,False,Sold Out,0,https://cavaathleisure.com/products/beige-urban-co-ord-set
https://cavaathleisure.com,9613779108156,Beige Urban Co-ord Set,Women's Co-ord Set,CAVA athleisure,49839307981116,XS,TP/BTM-Tulsi-Awlc15-IrrishCream-XS/S,2794.00,False,Sold Out,0,https://cavaathleisure.com/products/beige-urban-co-ord-set
https://cavaathleisure.com,9613779108156,Beige Urban Co-ord Set,Women's Co-ord Set,CAVA athleisure,49839308013884,XS,TP/BTM-Tulsi-Awlc15-IrrishCream-XS/M,2794.00,False,Sold Out,0,https://cavaathleisure.com/products/beige-urban-co-ord-set
https://cavaathleisure.com,9613779108156,Beige Urban Co-ord Set,Women's Co-ord Set,CAVA athleisure,49839308046652,XS,TP/BTM-Tulsi-Awlc15-IrrishCream-XS/L,2794.00,False,Sold Out,0,https://cavaathleisure.com/products/beige-urban-co-ord-set
https://cavaathleisure.com,9613779108156,Beige Urban Co-ord Set,Women's Co-ord Set,CAVA athleisure,49839308079420,XS,TP/BTM-Tulsi-Awlc15-IrrishCream-XS/XL,2794.00,False,Sold Out,0,https://cavaathleisure.com/products/beige-urban-co-ord-set
https://cavaathleisure.com,9613779108156,Beige Urban Co-ord Set,Women's Co-ord Set,CAVA athleisure,49839308112188,XS,TP/BTM-Tulsi-Awlc15-IrrishCream-XS/XXL,2794.00,False,Sold Out,0,https://cavaathleisure.com/products/beige-urban-co-ord-set
https://cavaathleisure.com,9613779108156,Beige Urban Co-ord Set,Women's Co-ord Set,CAVA athleisure,49839308144956,S,TP/BTM-Tulsi-Awlc15-IrrishCream-S/XS,2794.00,False,Sold Out,0,https://cavaathleisure.com/products/beige-urban-co-ord-set
https://cavaathleisure.com,9613779108156,Beige Urban Co-ord Set,Women's Co-ord Set,CAVA athleisure,49839308177724,S,TP/BTM-Tulsi-Awlc15-IrrishCream-S/S,2794.00,False,Sold Out,0,https://cavaathleisure.com/products/beige-urban-co-ord-set
https://cavaathleisure.com,9613779108156,Beige Urban Co-ord Set,Women's Co-ord Set,CAVA athleisure,49839308210492,S,TP/BTM-Tulsi-Awlc15-IrrishCream-S/M,2794.00,False,Sold Out,0,https://cavaathleisure.com/products/beige-urban-co-ord-set
https://cavaathleisure.com,9613779108156,Beige Urban Co-ord Set,Women's Co-ord Set,CAVA athleisure,49839308243260,S,TP/BTM-Tulsi-Awlc15-IrrishCream-S/L,2794.00,False,Sold Out,0,https://cavaathleisure.com/products/beige-urban-co-ord-set
https://cavaathleisure.com,9613779108156,Beige Urban Co-ord Set,Women's Co-ord Set,CAVA athleisure,49839308276028,S,TP/BTM-Tulsi-Awlc15-IrrishCream-S/XL,2794.00,False,Sold Out,0,https://cavaathleisure.com/products/beige-urban-co-ord-set
https://cavaathleisure.com,9613779108156,Beige Urban Co-ord Set,Women's Co-ord Set,CAVA athleisure,49839308308796,S,TP/BTM-Tulsi-Awlc15-IrrishCream-S/XXL,2794.00,False,Sold Out,0,https://cavaathleisure.com/products/beige-urban-co-ord-set
https://cavaathleisure.com,9613779108156,Beige Urban Co-ord Set,Women's Co-ord Set,CAVA athleisure,49839308341564,M,TP/BTM-Tulsi-Awlc15-IrrishCream-M/XS,2794.00,False,Sold Out,0,https://cavaathleisure.com/products/beige-urban-co-ord-set
https://cavaathleisure.com,9613779108156,Beige Urban Co-ord Set,Women's Co-ord Set,CAVA athleisure,49839308374332,M,TP/BTM-Tulsi-Awlc15-IrrishCream-M/S,2794.00,False,Sold Out,0,https://cavaathleisure.com/products/beige-urban-co-ord-set
https://cavaathleisure.com,9613779108156,Beige Urban Co-ord Set,Women's Co-ord Set,CAVA athleisure,49839308407100,M,TP/BTM-Tulsi-Awlc15-IrrishCream-M/M,2794.00,False,Sold Out,0,https://cavaathleisure.com/products/beige-urban-co-ord-set
https://cavaathleisure.com,9613779108156,Beige Urban Co-ord Set,Women's Co-ord Set,CAVA athleisure,49839308439868,M,TP/BTM-Tulsi-Awlc15-IrrishCream-M/L,2794.00,False,Sold Out,0,https://cavaathleisure.com/products/beige-urban-co-ord-set
https://cavaathleisure.com,9613779108156,Beige Urban Co-ord Set,Women's Co-ord Set,CAVA athleisure,49839308472636,M,TP/BTM-Tulsi-Awlc15-IrrishCream-M/XL,2794.00,False,Sold Out,0,https://cavaathleisure.com/products/beige-urban-co-ord-set
https://cavaathleisure.com,9613779108156,Beige Urban Co-ord Set,Women's Co-ord Set,CAVA athleisure,49839308505404,M,TP/BTM-Tulsi-Awlc15-IrrishCream-M/XXL,2794.00,False,Sold Out,0,https://cavaathleisure.com/products/beige-urban-co-ord-set
https://cavaathleisure.com,9613779108156,Beige Urban Co-ord Set,Women's Co-ord Set,CAVA athleisure,49839308538172,L,TP/BTM-Tulsi-Awlc15-IrrishCream-L/XS,2794.00,False,Sold Out,0,https://cavaathleisure.com/products/beige-urban-co-ord-set
https://cavaathleisure.com,9613779108156,Beige Urban Co-ord Set,Women's Co-ord Set,CAVA athleisure,49839308570940,L,TP/BTM-Tulsi-Awlc15-IrrishCream-L/S,2794.00,False,Sold Out,0,https://cavaathleisure.com/products/beige-urban-co-ord-set
https://cavaathleisure.com,9613779108156,Beige Urban Co-ord Set,Women's Co-ord Set,CAVA athleisure,49839308603708,L,TP/BTM-Tulsi-Awlc15-IrrishCream-L/M,2794.00,False,Sold Out,0,https://cavaathleisure.com/products/beige-urban-co-ord-set
https://cavaathleisure.com,9613779108156,Beige Urban Co-ord Set,Women's Co-ord Set,CAVA athleisure,49839308636476,L,TP/BTM-Tulsi-Awlc15-IrrishCream-L/L,2794.00,False,Sold Out,0,https://cavaathleisure.com/products/beige-urban-co-ord-set
https://cavaathleisure.com,9613779108156,Beige Urban Co-ord Set,Women's Co-ord Set,CAVA athleisure,49839308669244,L,TP/BTM-Tulsi-Awlc15-IrrishCream-L/XL,2794.00,False,Sold Out,0,https://cavaathleisure.com/products/beige-urban-co-ord-set
https://cavaathleisure.com,9613779108156,Beige Urban Co-ord Set,Women's Co-ord Set,CAVA athleisure,49839308702012,L,TP/BTM-Tulsi-Awlc15-IrrishCream-L/XXL,2794.00,False,Sold Out,0,https://cavaathleisure.com/products/beige-urban-co-ord-set
https://cavaathleisure.com,9613779108156,Beige Urban Co-ord Set,Women's Co-ord Set,CAVA athleisure,49839308734780,XL,TP/BTM-Tulsi-Awlc15-IrrishCream-XL/XS,2794.00,False,Sold Out,0,https://cavaathleisure.com/products/beige-urban-co-ord-set
https://cavaathleisure.com,9613779108156,Beige Urban Co-ord Set,Women's Co-ord Set,CAVA athleisure,49839308767548,XL,TP/BTM-Tulsi-Awlc15-IrrishCream-XL/S,2794.00,False,Sold Out,0,https://cavaathleisure.com/products/beige-urban-co-ord-set
https://cavaathleisure.com,9613779108156,Beige Urban Co-ord Set,Women's Co-ord Set,CAVA athleisure,49839308800316,XL,TP/BTM-Tulsi-Awlc15-IrrishCream-XL/M,2794.00,False,Sold Out,0,https://cavaathleisure.com/products/beige-urban-co-ord-set
https://cavaathleisure.com,9613779108156,Beige Urban Co-ord Set,Women's Co-ord Set,CAVA athleisure,49839308833084,XL,TP/BTM-Tulsi-Awlc15-IrrishCream-XL/L,2794.00,False,Sold Out,0,https://cavaathleisure.com/products/beige-urban-co-ord-set
https://cavaathleisure.com,9613779108156,Beige Urban Co-ord Set,Women's Co-ord Set,CAVA athleisure,49839308865852,XL,TP/BTM-Tulsi-Awlc15-IrrishCream-XL/XL,2794.00,False,Sold Out,0,https://cavaathleisure.com/products/beige-urban-co-ord-set
https://cavaathleisure.com,9613779108156,Beige Urban Co-ord Set,Women's Co-ord Set,CAVA athleisure,49839308898620,XL,TP/BTM-Tulsi-Awlc15-IrrishCream-XL/XXL,2794.00,False,Sold Out,0,https://cavaathleisure.com/products/beige-urban-co-ord-set
https://cavaathleisure.com,9613779108156,Beige Urban Co-ord Set,Women's Co-ord Set,CAVA athleisure,49839308931388,XXL,TP/BTM-Tulsi-Awlc15-IrrishCream-XXL/XS,2794.00,False,Sold Out,0,https://cavaathleisure.com/products/beige-urban-co-ord-set
https://cavaathleisure.com,9613779108156,Beige Urban Co-ord Set,Women's Co-ord Set,CAVA athleisure,49839308964156,XXL,TP/BTM-Tulsi-Awlc15-IrrishCream-XXL/S,2794.00,False,Sold Out,0,https://cavaathleisure.com/products/beige-urban-co-ord-set
https://cavaathleisure.com,9613779108156,Beige Urban Co-ord Set,Women's Co-ord Set,CAVA athleisure,49839308996924,XXL,TP/BTM-Tulsi-Awlc15-IrrishCream-XXL/M,2794.00,False,Sold Out,0,https://cavaathleisure.com/products/beige-urban-co-ord-set
https://cavaathleisure.com,9613779108156,Beige Urban Co-ord Set,Women's Co-ord Set,CAVA athleisure,49839309029692,XXL,TP/BTM-Tulsi-Awlc15-IrrishCream-XXL/L,2794.00,False,Sold Out,0,https://cavaathleisure.com/products/beige-urban-co-ord-set
https://cavaathleisure.com,9613779108156,Beige Urban Co-ord Set,Women's Co-ord Set,CAVA athleisure,49839309062460,XXL,TP/BTM-Tulsi-Awlc15-IrrishCream-XXL/XL,2794.00,False,Sold Out,0,https://cavaathleisure.com/products/beige-urban-co-ord-set
https://cavaathleisure.com,9613779108156,Beige Urban Co-ord Set,Women's Co-ord Set,CAVA athleisure,49839309095228,XXL,TP/BTM-Tulsi-Awlc15-IrrishCream-XXL/XXL,2794.00,False,Sold Out,0,https://cavaathleisure.com/products/beige-urban-co-ord-set
https://cavaathleisure.com,9613195903292,Red Nomad Cargo Pants,Women's Joggers,CAVA athleisure,49838200488252,XS,BTM-para-AWLC19-Cardinal-XS,875.00,True,Available,1,https://cavaathleisure.com/products/red-nomad-cargo-pants
https://cavaathleisure.com,9613195903292,Red Nomad Cargo Pants,Women's Joggers,CAVA athleisure,49838200521020,S,BTM-para-AWLC19-Cardinal-S,875.00,True,Available,1,https://cavaathleisure.com/products/red-nomad-cargo-pants
https://cavaathleisure.com,9613195903292,Red Nomad Cargo Pants,Women's Joggers,CAVA athleisure,49838200553788,M,BTM-para-AWLC19-Cardinal-M,875.00,True,Available,1,https://cavaathleisure.com/products/red-nomad-cargo-pants
https://cavaathleisure.com,9613195903292,Red Nomad Cargo Pants,Women's Joggers,CAVA athleisure,49838200586556,L,BTM-para-AWLC19-Cardinal-L,875.00,True,Available,1,https://cavaathleisure.com/products/red-nomad-cargo-pants
https://cavaathleisure.com,9613195903292,Red Nomad Cargo Pants,Women's Joggers,CAVA athleisure,49838200619324,XL,BTM-para-AWLC19-Cardinal-XL,875.00,True,Available,1,https://cavaathleisure.com/products/red-nomad-cargo-pants
https://cavaathleisure.com,9613195903292,Red Nomad Cargo Pants,Women's Joggers,CAVA athleisure,49838200652092,XXL,BTM-para-AWLC19-Cardinal-XXL,875.00,False,Sold Out,0,https://cavaathleisure.com/products/red-nomad-cargo-pants
https://cavaathleisure.com,9613795721532,Lilac X-treme Co-ord Set,Women's Co-ord Set,CAVA athleisure,49839345467708,S,TP/BTM-Geo-Set2-Lavender-S/S,3054.00,False,Sold Out,0,https://cavaathleisure.com/products/lilac-x-treme-co-ord-set
https://cavaathleisure.com,9613795721532,Lilac X-treme Co-ord Set,Women's Co-ord Set,CAVA athleisure,49839369716028,S,TP/BTM-Geo-Set2-Lavender-S/M,3054.00,False,Sold Out,0,https://cavaathleisure.com/products/lilac-x-treme-co-ord-set
https://cavaathleisure.com,9613795721532,Lilac X-treme Co-ord Set,Women's Co-ord Set,CAVA athleisure,49839369748796,S,TP/BTM-Geo-Set2-Lavender-S/L,3054.00,False,Sold Out,0,https://cavaathleisure.com/products/lilac-x-treme-co-ord-set
https://cavaathleisure.com,9613795721532,Lilac X-treme Co-ord Set,Women's Co-ord Set,CAVA athleisure,49839369781564,S,TP/BTM-Geo-Set2-Lavender-S/XL,3054.00,False,Sold Out,0,https://cavaathleisure.com/products/lilac-x-treme-co-ord-set
https://cavaathleisure.com,9613795721532,Lilac X-treme Co-ord Set,Women's Co-ord Set,CAVA athleisure,49839369814332,S,TP/BTM-Geo-Set2-Lavender-S/XXL,3054.00,False,Sold Out,0,https://cavaathleisure.com/products/lilac-x-treme-co-ord-set
https://cavaathleisure.com,9613795721532,Lilac X-treme Co-ord Set,Women's Co-ord Set,CAVA athleisure,49839345500476,M,TP/BTM-Geo-Set2-Lavender-M/S,3054.00,False,Sold Out,0,https://cavaathleisure.com/products/lilac-x-treme-co-ord-set
https://cavaathleisure.com,9613795721532,Lilac X-treme Co-ord Set,Women's Co-ord Set,CAVA athleisure,49839369847100,M,TP/BTM-Geo-Set2-Lavender-M/M,3054.00,False,Sold Out,0,https://cavaathleisure.com/products/lilac-x-treme-co-ord-set
https://cavaathleisure.com,9613795721532,Lilac X-treme Co-ord Set,Women's Co-ord Set,CAVA athleisure,49839369879868,M,TP/BTM-Geo-Set2-Lavender-M/L,3054.00,False,Sold Out,0,https://cavaathleisure.com/products/lilac-x-treme-co-ord-set
https://cavaathleisure.com,9613795721532,Lilac X-treme Co-ord Set,Women's Co-ord Set,CAVA athleisure,49839369912636,M,TP/BTM-Geo-Set2-Lavender-M/XL,3054.00,False,Sold Out,0,https://cavaathleisure.com/products/lilac-x-treme-co-ord-set
https://cavaathleisure.com,9613795721532,Lilac X-treme Co-ord Set,Women's Co-ord Set,CAVA athleisure,49839369945404,M,TP/BTM-Geo-Set2-Lavender-M/XXL,3054.00,False,Sold Out,0,https://cavaathleisure.com/products/lilac-x-treme-co-ord-set
https://cavaathleisure.com,9613795721532,Lilac X-treme Co-ord Set,Women's Co-ord Set,CAVA athleisure,49839345533244,L,TP/BTM-Geo-Set2-Lavender-L/S,3054.00,False,Sold Out,0,https://cavaathleisure.com/products/lilac-x-treme-co-ord-set
https://cavaathleisure.com,9613795721532,Lilac X-treme Co-ord Set,Women's Co-ord Set,CAVA athleisure,49839369978172,L,TP/BTM-Geo-Set2-Lavender-L/M,3054.00,False,Sold Out,0,https://cavaathleisure.com/products/lilac-x-treme-co-ord-set
https://cavaathleisure.com,9613795721532,Lilac X-treme Co-ord Set,Women's Co-ord Set,CAVA athleisure,49839370010940,L,TP/BTM-Geo-Set2-Lavender-L/L,3054.00,False,Sold Out,0,https://cavaathleisure.com/products/lilac-x-treme-co-ord-set
https://cavaathleisure.com,9613795721532,Lilac X-treme Co-ord Set,Women's Co-ord Set,CAVA athleisure,49839370043708,L,TP/BTM-Geo-Set2-Lavender-L/XL,3054.00,False,Sold Out,0,https://cavaathleisure.com/products/lilac-x-treme-co-ord-set
https://cavaathleisure.com,9613795721532,Lilac X-treme Co-ord Set,Women's Co-ord Set,CAVA athleisure,49839370076476,L,TP/BTM-Geo-Set2-Lavender-L/XXL,3054.00,False,Sold Out,0,https://cavaathleisure.com/products/lilac-x-treme-co-ord-set
https://cavaathleisure.com,9613795721532,Lilac X-treme Co-ord Set,Women's Co-ord Set,CAVA athleisure,49839345566012,XL,TP/BTM-Geo-Set2-Lavender-XL/S,3054.00,False,Sold Out,0,https://cavaathleisure.com/products/lilac-x-treme-co-ord-set
https://cavaathleisure.com,9613795721532,Lilac X-treme Co-ord Set,Women's Co-ord Set,CAVA athleisure,49839370109244,XL,TP/BTM-Geo-Set2-Lavender-XL/M,3054.00,False,Sold Out,0,https://cavaathleisure.com/products/lilac-x-treme-co-ord-set
https://cavaathleisure.com,9613795721532,Lilac X-treme Co-ord Set,Women's Co-ord Set,CAVA athleisure,49839370142012,XL,TP/BTM-Geo-Set2-Lavender-XL/L,3054.00,False,Sold Out,0,https://cavaathleisure.com/products/lilac-x-treme-co-ord-set
https://cavaathleisure.com,9613795721532,Lilac X-treme Co-ord Set,Women's Co-ord Set,CAVA athleisure,49839370174780,XL,TP/BTM-Geo-Set2-Lavender-XL/XL,3054.00,False,Sold Out,0,https://cavaathleisure.com/products/lilac-x-treme-co-ord-set
https://cavaathleisure.com,9613795721532,Lilac X-treme Co-ord Set,Women's Co-ord Set,CAVA athleisure,49839370207548,XL,TP/BTM-Geo-Set2-Lavender-XL/XXL,3054.00,False,Sold Out,0,https://cavaathleisure.com/products/lilac-x-treme-co-ord-set
https://cavaathleisure.com,9613795721532,Lilac X-treme Co-ord Set,Women's Co-ord Set,CAVA athleisure,49839345598780,XXL,TP/BTM-Geo-Set2-Lavender-XXL/S,3054.00,False,Sold Out,0,https://cavaathleisure.com/products/lilac-x-treme-co-ord-set
https://cavaathleisure.com,9613795721532,Lilac X-treme Co-ord Set,Women's Co-ord Set,CAVA athleisure,49839370240316,XXL,TP/BTM-Geo-Set2-Lavender-XXL/M,3054.00,False,Sold Out,0,https://cavaathleisure.com/products/lilac-x-treme-co-ord-set
https://cavaathleisure.com,9613795721532,Lilac X-treme Co-ord Set,Women's Co-ord Set,CAVA athleisure,49839370273084,XXL,TP/BTM-Geo-Set2-Lavender-XXL/L,3054.00,False,Sold Out,0,https://cavaathleisure.com/products/lilac-x-treme-co-ord-set
https://cavaathleisure.com,9613795721532,Lilac X-treme Co-ord Set,Women's Co-ord Set,CAVA athleisure,49839370305852,XXL,TP/BTM-Geo-Set2-Lavender-XXL/XL,3054.00,False,Sold Out,0,https://cavaathleisure.com/products/lilac-x-treme-co-ord-set
https://cavaathleisure.com,9613795721532,Lilac X-treme Co-ord Set,Women's Co-ord Set,CAVA athleisure,49839370338620,XXL,TP/BTM-Geo-Set2-Lavender-XXL/XXL,3054.00,False,Sold Out,0,https://cavaathleisure.com/products/lilac-x-treme-co-ord-set
https://cavaathleisure.com,9613806829884,Black Airflow Co-ord Set,Women's Co-ord Set,CAVA athleisure,49839373517116,S,TP/BTM-Ron-Set5-Jetblack-S/S,2924.00,False,Sold Out,0,https://cavaathleisure.com/products/black-airflow-co-ord-set
https://cavaathleisure.com,9613806829884,Black Airflow Co-ord Set,Women's Co-ord Set,CAVA athleisure,49839381020988,S,TP/BTM-Ron-Set5-Jetblack-S/M,2924.00,False,Sold Out,0,https://cavaathleisure.com/products/black-airflow-co-ord-set
https://cavaathleisure.com,9613806829884,Black Airflow Co-ord Set,Women's Co-ord Set,CAVA athleisure,49839381053756,S,TP/BTM-Ron-Set5-Jetblack-S/L,2924.00,False,Sold Out,0,https://cavaathleisure.com/products/black-airflow-co-ord-set
https://cavaathleisure.com,9613806829884,Black Airflow Co-ord Set,Women's Co-ord Set,CAVA athleisure,49839381086524,S,TP/BTM-Ron-Set5-Jetblack-S/XL,2924.00,False,Sold Out,0,https://cavaathleisure.com/products/black-airflow-co-ord-set
https://cavaathleisure.com,9613806829884,Black Airflow Co-ord Set,Women's Co-ord Set,CAVA athleisure,49839381119292,S,TP/BTM-Ron-Set5-Jetblack-S/XXL,2924.00,False,Sold Out,0,https://cavaathleisure.com/products/black-airflow-co-ord-set
https://cavaathleisure.com,9613806829884,Black Airflow Co-ord Set,Women's Co-ord Set,CAVA athleisure,49839373549884,M,TP/BTM-Ron-Set5-Jetblack-M/S,2924.00,False,Sold Out,0,https://cavaathleisure.com/products/black-airflow-co-ord-set
https://cavaathleisure.com,9613806829884,Black Airflow Co-ord Set,Women's Co-ord Set,CAVA athleisure,49839381152060,M,TP/BTM-Ron-Set5-Jetblack-M/M,2924.00,False,Sold Out,0,https://cavaathleisure.com/products/black-airflow-co-ord-set
https://cavaathleisure.com,9613806829884,Black Airflow Co-ord Set,Women's Co-ord Set,CAVA athleisure,49839381184828,M,TP/BTM-Ron-Set5-Jetblack-M/L,2924.00,False,Sold Out,0,https://cavaathleisure.com/products/black-airflow-co-ord-set
https://cavaathleisure.com,9613806829884,Black Airflow Co-ord Set,Women's Co-ord Set,CAVA athleisure,49839381217596,M,TP/BTM-Ron-Set5-Jetblack-M/XL,2924.00,False,Sold Out,0,https://cavaathleisure.com/products/black-airflow-co-ord-set
https://cavaathleisure.com,9613806829884,Black Airflow Co-ord Set,Women's Co-ord Set,CAVA athleisure,49839381250364,M,TP/BTM-Ron-Set5-Jetblack-M/XXL,2924.00,False,Sold Out,0,https://cavaathleisure.com/products/black-airflow-co-ord-set
https://cavaathleisure.com,9613806829884,Black Airflow Co-ord Set,Women's Co-ord Set,CAVA athleisure,49839373582652,L,TP/BTM-Ron-Set5-Jetblack-L/S,2924.00,False,Sold Out,0,https://cavaathleisure.com/products/black-airflow-co-ord-set
https://cavaathleisure.com,9613806829884,Black Airflow Co-ord Set,Women's Co-ord Set,CAVA athleisure,49839381283132,L,TP/BTM-Ron-Set5-Jetblack-L/M,2924.00,False,Sold Out,0,https://cavaathleisure.com/products/black-airflow-co-ord-set
https://cavaathleisure.com,9613806829884,Black Airflow Co-ord Set,Women's Co-ord Set,CAVA athleisure,49839381315900,L,TP/BTM-Ron-Set5-Jetblack-L/L,2924.00,False,Sold Out,0,https://cavaathleisure.com/products/black-airflow-co-ord-set
https://cavaathleisure.com,9613806829884,Black Airflow Co-ord Set,Women's Co-ord Set,CAVA athleisure,49839381348668,L,TP/BTM-Ron-Set5-Jetblack-L/XL,2924.00,False,Sold Out,0,https://cavaathleisure.com/products/black-airflow-co-ord-set
https://cavaathleisure.com,9613806829884,Black Airflow Co-ord Set,Women's Co-ord Set,CAVA athleisure,49839381381436,L,TP/BTM-Ron-Set5-Jetblack-L/XXL,2924.00,False,Sold Out,0,https://cavaathleisure.com/products/black-airflow-co-ord-set
https://cavaathleisure.com,9613806829884,Black Airflow Co-ord Set,Women's Co-ord Set,CAVA athleisure,49839373615420,XL,TP/BTM-Ron-Set5-Jetblack-XL/S,2924.00,False,Sold Out,0,https://cavaathleisure.com/products/black-airflow-co-ord-set
https://cavaathleisure.com,9613806829884,Black Airflow Co-ord Set,Women's Co-ord Set,CAVA athleisure,49839381414204,XL,TP/BTM-Ron-Set5-Jetblack-XL/M,2924.00,False,Sold Out,0,https://cavaathleisure.com/products/black-airflow-co-ord-set
https://cavaathleisure.com,9613806829884,Black Airflow Co-ord Set,Women's Co-ord Set,CAVA athleisure,49839381446972,XL,TP/BTM-Ron-Set5-Jetblack-XL/L,2924.00,False,Sold Out,0,https://cavaathleisure.com/products/black-airflow-co-ord-set
https://cavaathleisure.com,9613806829884,Black Airflow Co-ord Set,Women's Co-ord Set,CAVA athleisure,49839381479740,XL,TP/BTM-Ron-Set5-Jetblack-XL/XL,2924.00,False,Sold Out,0,https://cavaathleisure.com/products/black-airflow-co-ord-set
https://cavaathleisure.com,9613806829884,Black Airflow Co-ord Set,Women's Co-ord Set,CAVA athleisure,49839381512508,XL,TP/BTM-Ron-Set5-Jetblack-XL/XXL,2924.00,False,Sold Out,0,https://cavaathleisure.com/products/black-airflow-co-ord-set
https://cavaathleisure.com,9613806829884,Black Airflow Co-ord Set,Women's Co-ord Set,CAVA athleisure,49839373648188,XXL,TP/BTM-Ron-Set5-Jetblack-XXL/S,2924.00,False,Sold Out,0,https://cavaathleisure.com/products/black-airflow-co-ord-set
https://cavaathleisure.com,9613806829884,Black Airflow Co-ord Set,Women's Co-ord Set,CAVA athleisure,49839381545276,XXL,TP/BTM-Ron-Set5-Jetblack-XXL/M,2924.00,False,Sold Out,0,https://cavaathleisure.com/products/black-airflow-co-ord-set
https://cavaathleisure.com,9613806829884,Black Airflow Co-ord Set,Women's Co-ord Set,CAVA athleisure,49839381578044,XXL,TP/BTM-Ron-Set5-Jetblack-XXL/L,2924.00,False,Sold Out,0,https://cavaathleisure.com/products/black-airflow-co-ord-set
https://cavaathleisure.com,9613806829884,Black Airflow Co-ord Set,Women's Co-ord Set,CAVA athleisure,49839381610812,XXL,TP/BTM-Ron-Set5-Jetblack-XXL/XL,2924.00,False,Sold Out,0,https://cavaathleisure.com/products/black-airflow-co-ord-set
https://cavaathleisure.com,9613806829884,Black Airflow Co-ord Set,Women's Co-ord Set,CAVA athleisure,49839381643580,XXL,TP/BTM-Ron-Set5-Jetblack-XXL/XXL,2924.00,False,Sold Out,0,https://cavaathleisure.com/products/black-airflow-co-ord-set
https://cavaathleisure.com,9612839223612,Grape Retro Flare Pants,Flare Pants,CAVA athleisure,49836500255036,XS/S,BTM-RON-set6-009-RON-Wine-Burgundy-XS/S,1140.00,True,Available,1,https://cavaathleisure.com/products/grape-retro-flare-pants
https://cavaathleisure.com,9612839223612,Grape Retro Flare Pants,Flare Pants,CAVA athleisure,49836500287804,M,BTM-RON-set6-009-RON-Wine-Burgundy-M,1140.00,True,Available,1,https://cavaathleisure.com/products/grape-retro-flare-pants
https://cavaathleisure.com,9612839223612,Grape Retro Flare Pants,Flare Pants,CAVA athleisure,49836500320572,L,BTM-RON-set6-009-RON-Wine-Burgundy-L,1140.00,False,Sold Out,0,https://cavaathleisure.com/products/grape-retro-flare-pants
https://cavaathleisure.com,9612839223612,Grape Retro Flare Pants,Flare Pants,CAVA athleisure,49836500353340,XL,BTM-RON-set6-009-RON-Wine-Burgundy-XL,1140.00,True,Available,1,https://cavaathleisure.com/products/grape-retro-flare-pants
https://cavaathleisure.com,9612839223612,Grape Retro Flare Pants,Flare Pants,CAVA athleisure,49836500386108,XXL,BTM-RON-set6-009-RON-Wine-Burgundy-XXL,1140.00,False,Sold Out,0,https://cavaathleisure.com/products/grape-retro-flare-pants
https://cavaathleisure.com,9397854896444,Olive Sway Pants,Flare Pants,CAVA athleisure,49323310580028,XS/S,BTM-RON-set7-021-GEO-Forest-XS/S,990.00,True,Available,1,https://cavaathleisure.com/products/olive-sway-pants
https://cavaathleisure.com,9397854896444,Olive Sway Pants,Flare Pants,CAVA athleisure,49323310612796,M,BTM-RON-set7-021-GEO-Forest-M,990.00,False,Sold Out,0,https://cavaathleisure.com/products/olive-sway-pants
https://cavaathleisure.com,9397854896444,Olive Sway Pants,Flare Pants,CAVA athleisure,49323310645564,L,BTM-RON-set7-021-GEO-Forest-L,990.00,False,Sold Out,0,https://cavaathleisure.com/products/olive-sway-pants
https://cavaathleisure.com,9397854896444,Olive Sway Pants,Flare Pants,CAVA athleisure,49323310678332,XL,BTM-RON-set7-021-GEO-Forest-XL,990.00,False,Sold Out,0,https://cavaathleisure.com/products/olive-sway-pants
https://cavaathleisure.com,9397854896444,Olive Sway Pants,Flare Pants,CAVA athleisure,49323310711100,XXL,BTM-RON-set7-021-GEO-Forest-XXL,990.00,False,Sold Out,0,https://cavaathleisure.com/products/olive-sway-pants
https://cavaathleisure.com,9392068297020,Black Aerial Crop Tank,Women's Tanks,CAVA athleisure,51549083500860,XS,TP-RON-set12-WX1496-Black-XS,750.00,False,Sold Out,0,https://cavaathleisure.com/products/black-aerial-crop-tank
https://cavaathleisure.com,9392068297020,Black Aerial Crop Tank,Women's Tanks,CAVA athleisure,51549083533628,S,TP-RON-set12-WX1496-Black-S,750.00,False,Sold Out,0,https://cavaathleisure.com/products/black-aerial-crop-tank
https://cavaathleisure.com,9392068297020,Black Aerial Crop Tank,Women's Tanks,CAVA athleisure,49306703135036,M,TP-RON-set12-WX1496-Black-M,750.00,False,Sold Out,0,https://cavaathleisure.com/products/black-aerial-crop-tank
https://cavaathleisure.com,9392068297020,Black Aerial Crop Tank,Women's Tanks,CAVA athleisure,49306703167804,L,TP-RON-set12-WX1496-Black-L,750.00,False,Sold Out,0,https://cavaathleisure.com/products/black-aerial-crop-tank
https://cavaathleisure.com,9392068297020,Black Aerial Crop Tank,Women's Tanks,CAVA athleisure,49306703200572,XL,TP-RON-set12-WX1496-Black-XL,750.00,True,Available,1,https://cavaathleisure.com/products/black-aerial-crop-tank
https://cavaathleisure.com,9392068297020,Black Aerial Crop Tank,Women's Tanks,CAVA athleisure,49306703233340,XXL,TP-RON-set12-WX1496-Black-XXL,750.00,True,Available,1,https://cavaathleisure.com/products/black-aerial-crop-tank
https://cavaathleisure.com,9392079962428,Black Aerial Leggings,Leggings,CAVA athleisure,50956038242620,XS,BTM-RON-set12-CK1429-Black-XS,999.00,True,Available,1,https://cavaathleisure.com/products/black-aerial-leggings
https://cavaathleisure.com,9392079962428,Black Aerial Leggings,Leggings,CAVA athleisure,50956038275388,S,BTM-RON-set12-CK1429-Black-S,999.00,True,Available,1,https://cavaathleisure.com/products/black-aerial-leggings
https://cavaathleisure.com,9392079962428,Black Aerial Leggings,Leggings,CAVA athleisure,49306718339388,M,BTM-RON-set12-CK1429-Black-M,999.00,False,Sold Out,0,https://cavaathleisure.com/products/black-aerial-leggings
https://cavaathleisure.com,9392079962428,Black Aerial Leggings,Leggings,CAVA athleisure,49306718372156,L,BTM-RON-set12-CK1429-Black-L,999.00,False,Sold Out,0,https://cavaathleisure.com/products/black-aerial-leggings
https://cavaathleisure.com,9392079962428,Black Aerial Leggings,Leggings,CAVA athleisure,49306718404924,XL,BTM-RON-set12-CK1429-Black-XL,999.00,False,Sold Out,0,https://cavaathleisure.com/products/black-aerial-leggings
https://cavaathleisure.com,9392079962428,Black Aerial Leggings,Leggings,CAVA athleisure,49306718437692,XXL,BTM-RON-set12-CK1429-Black-XXL,999.00,False,Sold Out,0,https://cavaathleisure.com/products/black-aerial-leggings
https://cavaathleisure.com,9397678080316,Brunette Super Stretch Brami,Sports Bras,CAVA athleisure,50319780249916,XS,TP-RON-set3-006-RON-Sorrel-Horse-XS,1199.00,False,Sold Out,0,https://cavaathleisure.com/products/brunette-super-stretch-brami
https://cavaathleisure.com,9397678080316,Brunette Super Stretch Brami,Sports Bras,CAVA athleisure,49322571399484,S,TP-RON-set3-006-RON-Sorrel-Horse-S,1199.00,False,Sold Out,0,https://cavaathleisure.com/products/brunette-super-stretch-brami
https://cavaathleisure.com,9397678080316,Brunette Super Stretch Brami,Sports Bras,CAVA athleisure,49322571432252,M,TP-RON-set3-006-RON-Sorrel-Horse-M,1199.00,False,Sold Out,0,https://cavaathleisure.com/products/brunette-super-stretch-brami
https://cavaathleisure.com,9397678080316,Brunette Super Stretch Brami,Sports Bras,CAVA athleisure,49322571465020,L,TP-RON-set3-006-RON-Sorrel-Horse-L,1199.00,False,Sold Out,0,https://cavaathleisure.com/products/brunette-super-stretch-brami
https://cavaathleisure.com,9397678080316,Brunette Super Stretch Brami,Sports Bras,CAVA athleisure,49322571497788,XL,TP-RON-set3-006-RON-Sorrel-Horse-XL,1199.00,True,Available,1,https://cavaathleisure.com/products/brunette-super-stretch-brami
https://cavaathleisure.com,9397678080316,Brunette Super Stretch Brami,Sports Bras,CAVA athleisure,49322571530556,XXL,TP-RON-set3-006-RON-Sorrel-Horse-XXL,1199.00,False,Sold Out,0,https://cavaathleisure.com/products/brunette-super-stretch-brami
https://cavaathleisure.com,9392083894588,White Cross Back Sports Bra,Sports Bras,CAVA athleisure,50018269528380,XS,TP-RON-set1-019-MNO-Coconut-Milk-XS,1199.00,True,Available,1,https://cavaathleisure.com/products/white-cross-back-sports-bra
https://cavaathleisure.com,9392083894588,White Cross Back Sports Bra,Sports Bras,CAVA athleisure,49306730332476,S,TP-RON-set1-019-MNO-Coconut-Milk-S,1199.00,True,Available,1,https://cavaathleisure.com/products/white-cross-back-sports-bra
https://cavaathleisure.com,9392083894588,White Cross Back Sports Bra,Sports Bras,CAVA athleisure,49306730365244,M,TP-RON-set1-019-MNO-Coconut-Milk-M,1199.00,True,Available,1,https://cavaathleisure.com/products/white-cross-back-sports-bra
https://cavaathleisure.com,9392083894588,White Cross Back Sports Bra,Sports Bras,CAVA athleisure,49306730398012,L,TP-RON-set1-019-MNO-Coconut-Milk-L,1199.00,True,Available,1,https://cavaathleisure.com/products/white-cross-back-sports-bra
https://cavaathleisure.com,9392083894588,White Cross Back Sports Bra,Sports Bras,CAVA athleisure,49306730430780,XL,TP-RON-set1-019-MNO-Coconut-Milk-XL,1199.00,True,Available,1,https://cavaathleisure.com/products/white-cross-back-sports-bra
https://cavaathleisure.com,9392083894588,White Cross Back Sports Bra,Sports Bras,CAVA athleisure,49306730463548,XXL,TP-RON-set1-019-MNO-Coconut-Milk-XXL,1199.00,True,Available,1,https://cavaathleisure.com/products/white-cross-back-sports-bra
https://cavaathleisure.com,9392091267388,Black Cross Back Sports Bra,Sports Bras,CAVA athleisure,49306744095036,XS,TP-RON-set1-019-MNO-Jet-Black-XS,1199.00,True,Available,1,https://cavaathleisure.com/products/black-cross-back-sports-bra
https://cavaathleisure.com,9392091267388,Black Cross Back Sports Bra,Sports Bras,CAVA athleisure,50496669417788,S,TP-RON-set1-019-MNO-Jet-Black-S,1199.00,True,Available,1,https://cavaathleisure.com/products/black-cross-back-sports-bra
https://cavaathleisure.com,9392091267388,Black Cross Back Sports Bra,Sports Bras,CAVA athleisure,49306744127804,M,TP-RON-set1-019-MNO-Jet-Black-M,1199.00,True,Available,1,https://cavaathleisure.com/products/black-cross-back-sports-bra
https://cavaathleisure.com,9392091267388,Black Cross Back Sports Bra,Sports Bras,CAVA athleisure,49306744160572,L,TP-RON-set1-019-MNO-Jet-Black-L,1199.00,True,Available,1,https://cavaathleisure.com/products/black-cross-back-sports-bra
https://cavaathleisure.com,9392091267388,Black Cross Back Sports Bra,Sports Bras,CAVA athleisure,49306744193340,XL,TP-RON-set1-019-MNO-Jet-Black-XL,1199.00,True,Available,1,https://cavaathleisure.com/products/black-cross-back-sports-bra
https://cavaathleisure.com,9392091267388,Black Cross Back Sports Bra,Sports Bras,CAVA athleisure,49306744226108,XXL,TP-RON-set1-019-MNO-Jet-Black-XXL,1199.00,True,Available,1,https://cavaathleisure.com/products/black-cross-back-sports-bra
https://cavaathleisure.com,9397667266876,Black Super Stretch Brami,Sports Bras,CAVA athleisure,50319777595708,XS,TP-RON-set3-006-RON-Jet-Black-XS,1199.00,True,Available,1,https://cavaathleisure.com/products/black-super-stretch-brami
https://cavaathleisure.com,9397667266876,Black Super Stretch Brami,Sports Bras,CAVA athleisure,49322530931004,S,TP-RON-set3-006-RON-Jet-Black-S,1199.00,True,Available,1,https://cavaathleisure.com/products/black-super-stretch-brami
https://cavaathleisure.com,9397667266876,Black Super Stretch Brami,Sports Bras,CAVA athleisure,49322530963772,M,TP-RON-set3-006-RON-Jet-Black-M,1199.00,True,Available,1,https://cavaathleisure.com/products/black-super-stretch-brami
https://cavaathleisure.com,9397667266876,Black Super Stretch Brami,Sports Bras,CAVA athleisure,49322530996540,L,TP-RON-set3-006-RON-Jet-Black-L,1199.00,True,Available,1,https://cavaathleisure.com/products/black-super-stretch-brami
https://cavaathleisure.com,9397667266876,Black Super Stretch Brami,Sports Bras,CAVA athleisure,49322531029308,XL,TP-RON-set3-006-RON-Jet-Black-XL,1199.00,True,Available,1,https://cavaathleisure.com/products/black-super-stretch-brami
https://cavaathleisure.com,9397667266876,Black Super Stretch Brami,Sports Bras,CAVA athleisure,49322531062076,XXL,TP-RON-set3-006-RON-Jet-Black-XXL,1199.00,True,Available,1,https://cavaathleisure.com/products/black-super-stretch-brami
https://cavaathleisure.com,9397679456572,Ruby Super Stretch Brami,Sports Bras,CAVA athleisure,50319775367484,XS,TP-RON-set3-006-RON-Anemone-XS,1199.00,True,Available,1,https://cavaathleisure.com/products/ruby-super-stretch-brami
https://cavaathleisure.com,9397679456572,Ruby Super Stretch Brami,Sports Bras,CAVA athleisure,49322576871740,S,TP-RON-set3-006-RON-Anemone-S,1199.00,True,Available,1,https://cavaathleisure.com/products/ruby-super-stretch-brami
https://cavaathleisure.com,9397679456572,Ruby Super Stretch Brami,Sports Bras,CAVA athleisure,49322576904508,M,TP-RON-set3-006-RON-Anemone-M,1199.00,True,Available,1,https://cavaathleisure.com/products/ruby-super-stretch-brami
https://cavaathleisure.com,9397679456572,Ruby Super Stretch Brami,Sports Bras,CAVA athleisure,49322576937276,L,TP-RON-set3-006-RON-Anemone-L,1199.00,True,Available,1,https://cavaathleisure.com/products/ruby-super-stretch-brami
https://cavaathleisure.com,9397679456572,Ruby Super Stretch Brami,Sports Bras,CAVA athleisure,49322576970044,XL,TP-RON-set3-006-RON-Anemone-XL,1199.00,True,Available,1,https://cavaathleisure.com/products/ruby-super-stretch-brami
https://cavaathleisure.com,9397679456572,Ruby Super Stretch Brami,Sports Bras,CAVA athleisure,49322577002812,XXL,TP-RON-set3-006-RON-Anemone-XXL,1199.00,True,Available,1,https://cavaathleisure.com/products/ruby-super-stretch-brami
https://cavaathleisure.com,9397700133180,Black Sky-Rise Leggings,Leggings,CAVA athleisure,51575276208444,XS,BTM-RON-set3-RON-Jet-Black-XS,1299.00,True,Available,1,https://cavaathleisure.com/products/black-sky-rise-leggings
https://cavaathleisure.com,9397700133180,Black Sky-Rise Leggings,Leggings,CAVA athleisure,51575276241212,S,BTM-RON-set3-RON-Jet-Black-S,1299.00,True,Available,1,https://cavaathleisure.com/products/black-sky-rise-leggings
https://cavaathleisure.com,9397700133180,Black Sky-Rise Leggings,Leggings,CAVA athleisure,49322659873084,M,BTM-RON-set3-RON-Jet-Black-M,1299.00,True,Available,1,https://cavaathleisure.com/products/black-sky-rise-leggings
https://cavaathleisure.com,9397700133180,Black Sky-Rise Leggings,Leggings,CAVA athleisure,49322659905852,L,BTM-RON-set3-RON-Jet-Black-L,1299.00,True,Available,1,https://cavaathleisure.com/products/black-sky-rise-leggings
https://cavaathleisure.com,9397700133180,Black Sky-Rise Leggings,Leggings,CAVA athleisure,49322659938620,XL,BTM-RON-set3-RON-Jet-Black-XL,1299.00,True,Available,1,https://cavaathleisure.com/products/black-sky-rise-leggings
https://cavaathleisure.com,9397700133180,Black Sky-Rise Leggings,Leggings,CAVA athleisure,49322659971388,XXL,BTM-RON-set3-RON-Jet-Black-XXL,1299.00,True,Available,1,https://cavaathleisure.com/products/black-sky-rise-leggings
https://cavaathleisure.com,9397816787260,Brunette Sky-Rise Leggings,Leggings,CAVA athleisure,51500385763644,XS,BTM-RON-set3-RON-Sorrel-Horse-XS,1299.00,False,Sold Out,0,https://cavaathleisure.com/products/brunette-sky-rise-leggings
https://cavaathleisure.com,9397816787260,Brunette Sky-Rise Leggings,Leggings,CAVA athleisure,51500385796412,S,BTM-RON-set3-RON-Sorrel-Horse-S,1299.00,True,Available,1,https://cavaathleisure.com/products/brunette-sky-rise-leggings
https://cavaathleisure.com,9397816787260,Brunette Sky-Rise Leggings,Leggings,CAVA athleisure,49323173347644,M,BTM-RON-set3-RON-Sorrel-Horse-M,1299.00,True,Available,1,https://cavaathleisure.com/products/brunette-sky-rise-leggings
https://cavaathleisure.com,9397816787260,Brunette Sky-Rise Leggings,Leggings,CAVA athleisure,49323173380412,L,BTM-RON-set3-RON-Sorrel-Horse-L,1299.00,False,Sold Out,0,https://cavaathleisure.com/products/brunette-sky-rise-leggings
https://cavaathleisure.com,9397816787260,Brunette Sky-Rise Leggings,Leggings,CAVA athleisure,49323173413180,XL,BTM-RON-set3-RON-Sorrel-Horse-XL,1299.00,False,Sold Out,0,https://cavaathleisure.com/products/brunette-sky-rise-leggings
https://cavaathleisure.com,9397816787260,Brunette Sky-Rise Leggings,Leggings,CAVA athleisure,49323173445948,XXL,BTM-RON-set3-RON-Sorrel-Horse-XXL,1299.00,False,Sold Out,0,https://cavaathleisure.com/products/brunette-sky-rise-leggings
https://cavaathleisure.com,9397862531388,Amethyst Sway Pants,Flare Pants,CAVA athleisure,49323337974076,XS/S,BTM-RON-set7-021-GEO-Light-Purple-XS/S,900.00,True,Available,1,https://cavaathleisure.com/products/amethyst-sway-pants
https://cavaathleisure.com,9397862531388,Amethyst Sway Pants,Flare Pants,CAVA athleisure,49323338039612,M,BTM-RON-set7-021-GEO-Light-Purple-M,900.00,True,Available,1,https://cavaathleisure.com/products/amethyst-sway-pants
https://cavaathleisure.com,9397862531388,Amethyst Sway Pants,Flare Pants,CAVA athleisure,49323338072380,L,BTM-RON-set7-021-GEO-Light-Purple-L,900.00,False,Sold Out,0,https://cavaathleisure.com/products/amethyst-sway-pants
https://cavaathleisure.com,9397862531388,Amethyst Sway Pants,Flare Pants,CAVA athleisure,49323338137916,XL,BTM-RON-set7-021-GEO-Light-Purple-XL,900.00,False,Sold Out,0,https://cavaathleisure.com/products/amethyst-sway-pants
https://cavaathleisure.com,9397862531388,Amethyst Sway Pants,Flare Pants,CAVA athleisure,49323338203452,XXL,BTM-RON-set7-021-GEO-Light-Purple-XXL,900.00,False,Sold Out,0,https://cavaathleisure.com/products/amethyst-sway-pants
https://cavaathleisure.com,9397820621116,Ruby Sky-Rise Leggings,Leggings,CAVA athleisure,50492370288956,XS,BTM-RON-set3-RON-Anemone-XS,1299.00,True,Available,1,https://cavaathleisure.com/products/ruby-sky-rise-leggings
https://cavaathleisure.com,9397820621116,Ruby Sky-Rise Leggings,Leggings,CAVA athleisure,50496593199420,S,BTM-RON-set3-RON-Anemone-S,1299.00,True,Available,1,https://cavaathleisure.com/products/ruby-sky-rise-leggings
https://cavaathleisure.com,9397820621116,Ruby Sky-Rise Leggings,Leggings,CAVA athleisure,49323187732796,M,BTM-RON-set3-RON-Anemone-M,1299.00,True,Available,1,https://cavaathleisure.com/products/ruby-sky-rise-leggings
https://cavaathleisure.com,9397820621116,Ruby Sky-Rise Leggings,Leggings,CAVA athleisure,49323187765564,L,BTM-RON-set3-RON-Anemone-L,1299.00,True,Available,1,https://cavaathleisure.com/products/ruby-sky-rise-leggings
https://cavaathleisure.com,9397820621116,Ruby Sky-Rise Leggings,Leggings,CAVA athleisure,49323187798332,XL,BTM-RON-set3-RON-Anemone-XL,1299.00,True,Available,1,https://cavaathleisure.com/products/ruby-sky-rise-leggings
https://cavaathleisure.com,9397820621116,Ruby Sky-Rise Leggings,Leggings,CAVA athleisure,49323187831100,XXL,BTM-RON-set3-RON-Anemone-XXL,1299.00,True,Available,1,https://cavaathleisure.com/products/ruby-sky-rise-leggings
https://cavaathleisure.com,9399933305148,Toasted Racerback tank,Women's Tanks,CAVA athleisure,50956155322684,XS,TP-RON-set5-032-YSH-Hot-fudge-XS,1199.00,False,Sold Out,0,https://cavaathleisure.com/products/toasted-racerback-tank
https://cavaathleisure.com,9399933305148,Toasted Racerback tank,Women's Tanks,CAVA athleisure,50956155355452,S,TP-RON-set5-032-YSH-Hot-fudge-S,1199.00,False,Sold Out,0,https://cavaathleisure.com/products/toasted-racerback-tank
https://cavaathleisure.com,9399933305148,Toasted Racerback tank,Women's Tanks,CAVA athleisure,49330004066620,M,TP-RON-set5-032-YSH-Hot-fudge-M,1199.00,False,Sold Out,0,https://cavaathleisure.com/products/toasted-racerback-tank
https://cavaathleisure.com,9399933305148,Toasted Racerback tank,Women's Tanks,CAVA athleisure,49330004099388,L,TP-RON-set5-032-YSH-Hot-fudge-L,1199.00,False,Sold Out,0,https://cavaathleisure.com/products/toasted-racerback-tank
https://cavaathleisure.com,9399933305148,Toasted Racerback tank,Women's Tanks,CAVA athleisure,49330004132156,XL,TP-RON-set5-032-YSH-Hot-fudge-XL,1199.00,False,Sold Out,0,https://cavaathleisure.com/products/toasted-racerback-tank
https://cavaathleisure.com,9399933305148,Toasted Racerback tank,Women's Tanks,CAVA athleisure,49330004164924,XXL,TP-RON-set5-032-YSH-Hot-fudge-XXL,1199.00,False,Sold Out,0,https://cavaathleisure.com/products/toasted-racerback-tank
https://cavaathleisure.com,9065335226684,Black urban joggers,Women's Joggers,CAVA athleisure,48323580559676,XS,BTM-tulsi-AWLC14-Jet-black-XS,805.00,False,Sold Out,0,https://cavaathleisure.com/products/urban-joggers
https://cavaathleisure.com,9065335226684,Black urban joggers,Women's Joggers,CAVA athleisure,48323580592444,S,BTM-tulsi-AWLC14-Jet-black-S,805.00,False,Sold Out,0,https://cavaathleisure.com/products/urban-joggers
https://cavaathleisure.com,9065335226684,Black urban joggers,Women's Joggers,CAVA athleisure,48323580625212,M,BTM-tulsi-AWLC14-Jet-black-M,805.00,False,Sold Out,0,https://cavaathleisure.com/products/urban-joggers
https://cavaathleisure.com,9065335226684,Black urban joggers,Women's Joggers,CAVA athleisure,48323580657980,L,BTM-tulsi-AWLC14-Jet-black-L,805.00,False,Sold Out,0,https://cavaathleisure.com/products/urban-joggers
https://cavaathleisure.com,9065335226684,Black urban joggers,Women's Joggers,CAVA athleisure,48323580690748,XL,BTM-tulsi-AWLC14-Jet-black-XL,805.00,False,Sold Out,0,https://cavaathleisure.com/products/urban-joggers
https://cavaathleisure.com,9065335226684,Black urban joggers,Women's Joggers,CAVA athleisure,48323580723516,XXL,BTM-tulsi-AWLC14-Jet-black-XXL,805.00,False,Sold Out,0,https://cavaathleisure.com/products/urban-joggers
https://cavaathleisure.com,9399925801276,Black Racerback Tank,Women's Tanks,CAVA athleisure,50956244123964,XS,TP-RON-set5-032-YSH-Jet-Black-XS,1199.00,False,Sold Out,0,https://cavaathleisure.com/products/black-racerback-tank
https://cavaathleisure.com,9399925801276,Black Racerback Tank,Women's Tanks,CAVA athleisure,50956244156732,S,TP-RON-set5-032-YSH-Jet-Black-S,1199.00,False,Sold Out,0,https://cavaathleisure.com/products/black-racerback-tank
https://cavaathleisure.com,9399925801276,Black Racerback Tank,Women's Tanks,CAVA athleisure,49329983914300,M,TP-RON-set5-032-YSH-Jet-Black-M,1199.00,False,Sold Out,0,https://cavaathleisure.com/products/black-racerback-tank
https://cavaathleisure.com,9399925801276,Black Racerback Tank,Women's Tanks,CAVA athleisure,49329983947068,L,TP-RON-set5-032-YSH-Jet-Black-L,1199.00,True,Available,1,https://cavaathleisure.com/products/black-racerback-tank
https://cavaathleisure.com,9399925801276,Black Racerback Tank,Women's Tanks,CAVA athleisure,49329983979836,XL,TP-RON-set5-032-YSH-Jet-Black-XL,1199.00,False,Sold Out,0,https://cavaathleisure.com/products/black-racerback-tank
https://cavaathleisure.com,9399925801276,Black Racerback Tank,Women's Tanks,CAVA athleisure,49329984012604,XXL,TP-RON-set5-032-YSH-Jet-Black-XXL,1199.00,True,Available,1,https://cavaathleisure.com/products/black-racerback-tank
https://cavaathleisure.com,9065132523836,Sage Pulse Biker Shorts,Women's Shorts,CAVA athleisure,51782644433212,XS,WSH9SETlGRXS,676.00,False,Sold Out,0,https://cavaathleisure.com/products/sage-pulse-biker-shorts
https://cavaathleisure.com,9065132523836,Sage Pulse Biker Shorts,Women's Shorts,CAVA athleisure,51782644465980,S,WSH9SETlGRS,676.00,False,Sold Out,0,https://cavaathleisure.com/products/sage-pulse-biker-shorts
https://cavaathleisure.com,9065132523836,Sage Pulse Biker Shorts,Women's Shorts,CAVA athleisure,48323033104700,M,BTM-Reely-set1-shorts-Sadona-sage-M,676.00,False,Sold Out,0,https://cavaathleisure.com/products/sage-pulse-biker-shorts
https://cavaathleisure.com,9065132523836,Sage Pulse Biker Shorts,Women's Shorts,CAVA athleisure,48323033170236,L,BTM-Reely-set1-shorts-Sadona-sage-L,676.00,False,Sold Out,0,https://cavaathleisure.com/products/sage-pulse-biker-shorts
https://cavaathleisure.com,9065132523836,Sage Pulse Biker Shorts,Women's Shorts,CAVA athleisure,48323033235772,XL,BTM-Reely-set1-shorts-Sadona-sage-XL,676.00,False,Sold Out,0,https://cavaathleisure.com/products/sage-pulse-biker-shorts
https://cavaathleisure.com,9065132523836,Sage Pulse Biker Shorts,Women's Shorts,CAVA athleisure,48323033301308,XXL,BTM-Reely-set1-shorts-Sadona-sage-XXL,676.00,False,Sold Out,0,https://cavaathleisure.com/products/sage-pulse-biker-shorts
https://cavaathleisure.com,9399946084668,Blush Airflow Leggings,Leggings,CAVA athleisure,49330053742908,XS/S,BTM-RON-set5-010-YSH-Sepia-Rose-XS/S,875.00,True,Available,1,https://cavaathleisure.com/products/blush-airflow-leggings
https://cavaathleisure.com,9399946084668,Blush Airflow Leggings,Leggings,CAVA athleisure,49330053775676,M,BTM-RON-set5-010-YSH-Sepia-Rose-M,875.00,True,Available,1,https://cavaathleisure.com/products/blush-airflow-leggings
https://cavaathleisure.com,9399946084668,Blush Airflow Leggings,Leggings,CAVA athleisure,49330053808444,L,BTM-RON-set5-010-YSH-Sepia-Rose-L,875.00,True,Available,1,https://cavaathleisure.com/products/blush-airflow-leggings
https://cavaathleisure.com,9399946084668,Blush Airflow Leggings,Leggings,CAVA athleisure,49330053841212,XL,BTM-RON-set5-010-YSH-Sepia-Rose-XL,875.00,False,Sold Out,0,https://cavaathleisure.com/products/blush-airflow-leggings
https://cavaathleisure.com,9399946084668,Blush Airflow Leggings,Leggings,CAVA athleisure,49330053873980,XXL,BTM-RON-set5-010-YSH-Sepia-Rose-XXL,875.00,False,Sold Out,0,https://cavaathleisure.com/products/blush-airflow-leggings
https://cavaathleisure.com,9399934878012,Ruby Racerback Tank,Women's Tanks,CAVA athleisure,50956045517116,XS,TP-RON-set5-032-YSH-Anemone-XS,1199.00,True,Available,1,https://cavaathleisure.com/products/ruby-racerback-tank
https://cavaathleisure.com,9399934878012,Ruby Racerback Tank,Women's Tanks,CAVA athleisure,50956045549884,S,TP-RON-set5-032-YSH-Anemone-S,1199.00,True,Available,1,https://cavaathleisure.com/products/ruby-racerback-tank
https://cavaathleisure.com,9399934878012,Ruby Racerback Tank,Women's Tanks,CAVA athleisure,49330012422460,M,TP-RON-set5-032-YSH-Anemone-M,1199.00,True,Available,1,https://cavaathleisure.com/products/ruby-racerback-tank
https://cavaathleisure.com,9399934878012,Ruby Racerback Tank,Women's Tanks,CAVA athleisure,49330012455228,L,TP-RON-set5-032-YSH-Anemone-L,1199.00,True,Available,1,https://cavaathleisure.com/products/ruby-racerback-tank
https://cavaathleisure.com,9399934878012,Ruby Racerback Tank,Women's Tanks,CAVA athleisure,49330012487996,XL,TP-RON-set5-032-YSH-Anemone-XL,1199.00,True,Available,1,https://cavaathleisure.com/products/ruby-racerback-tank
https://cavaathleisure.com,9399934878012,Ruby Racerback Tank,Women's Tanks,CAVA athleisure,49330012520764,XXL,TP-RON-set5-032-YSH-Anemone-XXL,1199.00,True,Available,1,https://cavaathleisure.com/products/ruby-racerback-tank
https://cavaathleisure.com,9063284801852,Black Tank Us Later Top,Women's Tanks,CAVA athleisure,49794701361468,XS,TP-GEO-set3-008-YSH-Black-02-XS,1299.00,False,Sold Out,0,https://cavaathleisure.com/products/black-tank-us-later-top
https://cavaathleisure.com,9063284801852,Black Tank Us Later Top,Women's Tanks,CAVA athleisure,49794734883132,S,TP-GEO-set3-008-YSH-Black-02-S,1299.00,False,Sold Out,0,https://cavaathleisure.com/products/black-tank-us-later-top
https://cavaathleisure.com,9063284801852,Black Tank Us Later Top,Women's Tanks,CAVA athleisure,48318643536188,M,TP-GEO-set3-008-YSH-Black-02-M,1299.00,False,Sold Out,0,https://cavaathleisure.com/products/black-tank-us-later-top
https://cavaathleisure.com,9063284801852,Black Tank Us Later Top,Women's Tanks,CAVA athleisure,48318643568956,L,TP-GEO-set3-008-YSH-Black-02-L,1299.00,False,Sold Out,0,https://cavaathleisure.com/products/black-tank-us-later-top
https://cavaathleisure.com,9063284801852,Black Tank Us Later Top,Women's Tanks,CAVA athleisure,48318643601724,XL,TP-GEO-set3-008-YSH-Black-02-XL,1299.00,True,Available,1,https://cavaathleisure.com/products/black-tank-us-later-top
https://cavaathleisure.com,9063284801852,Black Tank Us Later Top,Women's Tanks,CAVA athleisure,48318643634492,XXL,TP-GEO-set3-008-YSH-Black-02-XXL,1299.00,False,Sold Out,0,https://cavaathleisure.com/products/black-tank-us-later-top
https://cavaathleisure.com,9064953545020,Black Sculptor Jacket,Women Topwear,CAVA athleisure,50018267070780,XS,TP-Reely-set5-jkt-Jet-Black-XS,1799.00,True,Available,1,https://cavaathleisure.com/products/black-sculptor-jacket
https://cavaathleisure.com,9064953545020,Black Sculptor Jacket,Women Topwear,CAVA athleisure,48322690646332,S,TP-Reely-set5-jkt-Jet-Black-S,1799.00,True,Available,1,https://cavaathleisure.com/products/black-sculptor-jacket
https://cavaathleisure.com,9064953545020,Black Sculptor Jacket,Women Topwear,CAVA athleisure,48322690679100,M,TP-Reely-set5-jkt-Jet-Black-M,1799.00,True,Available,1,https://cavaathleisure.com/products/black-sculptor-jacket
https://cavaathleisure.com,9064953545020,Black Sculptor Jacket,Women Topwear,CAVA athleisure,48322690711868,L,TP-Reely-set5-jkt-Jet-Black-L,1799.00,True,Available,1,https://cavaathleisure.com/products/black-sculptor-jacket
https://cavaathleisure.com,9064953545020,Black Sculptor Jacket,Women Topwear,CAVA athleisure,48322690744636,XL,TP-Reely-set5-jkt-Jet-Black-XL,1799.00,True,Available,1,https://cavaathleisure.com/products/black-sculptor-jacket
https://cavaathleisure.com,9064953545020,Black Sculptor Jacket,Women Topwear,CAVA athleisure,48322690777404,XXL,TP-Reely-set5-jkt-Jet-Black-XXL,1799.00,False,Sold Out,0,https://cavaathleisure.com/products/black-sculptor-jacket
https://cavaathleisure.com,9064968651068,Ivory Sculptor Jacket,Women's Jackets,CAVA athleisure,50018268053820,XS,TP-Reely-set5-jkt-Blanc-de-Blanc-XS,1799.00,True,Available,1,https://cavaathleisure.com/products/ivory-sculptor-jacket
https://cavaathleisure.com,9064968651068,Ivory Sculptor Jacket,Women's Jackets,CAVA athleisure,48322721120572,S,TP-Reely-set5-jkt-Blanc-de-Blanc-S,1799.00,True,Available,1,https://cavaathleisure.com/products/ivory-sculptor-jacket
https://cavaathleisure.com,9064968651068,Ivory Sculptor Jacket,Women's Jackets,CAVA athleisure,48322721153340,M,TP-Reely-set5-jkt-Blanc-de-Blanc-M,1799.00,True,Available,1,https://cavaathleisure.com/products/ivory-sculptor-jacket
https://cavaathleisure.com,9064968651068,Ivory Sculptor Jacket,Women's Jackets,CAVA athleisure,48322721186108,L,TP-Reely-set5-jkt-Blanc-de-Blanc-L,1799.00,True,Available,1,https://cavaathleisure.com/products/ivory-sculptor-jacket
https://cavaathleisure.com,9064968651068,Ivory Sculptor Jacket,Women's Jackets,CAVA athleisure,48322721218876,XL,TP-Reely-set5-jkt-Blanc-de-Blanc-XL,1799.00,True,Available,1,https://cavaathleisure.com/products/ivory-sculptor-jacket
https://cavaathleisure.com,9064968651068,Ivory Sculptor Jacket,Women's Jackets,CAVA athleisure,48322721251644,XXL,TP-Reely-set5-jkt-Blanc-de-Blanc-XXL,1799.00,True,Available,1,https://cavaathleisure.com/products/ivory-sculptor-jacket
https://cavaathleisure.com,9063295680828,Mauve Tank Us Later Top,Women's Tanks,CAVA athleisure,49794690351420,XS,TP-GEO-set3-008-YSH-Dull-purple-18-XS,1299.00,True,Available,1,https://cavaathleisure.com/products/mauve-tank-us-later-top
https://cavaathleisure.com,9063295680828,Mauve Tank Us Later Top,Women's Tanks,CAVA athleisure,48318682399036,XS/S,TP-GEO-set3-008-YSH-Dull-purple-18-XS/S,1299.00,False,Sold Out,0,https://cavaathleisure.com/products/mauve-tank-us-later-top
https://cavaathleisure.com,9063295680828,Mauve Tank Us Later Top,Women's Tanks,CAVA athleisure,49794745598268,S,TP-GEO-set3-008-YSH-Dull-purple-18-S,1299.00,True,Available,1,https://cavaathleisure.com/products/mauve-tank-us-later-top
https://cavaathleisure.com,9063295680828,Mauve Tank Us Later Top,Women's Tanks,CAVA athleisure,48318682431804,M,TP-GEO-set3-008-YSH-Dull-purple-18-M,1299.00,True,Available,1,https://cavaathleisure.com/products/mauve-tank-us-later-top
https://cavaathleisure.com,9063295680828,Mauve Tank Us Later Top,Women's Tanks,CAVA athleisure,48318682464572,L,TP-GEO-set3-008-YSH-Dull-purple-18-L,1299.00,True,Available,1,https://cavaathleisure.com/products/mauve-tank-us-later-top
https://cavaathleisure.com,9063295680828,Mauve Tank Us Later Top,Women's Tanks,CAVA athleisure,48318682497340,XL,TP-GEO-set3-008-YSH-Dull-purple-18-XL,1299.00,True,Available,1,https://cavaathleisure.com/products/mauve-tank-us-later-top
https://cavaathleisure.com,9063295680828,Mauve Tank Us Later Top,Women's Tanks,CAVA athleisure,48318682530108,XXL,TP-GEO-set3-008-YSH-Dull-purple-18-XXL,1299.00,True,Available,1,https://cavaathleisure.com/products/mauve-tank-us-later-top
https://cavaathleisure.com,9000994865468,Obsidian Black Silhouette Zip Top,Women's Tops,CAVA athleisure,48138823631164,XS,TP-CAVA-ACU03-Black-XS,850.00,False,Sold Out,0,https://cavaathleisure.com/products/obsidian-black-silhouette-zip-top
https://cavaathleisure.com,9000994865468,Obsidian Black Silhouette Zip Top,Women's Tops,CAVA athleisure,48138823663932,S,TP-CAVA-ACU03-Black-S,850.00,True,Available,1,https://cavaathleisure.com/products/obsidian-black-silhouette-zip-top
https://cavaathleisure.com,9000994865468,Obsidian Black Silhouette Zip Top,Women's Tops,CAVA athleisure,48138823696700,M,TP-CAVA-ACU03-Black-M,850.00,False,Sold Out,0,https://cavaathleisure.com/products/obsidian-black-silhouette-zip-top
https://cavaathleisure.com,9000994865468,Obsidian Black Silhouette Zip Top,Women's Tops,CAVA athleisure,48138823729468,L,TP-CAVA-ACU03-Black-L,850.00,False,Sold Out,0,https://cavaathleisure.com/products/obsidian-black-silhouette-zip-top
https://cavaathleisure.com,9000994865468,Obsidian Black Silhouette Zip Top,Women's Tops,CAVA athleisure,48138823762236,XL,TP-CAVA-ACU03-Black-XL,850.00,True,Available,1,https://cavaathleisure.com/products/obsidian-black-silhouette-zip-top
https://cavaathleisure.com,9000994865468,Obsidian Black Silhouette Zip Top,Women's Tops,CAVA athleisure,48138823795004,XXL,TP-CAVA-ACU03-Black-XXL,850.00,False,Sold Out,0,https://cavaathleisure.com/products/obsidian-black-silhouette-zip-top
https://cavaathleisure.com,8977213423932,Slate Blue Seamless Cinched Activewear Set,Women's Co-ord Set,CAVA athleisure,48085457699132,S,TP/BTM-UD-Light-blue-S/S,1949.00,True,Available,1,https://cavaathleisure.com/products/slate-blue-seamless-cinched-activewear-set
https://cavaathleisure.com,8977213423932,Slate Blue Seamless Cinched Activewear Set,Women's Co-ord Set,CAVA athleisure,48085457731900,S,TP/BTM-UD-Light-blue-S/M,1949.00,True,Available,1,https://cavaathleisure.com/products/slate-blue-seamless-cinched-activewear-set
https://cavaathleisure.com,8977213423932,Slate Blue Seamless Cinched Activewear Set,Women's Co-ord Set,CAVA athleisure,48085457764668,S,TP/BTM-UD-Light-blue-S/L,1949.00,True,Available,1,https://cavaathleisure.com/products/slate-blue-seamless-cinched-activewear-set
https://cavaathleisure.com,8977213423932,Slate Blue Seamless Cinched Activewear Set,Women's Co-ord Set,CAVA athleisure,48085457797436,M,TP/BTM-UD-Light-blue-M/S,1949.00,True,Available,1,https://cavaathleisure.com/products/slate-blue-seamless-cinched-activewear-set
https://cavaathleisure.com,8977213423932,Slate Blue Seamless Cinched Activewear Set,Women's Co-ord Set,CAVA athleisure,48085457830204,M,TP/BTM-UD-Light-blue-M/M,1949.00,True,Available,1,https://cavaathleisure.com/products/slate-blue-seamless-cinched-activewear-set
https://cavaathleisure.com,8977213423932,Slate Blue Seamless Cinched Activewear Set,Women's Co-ord Set,CAVA athleisure,48085457862972,M,TP/BTM-UD-Light-blue-M/L,1949.00,True,Available,1,https://cavaathleisure.com/products/slate-blue-seamless-cinched-activewear-set
https://cavaathleisure.com,8977213423932,Slate Blue Seamless Cinched Activewear Set,Women's Co-ord Set,CAVA athleisure,48085457895740,L,TP/BTM-UD-Light-blue-L/S,1949.00,True,Available,1,https://cavaathleisure.com/products/slate-blue-seamless-cinched-activewear-set
https://cavaathleisure.com,8977213423932,Slate Blue Seamless Cinched Activewear Set,Women's Co-ord Set,CAVA athleisure,48085457928508,L,TP/BTM-UD-Light-blue-L/M,1949.00,True,Available,1,https://cavaathleisure.com/products/slate-blue-seamless-cinched-activewear-set
https://cavaathleisure.com,8977213423932,Slate Blue Seamless Cinched Activewear Set,Women's Co-ord Set,CAVA athleisure,48085457961276,L,TP/BTM-UD-Light-blue-L/L,1949.00,True,Available,1,https://cavaathleisure.com/products/slate-blue-seamless-cinched-activewear-set
https://cavaathleisure.com,9063237452092,Black Swirl Tennis Skorts,Skorts and Skirts,CAVA athleisure,50274195603772,XS,BTM-Reely-set4-skirt-Jet-Black-XS,1399.00,True,Available,1,https://cavaathleisure.com/products/black-swirl-tennis-skorts
https://cavaathleisure.com,9063237452092,Black Swirl Tennis Skorts,Skorts and Skirts,CAVA athleisure,53939478528316,XS,WSKSET4L45BKXS,1399.00,True,Available,1,https://cavaathleisure.com/products/black-swirl-tennis-skorts
https://cavaathleisure.com,9063237452092,Black Swirl Tennis Skorts,Skorts and Skirts,CAVA athleisure,49455313256764,S,BTM-Reely-set4-skirt-Jet-Black-S,1399.00,True,Available,1,https://cavaathleisure.com/products/black-swirl-tennis-skorts
https://cavaathleisure.com,9063237452092,Black Swirl Tennis Skorts,Skorts and Skirts,CAVA athleisure,53939478561084,S,WSKSET4L45BKS,1399.00,True,Available,1,https://cavaathleisure.com/products/black-swirl-tennis-skorts
https://cavaathleisure.com,9063237452092,Black Swirl Tennis Skorts,Skorts and Skirts,CAVA athleisure,48318470259004,M,BTM-Reely-set4-skirt-Jet-Black-M,1399.00,True,Available,1,https://cavaathleisure.com/products/black-swirl-tennis-skorts
https://cavaathleisure.com,9063237452092,Black Swirl Tennis Skorts,Skorts and Skirts,CAVA athleisure,53939478593852,M,WSKSET4L45BKM,1399.00,True,Available,1,https://cavaathleisure.com/products/black-swirl-tennis-skorts
https://cavaathleisure.com,9063237452092,Black Swirl Tennis Skorts,Skorts and Skirts,CAVA athleisure,48318470291772,L,BTM-Reely-set4-skirt-Jet-Black-L,1399.00,True,Available,1,https://cavaathleisure.com/products/black-swirl-tennis-skorts
https://cavaathleisure.com,9063237452092,Black Swirl Tennis Skorts,Skorts and Skirts,CAVA athleisure,53939478626620,L,WSKSET4L45BKL,1399.00,True,Available,1,https://cavaathleisure.com/products/black-swirl-tennis-skorts
https://cavaathleisure.com,9063237452092,Black Swirl Tennis Skorts,Skorts and Skirts,CAVA athleisure,48318470324540,XL,BTM-Reely-set4-skirt-Jet-Black-XL,1399.00,True,Available,1,https://cavaathleisure.com/products/black-swirl-tennis-skorts
https://cavaathleisure.com,9063237452092,Black Swirl Tennis Skorts,Skorts and Skirts,CAVA athleisure,53939478659388,XL,WSKSET4L45BKXL,1399.00,False,Sold Out,0,https://cavaathleisure.com/products/black-swirl-tennis-skorts
https://cavaathleisure.com,9063237452092,Black Swirl Tennis Skorts,Skorts and Skirts,CAVA athleisure,48318470357308,XXL,BTM-Reely-set4-skirt-Jet-Black-XXL,1399.00,True,Available,1,https://cavaathleisure.com/products/black-swirl-tennis-skorts
https://cavaathleisure.com,9063237452092,Black Swirl Tennis Skorts,Skorts and Skirts,CAVA athleisure,53939478692156,XXL,WSKSET4L45BKXXL,1399.00,True,Available,1,https://cavaathleisure.com/products/black-swirl-tennis-skorts
https://cavaathleisure.com,9063237452092,Black Swirl Tennis Skorts,Skorts and Skirts,CAVA athleisure,53939507921212,XXXL,WSKSET4L45BKXXXL,1399.00,True,Available,1,https://cavaathleisure.com/products/black-swirl-tennis-skorts
https://cavaathleisure.com,8977208770876,Auburn Seamless Cinched Activewear Set,Women's Co-ord Set,CAVA athleisure,48085435482428,S,TP/BTM-UD-Wine-red-S/S,1949.00,True,Available,1,https://cavaathleisure.com/products/auburn-seamless-cinched-activewear-set
https://cavaathleisure.com,8977208770876,Auburn Seamless Cinched Activewear Set,Women's Co-ord Set,CAVA athleisure,48085435515196,S,TP/BTM-UD-Wine-red-S/M,1949.00,True,Available,1,https://cavaathleisure.com/products/auburn-seamless-cinched-activewear-set
https://cavaathleisure.com,8977208770876,Auburn Seamless Cinched Activewear Set,Women's Co-ord Set,CAVA athleisure,48085435547964,S,TP/BTM-UD-Wine-red-S/L,1949.00,True,Available,1,https://cavaathleisure.com/products/auburn-seamless-cinched-activewear-set
https://cavaathleisure.com,8977208770876,Auburn Seamless Cinched Activewear Set,Women's Co-ord Set,CAVA athleisure,48085435580732,M,TP/BTM-UD-Wine-red-M/S,1949.00,True,Available,1,https://cavaathleisure.com/products/auburn-seamless-cinched-activewear-set
https://cavaathleisure.com,8977208770876,Auburn Seamless Cinched Activewear Set,Women's Co-ord Set,CAVA athleisure,48085435613500,M,TP/BTM-UD-Wine-red-M/M,1949.00,True,Available,1,https://cavaathleisure.com/products/auburn-seamless-cinched-activewear-set
https://cavaathleisure.com,8977208770876,Auburn Seamless Cinched Activewear Set,Women's Co-ord Set,CAVA athleisure,48085435646268,M,TP/BTM-UD-Wine-red-M/L,1949.00,True,Available,1,https://cavaathleisure.com/products/auburn-seamless-cinched-activewear-set
https://cavaathleisure.com,8977208770876,Auburn Seamless Cinched Activewear Set,Women's Co-ord Set,CAVA athleisure,48085435679036,L,TP/BTM-UD-Wine-red-L/S,1949.00,True,Available,1,https://cavaathleisure.com/products/auburn-seamless-cinched-activewear-set
https://cavaathleisure.com,8977208770876,Auburn Seamless Cinched Activewear Set,Women's Co-ord Set,CAVA athleisure,48085435711804,L,TP/BTM-UD-Wine-red-L/M,1949.00,True,Available,1,https://cavaathleisure.com/products/auburn-seamless-cinched-activewear-set
https://cavaathleisure.com,8977208770876,Auburn Seamless Cinched Activewear Set,Women's Co-ord Set,CAVA athleisure,48085435744572,L,TP/BTM-UD-Wine-red-L/L,1949.00,True,Available,1,https://cavaathleisure.com/products/auburn-seamless-cinched-activewear-set
https://cavaathleisure.com,9063243579708,Ivory Swirl Tennis Skorts,Skorts and Skirts,CAVA athleisure,53816044618044,XXS,WSKSET445WHXXS,1399.00,True,Available,1,https://cavaathleisure.com/products/ivory-swirl-tennis-skorts
https://cavaathleisure.com,9063243579708,Ivory Swirl Tennis Skorts,Skorts and Skirts,CAVA athleisure,50274201993532,XS,BTM-Reely-set4-skirt-Blanc-de-Blanc-XS,1399.00,True,Available,1,https://cavaathleisure.com/products/ivory-swirl-tennis-skorts
https://cavaathleisure.com,9063243579708,Ivory Swirl Tennis Skorts,Skorts and Skirts,CAVA athleisure,53939509690684,XS,WSKSET4L45WHXS,1399.00,True,Available,1,https://cavaathleisure.com/products/ivory-swirl-tennis-skorts
https://cavaathleisure.com,9063243579708,Ivory Swirl Tennis Skorts,Skorts and Skirts,CAVA athleisure,48318500995388,S,BTM-Reely-set4-skirt-Blanc-de-Blanc-S,1399.00,True,Available,1,https://cavaathleisure.com/products/ivory-swirl-tennis-skorts
https://cavaathleisure.com,9063243579708,Ivory Swirl Tennis Skorts,Skorts and Skirts,CAVA athleisure,53939509723452,S,WSKSET4L45WHS,1399.00,True,Available,1,https://cavaathleisure.com/products/ivory-swirl-tennis-skorts
https://cavaathleisure.com,9063243579708,Ivory Swirl Tennis Skorts,Skorts and Skirts,CAVA athleisure,48318501028156,M,BTM-Reely-set4-skirt-Blanc-de-Blanc-M,1399.00,True,Available,1,https://cavaathleisure.com/products/ivory-swirl-tennis-skorts
https://cavaathleisure.com,9063243579708,Ivory Swirl Tennis Skorts,Skorts and Skirts,CAVA athleisure,53939509756220,M,WSKSET4L45WHM,1399.00,True,Available,1,https://cavaathleisure.com/products/ivory-swirl-tennis-skorts
https://cavaathleisure.com,9063243579708,Ivory Swirl Tennis Skorts,Skorts and Skirts,CAVA athleisure,48318501060924,L,BTM-Reely-set4-skirt-Blanc-de-Blanc-L,1399.00,False,Sold Out,0,https://cavaathleisure.com/products/ivory-swirl-tennis-skorts
https://cavaathleisure.com,9063243579708,Ivory Swirl Tennis Skorts,Skorts and Skirts,CAVA athleisure,53939509788988,L,WSKSET4L45WHL,1399.00,True,Available,1,https://cavaathleisure.com/products/ivory-swirl-tennis-skorts
https://cavaathleisure.com,9063243579708,Ivory Swirl Tennis Skorts,Skorts and Skirts,CAVA athleisure,48318501093692,XL,BTM-Reely-set4-skirt-Blanc-de-Blanc-XL,1399.00,True,Available,1,https://cavaathleisure.com/products/ivory-swirl-tennis-skorts
https://cavaathleisure.com,9063243579708,Ivory Swirl Tennis Skorts,Skorts and Skirts,CAVA athleisure,53939509821756,XL,WSKSET4L45WHXL,1399.00,True,Available,1,https://cavaathleisure.com/products/ivory-swirl-tennis-skorts
https://cavaathleisure.com,9063243579708,Ivory Swirl Tennis Skorts,Skorts and Skirts,CAVA athleisure,48318501126460,XXL,BTM-Reely-set4-skirt-Blanc-de-Blanc-XXL,1399.00,True,Available,1,https://cavaathleisure.com/products/ivory-swirl-tennis-skorts
https://cavaathleisure.com,9063243579708,Ivory Swirl Tennis Skorts,Skorts and Skirts,CAVA athleisure,53939509854524,XXL,WSKSET4L45WHXXL,1399.00,True,Available,1,https://cavaathleisure.com/products/ivory-swirl-tennis-skorts
https://cavaathleisure.com,9063243579708,Ivory Swirl Tennis Skorts,Skorts and Skirts,CAVA athleisure,53816044650812,XXXL,WSKSET445WHXXXL,1399.00,True,Available,1,https://cavaathleisure.com/products/ivory-swirl-tennis-skorts
https://cavaathleisure.com,9063243579708,Ivory Swirl Tennis Skorts,Skorts and Skirts,CAVA athleisure,53939509887292,XXXL,WSKSET4L45WHXXL,1399.00,True,Available,1,https://cavaathleisure.com/products/ivory-swirl-tennis-skorts
https://cavaathleisure.com,8975547105596,Auburn Contoured Seamless Sports Bra,Sports Bras,CAVA athleisure,51699553796412,XS,TP-UD-Wine-red-XS,999.00,True,Available,1,https://cavaathleisure.com/products/auburn-contoured-seamless-sports-bra
https://cavaathleisure.com,8975547105596,Auburn Contoured Seamless Sports Bra,Sports Bras,CAVA athleisure,48081343283516,S,TP-UD-Wine red-S,999.00,True,Available,1,https://cavaathleisure.com/products/auburn-contoured-seamless-sports-bra
https://cavaathleisure.com,8975547105596,Auburn Contoured Seamless Sports Bra,Sports Bras,CAVA athleisure,48081343316284,M,TP-UD-Wine red-M,999.00,True,Available,1,https://cavaathleisure.com/products/auburn-contoured-seamless-sports-bra
https://cavaathleisure.com,8975547105596,Auburn Contoured Seamless Sports Bra,Sports Bras,CAVA athleisure,48081343349052,L,TP-UD-Wine red-L,999.00,True,Available,1,https://cavaathleisure.com/products/auburn-contoured-seamless-sports-bra
https://cavaathleisure.com,8975547105596,Auburn Contoured Seamless Sports Bra,Sports Bras,CAVA athleisure,51699553829180,XL,TP-UD-Wine-red-XL,999.00,True,Available,1,https://cavaathleisure.com/products/auburn-contoured-seamless-sports-bra
https://cavaathleisure.com,8975547105596,Auburn Contoured Seamless Sports Bra,Sports Bras,CAVA athleisure,51699553861948,XXL,TP-UD-Wine-red-XXL,999.00,True,Available,1,https://cavaathleisure.com/products/auburn-contoured-seamless-sports-bra
https://cavaathleisure.com,8977097359676,Slate Blue Seamless Cinched Leggings,Leggings,CAVA athleisure,51750917996860,XS,BTM-UD-Light-blue-XS,1099.00,True,Available,1,https://cavaathleisure.com/products/slate-blue-seamless-cinched-leggings
https://cavaathleisure.com,8977097359676,Slate Blue Seamless Cinched Leggings,Leggings,CAVA athleisure,48085002191164,S,BTM-UD-Light-blue-S,1099.00,True,Available,1,https://cavaathleisure.com/products/slate-blue-seamless-cinched-leggings
https://cavaathleisure.com,8977097359676,Slate Blue Seamless Cinched Leggings,Leggings,CAVA athleisure,48085002223932,M,BTM-UD-Light-blue-M,1099.00,True,Available,1,https://cavaathleisure.com/products/slate-blue-seamless-cinched-leggings
https://cavaathleisure.com,8977097359676,Slate Blue Seamless Cinched Leggings,Leggings,CAVA athleisure,48085002256700,L,BTM-UD-Light-blue-L,1099.00,True,Available,1,https://cavaathleisure.com/products/slate-blue-seamless-cinched-leggings
https://cavaathleisure.com,8977097359676,Slate Blue Seamless Cinched Leggings,Leggings,CAVA athleisure,50319805612348,XL,BTM-UD-Light-Blue-XL,1099.00,True,Available,1,https://cavaathleisure.com/products/slate-blue-seamless-cinched-leggings
https://cavaathleisure.com,8977097359676,Slate Blue Seamless Cinched Leggings,Leggings,CAVA athleisure,51750918029628,XXL,BTM-UD-Light-blue-XXL,1099.00,True,Available,1,https://cavaathleisure.com/products/slate-blue-seamless-cinched-leggings
https://cavaathleisure.com,8977105256764,Raven Black Seamless Cinched Activewear set,Women's Co-ord Set,CAVA athleisure,48085013561660,S,TP/BTM-UD-Jet-Black-S/S,1949.00,True,Available,1,https://cavaathleisure.com/products/raven-black-seamless-cinched-activewear-set
https://cavaathleisure.com,8977105256764,Raven Black Seamless Cinched Activewear set,Women's Co-ord Set,CAVA athleisure,48085013627196,S,TP/BTM-UD-Jet-Black-S/M,1949.00,True,Available,1,https://cavaathleisure.com/products/raven-black-seamless-cinched-activewear-set
https://cavaathleisure.com,8977105256764,Raven Black Seamless Cinched Activewear set,Women's Co-ord Set,CAVA athleisure,48085013692732,S,TP/BTM-UD-Jet-Black-S/L,1949.00,True,Available,1,https://cavaathleisure.com/products/raven-black-seamless-cinched-activewear-set
https://cavaathleisure.com,8977105256764,Raven Black Seamless Cinched Activewear set,Women's Co-ord Set,CAVA athleisure,48085013758268,M,TP/BTM-UD-Jet-Black-M/S,1949.00,True,Available,1,https://cavaathleisure.com/products/raven-black-seamless-cinched-activewear-set
https://cavaathleisure.com,8977105256764,Raven Black Seamless Cinched Activewear set,Women's Co-ord Set,CAVA athleisure,48085013823804,M,TP/BTM-UD-Jet-Black-M/M,1949.00,True,Available,1,https://cavaathleisure.com/products/raven-black-seamless-cinched-activewear-set
https://cavaathleisure.com,8977105256764,Raven Black Seamless Cinched Activewear set,Women's Co-ord Set,CAVA athleisure,48085013889340,M,TP/BTM-UD-Jet-Black-M/L,1949.00,True,Available,1,https://cavaathleisure.com/products/raven-black-seamless-cinched-activewear-set
https://cavaathleisure.com,8977105256764,Raven Black Seamless Cinched Activewear set,Women's Co-ord Set,CAVA athleisure,48085013954876,L,TP/BTM-UD-Jet-Black-L/S,1949.00,True,Available,1,https://cavaathleisure.com/products/raven-black-seamless-cinched-activewear-set
https://cavaathleisure.com,8977105256764,Raven Black Seamless Cinched Activewear set,Women's Co-ord Set,CAVA athleisure,48085014020412,L,TP/BTM-UD-Jet-Black-L/M,1949.00,True,Available,1,https://cavaathleisure.com/products/raven-black-seamless-cinched-activewear-set
https://cavaathleisure.com,8977105256764,Raven Black Seamless Cinched Activewear set,Women's Co-ord Set,CAVA athleisure,48085014085948,L,TP/BTM-UD-Jet-Black-L/L,1949.00,True,Available,1,https://cavaathleisure.com/products/raven-black-seamless-cinched-activewear-set
https://cavaathleisure.com,8977094639932,Auburn Seamless Cinched Leggings,Leggings,CAVA athleisure,51764308541756,XS,BTM-UD-wine-red-XS,1099.00,True,Available,1,https://cavaathleisure.com/products/auburn-seamless-cinched-leggings
https://cavaathleisure.com,8977094639932,Auburn Seamless Cinched Leggings,Leggings,CAVA athleisure,48084991770940,S,BTM-UD-Wine red-S,1099.00,True,Available,1,https://cavaathleisure.com/products/auburn-seamless-cinched-leggings
https://cavaathleisure.com,8977094639932,Auburn Seamless Cinched Leggings,Leggings,CAVA athleisure,48084991803708,M,BTM-UD-Wine red-M,1099.00,True,Available,1,https://cavaathleisure.com/products/auburn-seamless-cinched-leggings
https://cavaathleisure.com,8977094639932,Auburn Seamless Cinched Leggings,Leggings,CAVA athleisure,48084991836476,L,BTM-UD-Wine red-L,1099.00,True,Available,1,https://cavaathleisure.com/products/auburn-seamless-cinched-leggings
https://cavaathleisure.com,8977094639932,Auburn Seamless Cinched Leggings,Leggings,CAVA athleisure,50319801844028,XL,BTM-UD-wine-red-XL,1099.00,True,Available,1,https://cavaathleisure.com/products/auburn-seamless-cinched-leggings
https://cavaathleisure.com,8977094639932,Auburn Seamless Cinched Leggings,Leggings,CAVA athleisure,51764308574524,XXL,BTM-UD-Wine-red-XXL,1099.00,True,Available,1,https://cavaathleisure.com/products/auburn-seamless-cinched-leggings
https://cavaathleisure.com,8977002594620,Raven Black Seamless Cinched Leggings,Leggings,CAVA athleisure,51764258505020,XS,BTM-UD-Jet-Black-XS,1099.00,True,Available,1,https://cavaathleisure.com/products/raven-black-seamless-cinched-leggings
https://cavaathleisure.com,8977002594620,Raven Black Seamless Cinched Leggings,Leggings,CAVA athleisure,48084801683772,S,BTM-UD-Jet-Black-S,1099.00,True,Available,1,https://cavaathleisure.com/products/raven-black-seamless-cinched-leggings
https://cavaathleisure.com,8977002594620,Raven Black Seamless Cinched Leggings,Leggings,CAVA athleisure,48084801749308,M,BTM-UD-Jet-Black-M,1099.00,True,Available,1,https://cavaathleisure.com/products/raven-black-seamless-cinched-leggings
https://cavaathleisure.com,8977002594620,Raven Black Seamless Cinched Leggings,Leggings,CAVA athleisure,48084801814844,L,BTM-UD-Jet-Black-L,1099.00,True,Available,1,https://cavaathleisure.com/products/raven-black-seamless-cinched-leggings
https://cavaathleisure.com,8977002594620,Raven Black Seamless Cinched Leggings,Leggings,CAVA athleisure,50319803810108,XL,BTM-UD-Jet-Black-XL,1099.00,True,Available,1,https://cavaathleisure.com/products/raven-black-seamless-cinched-leggings
https://cavaathleisure.com,8977002594620,Raven Black Seamless Cinched Leggings,Leggings,CAVA athleisure,51764258537788,XXL,BTM-UD-Jet-Black-XXL,1099.00,True,Available,1,https://cavaathleisure.com/products/raven-black-seamless-cinched-leggings
https://cavaathleisure.com,8975593505084,Slate Blue Contoured Seamless Sports Bra,Sports Bras,CAVA athleisure,51699562578236,XS,TP-UD-Light-blue-XS,999.00,True,Available,1,https://cavaathleisure.com/products/slate-blue-contoured-seamless-sports-bra
https://cavaathleisure.com,8975593505084,Slate Blue Contoured Seamless Sports Bra,Sports Bras,CAVA athleisure,48081401610556,S,TP-UD-Light blue-S,999.00,True,Available,1,https://cavaathleisure.com/products/slate-blue-contoured-seamless-sports-bra
https://cavaathleisure.com,8975593505084,Slate Blue Contoured Seamless Sports Bra,Sports Bras,CAVA athleisure,48081401676092,M,TP-UD-Light blue-M,999.00,True,Available,1,https://cavaathleisure.com/products/slate-blue-contoured-seamless-sports-bra
https://cavaathleisure.com,8975593505084,Slate Blue Contoured Seamless Sports Bra,Sports Bras,CAVA athleisure,48081401708860,L,TP-UD-Light blue-L,999.00,True,Available,1,https://cavaathleisure.com/products/slate-blue-contoured-seamless-sports-bra
https://cavaathleisure.com,8975593505084,Slate Blue Contoured Seamless Sports Bra,Sports Bras,CAVA athleisure,51699562611004,XL,TP-UD-Light-blue-XL,999.00,True,Available,1,https://cavaathleisure.com/products/slate-blue-contoured-seamless-sports-bra
https://cavaathleisure.com,8975593505084,Slate Blue Contoured Seamless Sports Bra,Sports Bras,CAVA athleisure,51699562643772,XXL,TP-UD-Light-blue-XXL,999.00,True,Available,1,https://cavaathleisure.com/products/slate-blue-contoured-seamless-sports-bra
https://cavaathleisure.com,8634184696124,CAVA Athleisure Gift Card,Gift Card,CAVA athleisure,46686522278204,₹1500.00,,1500.00,True,Available,1,https://cavaathleisure.com/products/cava-athleisure-gift-card
https://cavaathleisure.com,8634184696124,CAVA Athleisure Gift Card,Gift Card,CAVA athleisure,46544105603388,₹2500.00,,2500.00,True,Available,1,https://cavaathleisure.com/products/cava-athleisure-gift-card
https://cavaathleisure.com,8634184696124,CAVA Athleisure Gift Card,Gift Card,CAVA athleisure,46544105636156,₹5500.00,,5500.00,True,Available,1,https://cavaathleisure.com/products/cava-athleisure-gift-card
https://cavaathleisure.com,8634184696124,CAVA Athleisure Gift Card,Gift Card,CAVA athleisure,46544105668924,₹7500.00,,7500.00,True,Available,1,https://cavaathleisure.com/products/cava-athleisure-gift-card
https://cavaathleisure.com,8634184696124,CAVA Athleisure Gift Card,Gift Card,CAVA athleisure,46579296272700,₹11000.00,,11000.00,True,Available,1,https://cavaathleisure.com/products/cava-athleisure-gift-card
https://cavaathleisure.com,8384549323068,Black Chase T-shirt,Men's T-shirts,CAVA athleisure,45360568533308,XS,MNTS706-Volar-13-Blk-XS,899.00,False,Sold Out,0,https://cavaathleisure.com/products/black-chase-t-shirt
https://cavaathleisure.com,8384549323068,Black Chase T-shirt,Men's T-shirts,CAVA athleisure,45360568566076,S,MNTS706-Volar-13-Blk-S,899.00,False,Sold Out,0,https://cavaathleisure.com/products/black-chase-t-shirt
https://cavaathleisure.com,8384549323068,Black Chase T-shirt,Men's T-shirts,CAVA athleisure,45360568598844,M,MNTS706-Volar-13-Blk-M,899.00,False,Sold Out,0,https://cavaathleisure.com/products/black-chase-t-shirt
https://cavaathleisure.com,8384549323068,Black Chase T-shirt,Men's T-shirts,CAVA athleisure,45360568631612,L,MNTS706-Volar-13-Blk-L,899.00,False,Sold Out,0,https://cavaathleisure.com/products/black-chase-t-shirt
https://cavaathleisure.com,8384549323068,Black Chase T-shirt,Men's T-shirts,CAVA athleisure,45360568664380,XL,MNTS706-Volar-13-Blk-XL,899.00,False,Sold Out,0,https://cavaathleisure.com/products/black-chase-t-shirt
https://cavaathleisure.com,8384549323068,Black Chase T-shirt,Men's T-shirts,CAVA athleisure,45390585856316,XXL,MNTS706-Volar-13-Blk-XXL,899.00,False,Sold Out,0,https://cavaathleisure.com/products/black-chase-t-shirt
https://cavaathleisure.com,8384550797628,Black Chase Rapid Dry Shorts,Men's Shorts,CAVA athleisure,45360573743420,XS,MNSOT706-Volar-16-Blk-XS,600.00,True,Available,1,https://cavaathleisure.com/products/black-chase-rapid-dry-shorts
https://cavaathleisure.com,8384550797628,Black Chase Rapid Dry Shorts,Men's Shorts,CAVA athleisure,45360573776188,S,MNSOT706-Volar-16-Blk-S,600.00,False,Sold Out,0,https://cavaathleisure.com/products/black-chase-rapid-dry-shorts
https://cavaathleisure.com,8384550797628,Black Chase Rapid Dry Shorts,Men's Shorts,CAVA athleisure,45360573808956,M,MNSOT706-Volar-16-Blk-M,600.00,False,Sold Out,0,https://cavaathleisure.com/products/black-chase-rapid-dry-shorts
https://cavaathleisure.com,8384550797628,Black Chase Rapid Dry Shorts,Men's Shorts,CAVA athleisure,45360573841724,L,MNSOT706-Volar-16-Blk-L,600.00,False,Sold Out,0,https://cavaathleisure.com/products/black-chase-rapid-dry-shorts
https://cavaathleisure.com,8384550797628,Black Chase Rapid Dry Shorts,Men's Shorts,CAVA athleisure,45360573874492,XL,MNSOT706-Volar-16-Blk-XL,600.00,False,Sold Out,0,https://cavaathleisure.com/products/black-chase-rapid-dry-shorts
https://cavaathleisure.com,8384550797628,Black Chase Rapid Dry Shorts,Men's Shorts,CAVA athleisure,45390634451260,XXL,MNSOT706-Volar-16-Blk-XXL,600.00,False,Sold Out,0,https://cavaathleisure.com/products/black-chase-rapid-dry-shorts
https://cavaathleisure.com,8971850318140,Raven Black Contoured Seamless Sports Bra,Sports Bras,CAVA athleisure,51699504939324,XS,TP-UD-Jet-Black-XS,999.00,True,Available,1,https://cavaathleisure.com/products/raven-black-contoured-seamless-sports-bra
https://cavaathleisure.com,8971850318140,Raven Black Contoured Seamless Sports Bra,Sports Bras,CAVA athleisure,48075323736380,S,TP-UD-Jet Black-S,999.00,True,Available,1,https://cavaathleisure.com/products/raven-black-contoured-seamless-sports-bra
https://cavaathleisure.com,8971850318140,Raven Black Contoured Seamless Sports Bra,Sports Bras,CAVA athleisure,48075323769148,M,TP-UD-Jet Black-M,999.00,True,Available,1,https://cavaathleisure.com/products/raven-black-contoured-seamless-sports-bra
https://cavaathleisure.com,8971850318140,Raven Black Contoured Seamless Sports Bra,Sports Bras,CAVA athleisure,48075323801916,L,TP-UD-Jet Black-L,999.00,True,Available,1,https://cavaathleisure.com/products/raven-black-contoured-seamless-sports-bra
https://cavaathleisure.com,8971850318140,Raven Black Contoured Seamless Sports Bra,Sports Bras,CAVA athleisure,51699504972092,XL,TP-UD-Jet-Black-XL,999.00,True,Available,1,https://cavaathleisure.com/products/raven-black-contoured-seamless-sports-bra
https://cavaathleisure.com,8971850318140,Raven Black Contoured Seamless Sports Bra,Sports Bras,CAVA athleisure,51699505004860,XXL,TP-UD-Jet-Black-XXL,999.00,True,Available,1,https://cavaathleisure.com/products/raven-black-contoured-seamless-sports-bra
https://cavaathleisure.com,8384512393532,Black Utility Sweats,Men's Joggers,CAVA athleisure,45360507683132,XS,MNJR701-Volar-4-Blk-XS,980.00,False,Sold Out,0,https://cavaathleisure.com/products/black-utility-sweats
https://cavaathleisure.com,8384512393532,Black Utility Sweats,Men's Joggers,CAVA athleisure,45360507715900,S,MNJR701-Volar-4-Blk-S,980.00,True,Available,1,https://cavaathleisure.com/products/black-utility-sweats
https://cavaathleisure.com,8384512393532,Black Utility Sweats,Men's Joggers,CAVA athleisure,45360507748668,M,MNJR701-Volar-4-Blk-M,980.00,False,Sold Out,0,https://cavaathleisure.com/products/black-utility-sweats
https://cavaathleisure.com,8384512393532,Black Utility Sweats,Men's Joggers,CAVA athleisure,45360507781436,L,MNJR701-Volar-4-Blk-L,980.00,False,Sold Out,0,https://cavaathleisure.com/products/black-utility-sweats
https://cavaathleisure.com,8384512393532,Black Utility Sweats,Men's Joggers,CAVA athleisure,45360507814204,XL,MNJR701-Volar-4-Blk-XL,980.00,False,Sold Out,0,https://cavaathleisure.com/products/black-utility-sweats
https://cavaathleisure.com,8384512393532,Black Utility Sweats,Men's Joggers,CAVA athleisure,45391404728636,XXL,MNJR701-Volar-4-Blk-XXL,980.00,False,Sold Out,0,https://cavaathleisure.com/products/black-utility-sweats
https://cavaathleisure.com,8034949988668,Tuscany Pink Sculpt Active Co-ord Set,Women's Co-ord Set,CAVA athleisure,44097050149180,XS,Sculpt Active Co-ord set-Vamos-38/42-BR511-BEL511-TuscanyPink,2589.00,False,Sold Out,0,https://cavaathleisure.com/products/tuscany-pink-sculpt-active-co-ord-set
https://cavaathleisure.com,8034949988668,Tuscany Pink Sculpt Active Co-ord Set,Women's Co-ord Set,CAVA athleisure,44275136168252,XS,TuscanyPinkSculptActiveCo-ordSet-XS/XS,2589.00,False,Sold Out,0,https://cavaathleisure.com/products/tuscany-pink-sculpt-active-co-ord-set
https://cavaathleisure.com,8034949988668,Tuscany Pink Sculpt Active Co-ord Set,Women's Co-ord Set,CAVA athleisure,44275136201020,XS,,2589.00,False,Sold Out,0,https://cavaathleisure.com/products/tuscany-pink-sculpt-active-co-ord-set
https://cavaathleisure.com,8034949988668,Tuscany Pink Sculpt Active Co-ord Set,Women's Co-ord Set,CAVA athleisure,44275136233788,XS,,2589.00,False,Sold Out,0,https://cavaathleisure.com/products/tuscany-pink-sculpt-active-co-ord-set
https://cavaathleisure.com,8034949988668,Tuscany Pink Sculpt Active Co-ord Set,Women's Co-ord Set,CAVA athleisure,44275136266556,XS,,2589.00,False,Sold Out,0,https://cavaathleisure.com/products/tuscany-pink-sculpt-active-co-ord-set
https://cavaathleisure.com,8034949988668,Tuscany Pink Sculpt Active Co-ord Set,Women's Co-ord Set,CAVA athleisure,44275136299324,XS,,2589.00,False,Sold Out,0,https://cavaathleisure.com/products/tuscany-pink-sculpt-active-co-ord-set
https://cavaathleisure.com,8034949988668,Tuscany Pink Sculpt Active Co-ord Set,Women's Co-ord Set,CAVA athleisure,44097050181948,S,Sculpt Active Co-ord set-Vamos-38/42-BR511-BEL511-TuscanyPink,2589.00,False,Sold Out,0,https://cavaathleisure.com/products/tuscany-pink-sculpt-active-co-ord-set
https://cavaathleisure.com,8034949988668,Tuscany Pink Sculpt Active Co-ord Set,Women's Co-ord Set,CAVA athleisure,44275136332092,S,,2589.00,False,Sold Out,0,https://cavaathleisure.com/products/tuscany-pink-sculpt-active-co-ord-set
https://cavaathleisure.com,8034949988668,Tuscany Pink Sculpt Active Co-ord Set,Women's Co-ord Set,CAVA athleisure,44275136364860,S,,2589.00,False,Sold Out,0,https://cavaathleisure.com/products/tuscany-pink-sculpt-active-co-ord-set
https://cavaathleisure.com,8034949988668,Tuscany Pink Sculpt Active Co-ord Set,Women's Co-ord Set,CAVA athleisure,44275136397628,S,,2589.00,False,Sold Out,0,https://cavaathleisure.com/products/tuscany-pink-sculpt-active-co-ord-set
https://cavaathleisure.com,8034949988668,Tuscany Pink Sculpt Active Co-ord Set,Women's Co-ord Set,CAVA athleisure,44275136430396,S,,2589.00,False,Sold Out,0,https://cavaathleisure.com/products/tuscany-pink-sculpt-active-co-ord-set
https://cavaathleisure.com,8034949988668,Tuscany Pink Sculpt Active Co-ord Set,Women's Co-ord Set,CAVA athleisure,44275136463164,S,,2589.00,False,Sold Out,0,https://cavaathleisure.com/products/tuscany-pink-sculpt-active-co-ord-set
https://cavaathleisure.com,8034949988668,Tuscany Pink Sculpt Active Co-ord Set,Women's Co-ord Set,CAVA athleisure,44097050214716,M,Sculpt Active Co-ord set-Vamos-38/42-BR511-BEL511-TuscanyPink,2589.00,False,Sold Out,0,https://cavaathleisure.com/products/tuscany-pink-sculpt-active-co-ord-set
https://cavaathleisure.com,8034949988668,Tuscany Pink Sculpt Active Co-ord Set,Women's Co-ord Set,CAVA athleisure,44275136495932,M,,2589.00,False,Sold Out,0,https://cavaathleisure.com/products/tuscany-pink-sculpt-active-co-ord-set
https://cavaathleisure.com,8034949988668,Tuscany Pink Sculpt Active Co-ord Set,Women's Co-ord Set,CAVA athleisure,44275136528700,M,,2589.00,False,Sold Out,0,https://cavaathleisure.com/products/tuscany-pink-sculpt-active-co-ord-set
https://cavaathleisure.com,8034949988668,Tuscany Pink Sculpt Active Co-ord Set,Women's Co-ord Set,CAVA athleisure,44275136561468,M,,2589.00,False,Sold Out,0,https://cavaathleisure.com/products/tuscany-pink-sculpt-active-co-ord-set
https://cavaathleisure.com,8034949988668,Tuscany Pink Sculpt Active Co-ord Set,Women's Co-ord Set,CAVA athleisure,44275136594236,M,,2589.00,False,Sold Out,0,https://cavaathleisure.com/products/tuscany-pink-sculpt-active-co-ord-set
https://cavaathleisure.com,8034949988668,Tuscany Pink Sculpt Active Co-ord Set,Women's Co-ord Set,CAVA athleisure,44275136627004,M,,2589.00,False,Sold Out,0,https://cavaathleisure.com/products/tuscany-pink-sculpt-active-co-ord-set
https://cavaathleisure.com,8034949988668,Tuscany Pink Sculpt Active Co-ord Set,Women's Co-ord Set,CAVA athleisure,44097050247484,L,Sculpt Active Co-ord set-Vamos-38/42-BR511-BEL511-TuscanyPink,2589.00,False,Sold Out,0,https://cavaathleisure.com/products/tuscany-pink-sculpt-active-co-ord-set
https://cavaathleisure.com,8034949988668,Tuscany Pink Sculpt Active Co-ord Set,Women's Co-ord Set,CAVA athleisure,44275136659772,L,,2589.00,False,Sold Out,0,https://cavaathleisure.com/products/tuscany-pink-sculpt-active-co-ord-set
https://cavaathleisure.com,8034949988668,Tuscany Pink Sculpt Active Co-ord Set,Women's Co-ord Set,CAVA athleisure,44275136692540,L,,2589.00,False,Sold Out,0,https://cavaathleisure.com/products/tuscany-pink-sculpt-active-co-ord-set
https://cavaathleisure.com,8034949988668,Tuscany Pink Sculpt Active Co-ord Set,Women's Co-ord Set,CAVA athleisure,44275136725308,L,,2589.00,False,Sold Out,0,https://cavaathleisure.com/products/tuscany-pink-sculpt-active-co-ord-set
https://cavaathleisure.com,8034949988668,Tuscany Pink Sculpt Active Co-ord Set,Women's Co-ord Set,CAVA athleisure,44275136758076,L,,2589.00,False,Sold Out,0,https://cavaathleisure.com/products/tuscany-pink-sculpt-active-co-ord-set
https://cavaathleisure.com,8034949988668,Tuscany Pink Sculpt Active Co-ord Set,Women's Co-ord Set,CAVA athleisure,44275136790844,L,,2589.00,False,Sold Out,0,https://cavaathleisure.com/products/tuscany-pink-sculpt-active-co-ord-set
https://cavaathleisure.com,8034949988668,Tuscany Pink Sculpt Active Co-ord Set,Women's Co-ord Set,CAVA athleisure,44097050280252,XL,Sculpt Active Co-ord set-Vamos-38/42-BR511-BEL511-TuscanyPink,2589.00,False,Sold Out,0,https://cavaathleisure.com/products/tuscany-pink-sculpt-active-co-ord-set
https://cavaathleisure.com,8034949988668,Tuscany Pink Sculpt Active Co-ord Set,Women's Co-ord Set,CAVA athleisure,44275136823612,XL,,2589.00,False,Sold Out,0,https://cavaathleisure.com/products/tuscany-pink-sculpt-active-co-ord-set
https://cavaathleisure.com,8034949988668,Tuscany Pink Sculpt Active Co-ord Set,Women's Co-ord Set,CAVA athleisure,44275136856380,XL,,2589.00,False,Sold Out,0,https://cavaathleisure.com/products/tuscany-pink-sculpt-active-co-ord-set
https://cavaathleisure.com,8034949988668,Tuscany Pink Sculpt Active Co-ord Set,Women's Co-ord Set,CAVA athleisure,44275136889148,XL,,2589.00,False,Sold Out,0,https://cavaathleisure.com/products/tuscany-pink-sculpt-active-co-ord-set
https://cavaathleisure.com,8034949988668,Tuscany Pink Sculpt Active Co-ord Set,Women's Co-ord Set,CAVA athleisure,44275136921916,XL,,2589.00,False,Sold Out,0,https://cavaathleisure.com/products/tuscany-pink-sculpt-active-co-ord-set
https://cavaathleisure.com,8034949988668,Tuscany Pink Sculpt Active Co-ord Set,Women's Co-ord Set,CAVA athleisure,44275136954684,XL,,2589.00,False,Sold Out,0,https://cavaathleisure.com/products/tuscany-pink-sculpt-active-co-ord-set
https://cavaathleisure.com,8034949988668,Tuscany Pink Sculpt Active Co-ord Set,Women's Co-ord Set,CAVA athleisure,44097050313020,XXL,Sculpt Active Co-ord set-Vamos-38/42-BR511-BEL511-TuscanyPink,2589.00,False,Sold Out,0,https://cavaathleisure.com/products/tuscany-pink-sculpt-active-co-ord-set
https://cavaathleisure.com,8034949988668,Tuscany Pink Sculpt Active Co-ord Set,Women's Co-ord Set,CAVA athleisure,44275136987452,XXL,,2589.00,False,Sold Out,0,https://cavaathleisure.com/products/tuscany-pink-sculpt-active-co-ord-set
https://cavaathleisure.com,8034949988668,Tuscany Pink Sculpt Active Co-ord Set,Women's Co-ord Set,CAVA athleisure,44275137020220,XXL,,2589.00,False,Sold Out,0,https://cavaathleisure.com/products/tuscany-pink-sculpt-active-co-ord-set
https://cavaathleisure.com,8034949988668,Tuscany Pink Sculpt Active Co-ord Set,Women's Co-ord Set,CAVA athleisure,44275137052988,XXL,,2589.00,False,Sold Out,0,https://cavaathleisure.com/products/tuscany-pink-sculpt-active-co-ord-set
https://cavaathleisure.com,8034949988668,Tuscany Pink Sculpt Active Co-ord Set,Women's Co-ord Set,CAVA athleisure,44275137085756,XXL,,2589.00,False,Sold Out,0,https://cavaathleisure.com/products/tuscany-pink-sculpt-active-co-ord-set
https://cavaathleisure.com,8034949988668,Tuscany Pink Sculpt Active Co-ord Set,Women's Co-ord Set,CAVA athleisure,44275137118524,XXL,,2589.00,False,Sold Out,0,https://cavaathleisure.com/products/tuscany-pink-sculpt-active-co-ord-set
https://cavaathleisure.com,8384518029628,Light Grey Utility Jacket,Men's Jackets,CAVA athleisure,45360519053628,XS,MNJKT701-Volar-2-LtGrey-XS,1155.00,False,Sold Out,0,https://cavaathleisure.com/products/light-grey-utility-jacket
https://cavaathleisure.com,8384518029628,Light Grey Utility Jacket,Men's Jackets,CAVA athleisure,45360519086396,S,MNJKT701-Volar-2-LtGrey-S,1155.00,True,Available,1,https://cavaathleisure.com/products/light-grey-utility-jacket
https://cavaathleisure.com,8384518029628,Light Grey Utility Jacket,Men's Jackets,CAVA athleisure,45360519119164,M,MNJKT701-Volar-2-LtGrey-M,1155.00,False,Sold Out,0,https://cavaathleisure.com/products/light-grey-utility-jacket
https://cavaathleisure.com,8384518029628,Light Grey Utility Jacket,Men's Jackets,CAVA athleisure,45360519151932,L,MNJKT701-Volar-2-LtGrey-L,1155.00,False,Sold Out,0,https://cavaathleisure.com/products/light-grey-utility-jacket
https://cavaathleisure.com,8384518029628,Light Grey Utility Jacket,Men's Jackets,CAVA athleisure,45360519184700,XL,MNJKT701-Volar-2-LtGrey-XL,1155.00,False,Sold Out,0,https://cavaathleisure.com/products/light-grey-utility-jacket
https://cavaathleisure.com,8384518029628,Light Grey Utility Jacket,Men's Jackets,CAVA athleisure,45391312847164,XXL,MNJKT701-Volar-2-LtGrey-XXL,1155.00,False,Sold Out,0,https://cavaathleisure.com/products/light-grey-utility-jacket
https://cavaathleisure.com,8034869575996,Miami Aqua Lounge Co-Ord Set,Women's Co-ord Set,CAVA athleisure,44096518848828,XS,Lounge Co-ord Set-Vamos-69/74-TP534-JR534-MiamiAqua,2799.00,False,Sold Out,0,https://cavaathleisure.com/products/miami-aqua-lounge-co-ord-set
https://cavaathleisure.com,8034869575996,Miami Aqua Lounge Co-Ord Set,Women's Co-ord Set,CAVA athleisure,44100852089148,XS,Lounge Co-ord Set-Vamos-69/74-TP534-JR534-MiamiAqua,2799.00,False,Sold Out,0,https://cavaathleisure.com/products/miami-aqua-lounge-co-ord-set
https://cavaathleisure.com,8034869575996,Miami Aqua Lounge Co-Ord Set,Women's Co-ord Set,CAVA athleisure,44100852121916,XS,Lounge Co-ord Set-Vamos-69/74-TP534-JR534-MiamiAqua,2799.00,False,Sold Out,0,https://cavaathleisure.com/products/miami-aqua-lounge-co-ord-set
https://cavaathleisure.com,8034869575996,Miami Aqua Lounge Co-Ord Set,Women's Co-ord Set,CAVA athleisure,44100852154684,XS,Lounge Co-ord Set-Vamos-69/74-TP534-JR534-MiamiAqua,2799.00,False,Sold Out,0,https://cavaathleisure.com/products/miami-aqua-lounge-co-ord-set
https://cavaathleisure.com,8034869575996,Miami Aqua Lounge Co-Ord Set,Women's Co-ord Set,CAVA athleisure,44100852187452,XS,Lounge Co-ord Set-Vamos-69/74-TP534-JR534-MiamiAqua,2799.00,False,Sold Out,0,https://cavaathleisure.com/products/miami-aqua-lounge-co-ord-set
https://cavaathleisure.com,8034869575996,Miami Aqua Lounge Co-Ord Set,Women's Co-ord Set,CAVA athleisure,44100852220220,XS,Lounge Co-ord Set-Vamos-69/74-TP534-JR534-MiamiAqua,2799.00,False,Sold Out,0,https://cavaathleisure.com/products/miami-aqua-lounge-co-ord-set
https://cavaathleisure.com,8034869575996,Miami Aqua Lounge Co-Ord Set,Women's Co-ord Set,CAVA athleisure,44096518881596,S,Lounge Co-ord Set-Vamos-69/74-TP534-JR534-MiamiAqua,2799.00,False,Sold Out,0,https://cavaathleisure.com/products/miami-aqua-lounge-co-ord-set
https://cavaathleisure.com,8034869575996,Miami Aqua Lounge Co-Ord Set,Women's Co-ord Set,CAVA athleisure,44100852285756,S,Lounge Co-ord Set-Vamos-69/74-TP534-JR534-MiamiAqua,2799.00,False,Sold Out,0,https://cavaathleisure.com/products/miami-aqua-lounge-co-ord-set
https://cavaathleisure.com,8034869575996,Miami Aqua Lounge Co-Ord Set,Women's Co-ord Set,CAVA athleisure,44100852318524,S,Lounge Co-ord Set-Vamos-69/74-TP534-JR534-MiamiAqua,2799.00,False,Sold Out,0,https://cavaathleisure.com/products/miami-aqua-lounge-co-ord-set
https://cavaathleisure.com,8034869575996,Miami Aqua Lounge Co-Ord Set,Women's Co-ord Set,CAVA athleisure,44100852351292,S,Lounge Co-ord Set-Vamos-69/74-TP534-JR534-MiamiAqua,2799.00,False,Sold Out,0,https://cavaathleisure.com/products/miami-aqua-lounge-co-ord-set
https://cavaathleisure.com,8034869575996,Miami Aqua Lounge Co-Ord Set,Women's Co-ord Set,CAVA athleisure,44100852384060,S,Lounge Co-ord Set-Vamos-69/74-TP534-JR534-MiamiAqua,2799.00,False,Sold Out,0,https://cavaathleisure.com/products/miami-aqua-lounge-co-ord-set
https://cavaathleisure.com,8034869575996,Miami Aqua Lounge Co-Ord Set,Women's Co-ord Set,CAVA athleisure,44100852416828,S,Lounge Co-ord Set-Vamos-69/74-TP534-JR534-MiamiAqua,2799.00,False,Sold Out,0,https://cavaathleisure.com/products/miami-aqua-lounge-co-ord-set
https://cavaathleisure.com,8034869575996,Miami Aqua Lounge Co-Ord Set,Women's Co-ord Set,CAVA athleisure,44096518914364,M,Lounge Co-ord Set-Vamos-69/74-TP534-JR534-MiamiAqua,2799.00,False,Sold Out,0,https://cavaathleisure.com/products/miami-aqua-lounge-co-ord-set
https://cavaathleisure.com,8034869575996,Miami Aqua Lounge Co-Ord Set,Women's Co-ord Set,CAVA athleisure,44100852449596,M,Lounge Co-ord Set-Vamos-69/74-TP534-JR534-MiamiAqua,2799.00,False,Sold Out,0,https://cavaathleisure.com/products/miami-aqua-lounge-co-ord-set
https://cavaathleisure.com,8034869575996,Miami Aqua Lounge Co-Ord Set,Women's Co-ord Set,CAVA athleisure,44100852482364,M,Lounge Co-ord Set-Vamos-69/74-TP534-JR534-MiamiAqua,2799.00,False,Sold Out,0,https://cavaathleisure.com/products/miami-aqua-lounge-co-ord-set
https://cavaathleisure.com,8034869575996,Miami Aqua Lounge Co-Ord Set,Women's Co-ord Set,CAVA athleisure,44100852515132,M,Lounge Co-ord Set-Vamos-69/74-TP534-JR534-MiamiAqua,2799.00,False,Sold Out,0,https://cavaathleisure.com/products/miami-aqua-lounge-co-ord-set
https://cavaathleisure.com,8034869575996,Miami Aqua Lounge Co-Ord Set,Women's Co-ord Set,CAVA athleisure,44100852547900,M,Lounge Co-ord Set-Vamos-69/74-TP534-JR534-MiamiAqua,2799.00,False,Sold Out,0,https://cavaathleisure.com/products/miami-aqua-lounge-co-ord-set
https://cavaathleisure.com,8034869575996,Miami Aqua Lounge Co-Ord Set,Women's Co-ord Set,CAVA athleisure,44100852580668,M,Lounge Co-ord Set-Vamos-69/74-TP534-JR534-MiamiAqua,2799.00,False,Sold Out,0,https://cavaathleisure.com/products/miami-aqua-lounge-co-ord-set
https://cavaathleisure.com,8034869575996,Miami Aqua Lounge Co-Ord Set,Women's Co-ord Set,CAVA athleisure,44096518947132,L,Lounge Co-ord Set-Vamos-69/74-TP534-JR534-MiamiAqua,2799.00,False,Sold Out,0,https://cavaathleisure.com/products/miami-aqua-lounge-co-ord-set
https://cavaathleisure.com,8034869575996,Miami Aqua Lounge Co-Ord Set,Women's Co-ord Set,CAVA athleisure,44100852613436,L,Lounge Co-ord Set-Vamos-69/74-TP534-JR534-MiamiAqua,2799.00,False,Sold Out,0,https://cavaathleisure.com/products/miami-aqua-lounge-co-ord-set
https://cavaathleisure.com,8034869575996,Miami Aqua Lounge Co-Ord Set,Women's Co-ord Set,CAVA athleisure,44100852646204,L,Lounge Co-ord Set-Vamos-69/74-TP534-JR534-MiamiAqua,2799.00,False,Sold Out,0,https://cavaathleisure.com/products/miami-aqua-lounge-co-ord-set
https://cavaathleisure.com,8034869575996,Miami Aqua Lounge Co-Ord Set,Women's Co-ord Set,CAVA athleisure,44100852678972,L,Lounge Co-ord Set-Vamos-69/74-TP534-JR534-MiamiAqua,2799.00,False,Sold Out,0,https://cavaathleisure.com/products/miami-aqua-lounge-co-ord-set
https://cavaathleisure.com,8034869575996,Miami Aqua Lounge Co-Ord Set,Women's Co-ord Set,CAVA athleisure,44100852711740,L,Lounge Co-ord Set-Vamos-69/74-TP534-JR534-MiamiAqua,2799.00,False,Sold Out,0,https://cavaathleisure.com/products/miami-aqua-lounge-co-ord-set
https://cavaathleisure.com,8034869575996,Miami Aqua Lounge Co-Ord Set,Women's Co-ord Set,CAVA athleisure,44100852744508,L,Lounge Co-ord Set-Vamos-69/74-TP534-JR534-MiamiAqua,2799.00,False,Sold Out,0,https://cavaathleisure.com/products/miami-aqua-lounge-co-ord-set
https://cavaathleisure.com,8034869575996,Miami Aqua Lounge Co-Ord Set,Women's Co-ord Set,CAVA athleisure,44096518979900,XL,Lounge Co-ord Set-Vamos-69/74-TP534-JR534-MiamiAqua,2799.00,False,Sold Out,0,https://cavaathleisure.com/products/miami-aqua-lounge-co-ord-set
https://cavaathleisure.com,8034869575996,Miami Aqua Lounge Co-Ord Set,Women's Co-ord Set,CAVA athleisure,44100852777276,XL,Lounge Co-ord Set-Vamos-69/74-TP534-JR534-MiamiAqua,2799.00,False,Sold Out,0,https://cavaathleisure.com/products/miami-aqua-lounge-co-ord-set
https://cavaathleisure.com,8034869575996,Miami Aqua Lounge Co-Ord Set,Women's Co-ord Set,CAVA athleisure,44100852810044,XL,Lounge Co-ord Set-Vamos-69/74-TP534-JR534-MiamiAqua,2799.00,False,Sold Out,0,https://cavaathleisure.com/products/miami-aqua-lounge-co-ord-set
https://cavaathleisure.com,8034869575996,Miami Aqua Lounge Co-Ord Set,Women's Co-ord Set,CAVA athleisure,44100852842812,XL,Lounge Co-ord Set-Vamos-69/74-TP534-JR534-MiamiAqua,2799.00,False,Sold Out,0,https://cavaathleisure.com/products/miami-aqua-lounge-co-ord-set
https://cavaathleisure.com,8034869575996,Miami Aqua Lounge Co-Ord Set,Women's Co-ord Set,CAVA athleisure,44100852875580,XL,Lounge Co-ord Set-Vamos-69/74-TP534-JR534-MiamiAqua,2799.00,False,Sold Out,0,https://cavaathleisure.com/products/miami-aqua-lounge-co-ord-set
https://cavaathleisure.com,8034869575996,Miami Aqua Lounge Co-Ord Set,Women's Co-ord Set,CAVA athleisure,44100852908348,XL,Lounge Co-ord Set-Vamos-69/74-TP534-JR534-MiamiAqua,2799.00,False,Sold Out,0,https://cavaathleisure.com/products/miami-aqua-lounge-co-ord-set
https://cavaathleisure.com,8034869575996,Miami Aqua Lounge Co-Ord Set,Women's Co-ord Set,CAVA athleisure,44096519012668,XXL,Lounge Co-ord Set-Vamos-69/74-TP534-JR534-MiamiAqua,2799.00,False,Sold Out,0,https://cavaathleisure.com/products/miami-aqua-lounge-co-ord-set
https://cavaathleisure.com,8034869575996,Miami Aqua Lounge Co-Ord Set,Women's Co-ord Set,CAVA athleisure,44100852941116,XXL,Lounge Co-ord Set-Vamos-69/74-TP534-JR534-MiamiAqua,2799.00,False,Sold Out,0,https://cavaathleisure.com/products/miami-aqua-lounge-co-ord-set
https://cavaathleisure.com,8034869575996,Miami Aqua Lounge Co-Ord Set,Women's Co-ord Set,CAVA athleisure,44100852973884,XXL,Lounge Co-ord Set-Vamos-69/74-TP534-JR534-MiamiAqua,2799.00,False,Sold Out,0,https://cavaathleisure.com/products/miami-aqua-lounge-co-ord-set
https://cavaathleisure.com,8034869575996,Miami Aqua Lounge Co-Ord Set,Women's Co-ord Set,CAVA athleisure,44100853006652,XXL,Lounge Co-ord Set-Vamos-69/74-TP534-JR534-MiamiAqua,2799.00,False,Sold Out,0,https://cavaathleisure.com/products/miami-aqua-lounge-co-ord-set
https://cavaathleisure.com,8034869575996,Miami Aqua Lounge Co-Ord Set,Women's Co-ord Set,CAVA athleisure,44100853039420,XXL,Lounge Co-ord Set-Vamos-69/74-TP534-JR534-MiamiAqua,2799.00,False,Sold Out,0,https://cavaathleisure.com/products/miami-aqua-lounge-co-ord-set
https://cavaathleisure.com,8034869575996,Miami Aqua Lounge Co-Ord Set,Women's Co-ord Set,CAVA athleisure,44100853072188,XXL,Lounge Co-ord Set-Vamos-69/74-TP534-JR534-MiamiAqua,2799.00,False,Sold Out,0,https://cavaathleisure.com/products/miami-aqua-lounge-co-ord-set
https://cavaathleisure.com,8034860597564,Moscow Blue Lounge Co-ord Set,Women's Co-ord Set,CAVA athleisure,44096476676412,XS,Lounge Co-ord Set-Vamos-72/77-TP534-JR534-MoscowBlue,2799.00,False,Sold Out,0,https://cavaathleisure.com/products/moscow-blue-lounge-co-ord-set
https://cavaathleisure.com,8034860597564,Moscow Blue Lounge Co-ord Set,Women's Co-ord Set,CAVA athleisure,47004408676668,XS,Lounge Co-ord Set-Vamos-72/77-TP534-JR534-MoscowBlue,2799.00,False,Sold Out,0,https://cavaathleisure.com/products/moscow-blue-lounge-co-ord-set
https://cavaathleisure.com,8034860597564,Moscow Blue Lounge Co-ord Set,Women's Co-ord Set,CAVA athleisure,47004408709436,XS,Lounge Co-ord Set-Vamos-72/77-TP534-JR534-MoscowBlue,2799.00,False,Sold Out,0,https://cavaathleisure.com/products/moscow-blue-lounge-co-ord-set
https://cavaathleisure.com,8034860597564,Moscow Blue Lounge Co-ord Set,Women's Co-ord Set,CAVA athleisure,47004408742204,XS,Lounge Co-ord Set-Vamos-72/77-TP534-JR534-MoscowBlue,2799.00,False,Sold Out,0,https://cavaathleisure.com/products/moscow-blue-lounge-co-ord-set
https://cavaathleisure.com,8034860597564,Moscow Blue Lounge Co-ord Set,Women's Co-ord Set,CAVA athleisure,47004408774972,XS,Lounge Co-ord Set-Vamos-72/77-TP534-JR534-MoscowBlue,2799.00,False,Sold Out,0,https://cavaathleisure.com/products/moscow-blue-lounge-co-ord-set
https://cavaathleisure.com,8034860597564,Moscow Blue Lounge Co-ord Set,Women's Co-ord Set,CAVA athleisure,47004408807740,XS,Lounge Co-ord Set-Vamos-72/77-TP534-JR534-MoscowBlue,2799.00,False,Sold Out,0,https://cavaathleisure.com/products/moscow-blue-lounge-co-ord-set
https://cavaathleisure.com,8034860597564,Moscow Blue Lounge Co-ord Set,Women's Co-ord Set,CAVA athleisure,47004408840508,S,Lounge Co-ord Set-Vamos-72/77-TP534-JR534-MoscowBlue,2799.00,False,Sold Out,0,https://cavaathleisure.com/products/moscow-blue-lounge-co-ord-set
https://cavaathleisure.com,8034860597564,Moscow Blue Lounge Co-ord Set,Women's Co-ord Set,CAVA athleisure,47004408873276,S,Lounge Co-ord Set-Vamos-72/77-TP534-JR534-MoscowBlue,2799.00,False,Sold Out,0,https://cavaathleisure.com/products/moscow-blue-lounge-co-ord-set
https://cavaathleisure.com,8034860597564,Moscow Blue Lounge Co-ord Set,Women's Co-ord Set,CAVA athleisure,47004408906044,S,Lounge Co-ord Set-Vamos-72/77-TP534-JR534-MoscowBlue,2799.00,False,Sold Out,0,https://cavaathleisure.com/products/moscow-blue-lounge-co-ord-set
https://cavaathleisure.com,8034860597564,Moscow Blue Lounge Co-ord Set,Women's Co-ord Set,CAVA athleisure,47004408938812,S,Lounge Co-ord Set-Vamos-72/77-TP534-JR534-MoscowBlue,2799.00,False,Sold Out,0,https://cavaathleisure.com/products/moscow-blue-lounge-co-ord-set
https://cavaathleisure.com,8034860597564,Moscow Blue Lounge Co-ord Set,Women's Co-ord Set,CAVA athleisure,47004408971580,S,Lounge Co-ord Set-Vamos-72/77-TP534-JR534-MoscowBlue,2799.00,False,Sold Out,0,https://cavaathleisure.com/products/moscow-blue-lounge-co-ord-set
https://cavaathleisure.com,8034860597564,Moscow Blue Lounge Co-ord Set,Women's Co-ord Set,CAVA athleisure,47004409004348,S,Lounge Co-ord Set-Vamos-72/77-TP534-JR534-MoscowBlue,2799.00,False,Sold Out,0,https://cavaathleisure.com/products/moscow-blue-lounge-co-ord-set
https://cavaathleisure.com,8034860597564,Moscow Blue Lounge Co-ord Set,Women's Co-ord Set,CAVA athleisure,47004409037116,M,Lounge Co-ord Set-Vamos-72/77-TP534-JR534-MoscowBlue,2799.00,False,Sold Out,0,https://cavaathleisure.com/products/moscow-blue-lounge-co-ord-set
https://cavaathleisure.com,8034860597564,Moscow Blue Lounge Co-ord Set,Women's Co-ord Set,CAVA athleisure,47004409069884,M,Lounge Co-ord Set-Vamos-72/77-TP534-JR534-MoscowBlue,2799.00,False,Sold Out,0,https://cavaathleisure.com/products/moscow-blue-lounge-co-ord-set
https://cavaathleisure.com,8034860597564,Moscow Blue Lounge Co-ord Set,Women's Co-ord Set,CAVA athleisure,47004409102652,M,Lounge Co-ord Set-Vamos-72/77-TP534-JR534-MoscowBlue,2799.00,False,Sold Out,0,https://cavaathleisure.com/products/moscow-blue-lounge-co-ord-set
https://cavaathleisure.com,8034860597564,Moscow Blue Lounge Co-ord Set,Women's Co-ord Set,CAVA athleisure,47004409168188,M,Lounge Co-ord Set-Vamos-72/77-TP534-JR534-MoscowBlue,2799.00,False,Sold Out,0,https://cavaathleisure.com/products/moscow-blue-lounge-co-ord-set
https://cavaathleisure.com,8034860597564,Moscow Blue Lounge Co-ord Set,Women's Co-ord Set,CAVA athleisure,47004409200956,M,Lounge Co-ord Set-Vamos-72/77-TP534-JR534-MoscowBlue,2799.00,False,Sold Out,0,https://cavaathleisure.com/products/moscow-blue-lounge-co-ord-set
https://cavaathleisure.com,8034860597564,Moscow Blue Lounge Co-ord Set,Women's Co-ord Set,CAVA athleisure,47004409233724,M,Lounge Co-ord Set-Vamos-72/77-TP534-JR534-MoscowBlue,2799.00,False,Sold Out,0,https://cavaathleisure.com/products/moscow-blue-lounge-co-ord-set
https://cavaathleisure.com,8034860597564,Moscow Blue Lounge Co-ord Set,Women's Co-ord Set,CAVA athleisure,47004409266492,L,Lounge Co-ord Set-Vamos-72/77-TP534-JR534-MoscowBlue,2799.00,False,Sold Out,0,https://cavaathleisure.com/products/moscow-blue-lounge-co-ord-set
https://cavaathleisure.com,8034860597564,Moscow Blue Lounge Co-ord Set,Women's Co-ord Set,CAVA athleisure,47004409299260,L,Lounge Co-ord Set-Vamos-72/77-TP534-JR534-MoscowBlue,2799.00,False,Sold Out,0,https://cavaathleisure.com/products/moscow-blue-lounge-co-ord-set
https://cavaathleisure.com,8034860597564,Moscow Blue Lounge Co-ord Set,Women's Co-ord Set,CAVA athleisure,47004409332028,L,Lounge Co-ord Set-Vamos-72/77-TP534-JR534-MoscowBlue,2799.00,False,Sold Out,0,https://cavaathleisure.com/products/moscow-blue-lounge-co-ord-set
https://cavaathleisure.com,8034860597564,Moscow Blue Lounge Co-ord Set,Women's Co-ord Set,CAVA athleisure,47004409364796,L,Lounge Co-ord Set-Vamos-72/77-TP534-JR534-MoscowBlue,2799.00,False,Sold Out,0,https://cavaathleisure.com/products/moscow-blue-lounge-co-ord-set
https://cavaathleisure.com,8034860597564,Moscow Blue Lounge Co-ord Set,Women's Co-ord Set,CAVA athleisure,47004409397564,L,Lounge Co-ord Set-Vamos-72/77-TP534-JR534-MoscowBlue,2799.00,False,Sold Out,0,https://cavaathleisure.com/products/moscow-blue-lounge-co-ord-set
https://cavaathleisure.com,8034860597564,Moscow Blue Lounge Co-ord Set,Women's Co-ord Set,CAVA athleisure,47004409430332,L,Lounge Co-ord Set-Vamos-72/77-TP534-JR534-MoscowBlue,2799.00,False,Sold Out,0,https://cavaathleisure.com/products/moscow-blue-lounge-co-ord-set
https://cavaathleisure.com,8034860597564,Moscow Blue Lounge Co-ord Set,Women's Co-ord Set,CAVA athleisure,47004409463100,XL,Lounge Co-ord Set-Vamos-72/77-TP534-JR534-MoscowBlue,2799.00,False,Sold Out,0,https://cavaathleisure.com/products/moscow-blue-lounge-co-ord-set
https://cavaathleisure.com,8034860597564,Moscow Blue Lounge Co-ord Set,Women's Co-ord Set,CAVA athleisure,47004409495868,XL,Lounge Co-ord Set-Vamos-72/77-TP534-JR534-MoscowBlue,2799.00,False,Sold Out,0,https://cavaathleisure.com/products/moscow-blue-lounge-co-ord-set
https://cavaathleisure.com,8034860597564,Moscow Blue Lounge Co-ord Set,Women's Co-ord Set,CAVA athleisure,47004409528636,XL,Lounge Co-ord Set-Vamos-72/77-TP534-JR534-MoscowBlue,2799.00,False,Sold Out,0,https://cavaathleisure.com/products/moscow-blue-lounge-co-ord-set
https://cavaathleisure.com,8034860597564,Moscow Blue Lounge Co-ord Set,Women's Co-ord Set,CAVA athleisure,47004409561404,XL,Lounge Co-ord Set-Vamos-72/77-TP534-JR534-MoscowBlue,2799.00,False,Sold Out,0,https://cavaathleisure.com/products/moscow-blue-lounge-co-ord-set
https://cavaathleisure.com,8034860597564,Moscow Blue Lounge Co-ord Set,Women's Co-ord Set,CAVA athleisure,47004409594172,XL,Lounge Co-ord Set-Vamos-72/77-TP534-JR534-MoscowBlue,2799.00,False,Sold Out,0,https://cavaathleisure.com/products/moscow-blue-lounge-co-ord-set
https://cavaathleisure.com,8034860597564,Moscow Blue Lounge Co-ord Set,Women's Co-ord Set,CAVA athleisure,47004409626940,XL,Lounge Co-ord Set-Vamos-72/77-TP534-JR534-MoscowBlue,2799.00,False,Sold Out,0,https://cavaathleisure.com/products/moscow-blue-lounge-co-ord-set
https://cavaathleisure.com,8034860597564,Moscow Blue Lounge Co-ord Set,Women's Co-ord Set,CAVA athleisure,47004409659708,XXL,Lounge Co-ord Set-Vamos-72/77-TP534-JR534-MoscowBlue,2799.00,False,Sold Out,0,https://cavaathleisure.com/products/moscow-blue-lounge-co-ord-set
https://cavaathleisure.com,8034860597564,Moscow Blue Lounge Co-ord Set,Women's Co-ord Set,CAVA athleisure,47004409692476,XXL,Lounge Co-ord Set-Vamos-72/77-TP534-JR534-MoscowBlue,2799.00,False,Sold Out,0,https://cavaathleisure.com/products/moscow-blue-lounge-co-ord-set
https://cavaathleisure.com,8034860597564,Moscow Blue Lounge Co-ord Set,Women's Co-ord Set,CAVA athleisure,47004409725244,XXL,Lounge Co-ord Set-Vamos-72/77-TP534-JR534-MoscowBlue,2799.00,False,Sold Out,0,https://cavaathleisure.com/products/moscow-blue-lounge-co-ord-set
https://cavaathleisure.com,8034860597564,Moscow Blue Lounge Co-ord Set,Women's Co-ord Set,CAVA athleisure,47004409758012,XXL,Lounge Co-ord Set-Vamos-72/77-TP534-JR534-MoscowBlue,2799.00,False,Sold Out,0,https://cavaathleisure.com/products/moscow-blue-lounge-co-ord-set
https://cavaathleisure.com,8034860597564,Moscow Blue Lounge Co-ord Set,Women's Co-ord Set,CAVA athleisure,47004409790780,XXL,Lounge Co-ord Set-Vamos-72/77-TP534-JR534-MoscowBlue,2799.00,False,Sold Out,0,https://cavaathleisure.com/products/moscow-blue-lounge-co-ord-set
https://cavaathleisure.com,8034860597564,Moscow Blue Lounge Co-ord Set,Women's Co-ord Set,CAVA athleisure,47004409823548,XXL,Lounge Co-ord Set-Vamos-72/77-TP534-JR534-MoscowBlue,2799.00,False,Sold Out,0,https://cavaathleisure.com/products/moscow-blue-lounge-co-ord-set
https://cavaathleisure.com,8384532676924,Light Grey Signature Sprint Hoodie,Men's Hoodies & Sweatshirts,CAVA athleisure,45360541761852,XS,MNHD702-Volar-9-Grey-XS,1140.00,True,Available,1,https://cavaathleisure.com/products/light-grey-signature-sprint-hoodie
https://cavaathleisure.com,8384532676924,Light Grey Signature Sprint Hoodie,Men's Hoodies & Sweatshirts,CAVA athleisure,45360541794620,S,MNHD702-Volar-9-Grey-S,1140.00,True,Available,1,https://cavaathleisure.com/products/light-grey-signature-sprint-hoodie
https://cavaathleisure.com,8384532676924,Light Grey Signature Sprint Hoodie,Men's Hoodies & Sweatshirts,CAVA athleisure,45360541827388,M,MNHD702-Volar-9-Grey-M,1140.00,False,Sold Out,0,https://cavaathleisure.com/products/light-grey-signature-sprint-hoodie
https://cavaathleisure.com,8384532676924,Light Grey Signature Sprint Hoodie,Men's Hoodies & Sweatshirts,CAVA athleisure,45360541860156,L,MNHD702-Volar-9-Grey-L,1140.00,False,Sold Out,0,https://cavaathleisure.com/products/light-grey-signature-sprint-hoodie
https://cavaathleisure.com,8384532676924,Light Grey Signature Sprint Hoodie,Men's Hoodies & Sweatshirts,CAVA athleisure,45360541892924,XL,MNHD702-Volar-9-Grey-XL,1140.00,False,Sold Out,0,https://cavaathleisure.com/products/light-grey-signature-sprint-hoodie
https://cavaathleisure.com,8384532676924,Light Grey Signature Sprint Hoodie,Men's Hoodies & Sweatshirts,CAVA athleisure,45390905835836,XXL,MNHD702-Volar-9-Grey-XXL,1140.00,True,Available,1,https://cavaathleisure.com/products/light-grey-signature-sprint-hoodie
https://cavaathleisure.com,8034956280124,Croatia Purple Sculpt Active Co-ord Set,Women's Co-ord Set,CAVA athleisure,44097098088764,XS,Sculpt Active Co-ord set-Vamos-37/41-BR511-BEL511-CroatiaPurple,2589.00,False,Sold Out,0,https://cavaathleisure.com/products/croatia-purple-sculpt-active-co-ord-set
https://cavaathleisure.com,8034956280124,Croatia Purple Sculpt Active Co-ord Set,Women's Co-ord Set,CAVA athleisure,44100945510716,XS,Sculpt Active Co-ord set-Vamos-37/41-BR511-BEL511-CroatiaPurple,2589.00,False,Sold Out,0,https://cavaathleisure.com/products/croatia-purple-sculpt-active-co-ord-set
https://cavaathleisure.com,8034956280124,Croatia Purple Sculpt Active Co-ord Set,Women's Co-ord Set,CAVA athleisure,44100945543484,XS,Sculpt Active Co-ord set-Vamos-37/41-BR511-BEL511-CroatiaPurple,2589.00,False,Sold Out,0,https://cavaathleisure.com/products/croatia-purple-sculpt-active-co-ord-set
https://cavaathleisure.com,8034956280124,Croatia Purple Sculpt Active Co-ord Set,Women's Co-ord Set,CAVA athleisure,44100945576252,XS,Sculpt Active Co-ord set-Vamos-37/41-BR511-BEL511-CroatiaPurple,2589.00,False,Sold Out,0,https://cavaathleisure.com/products/croatia-purple-sculpt-active-co-ord-set
https://cavaathleisure.com,8034956280124,Croatia Purple Sculpt Active Co-ord Set,Women's Co-ord Set,CAVA athleisure,44491304206652,XS,,2589.00,False,Sold Out,0,https://cavaathleisure.com/products/croatia-purple-sculpt-active-co-ord-set
https://cavaathleisure.com,8034956280124,Croatia Purple Sculpt Active Co-ord Set,Women's Co-ord Set,CAVA athleisure,44100945609020,XS,Sculpt Active Co-ord set-Vamos-37/41-BR511-BEL511-CroatiaPurple,2589.00,False,Sold Out,0,https://cavaathleisure.com/products/croatia-purple-sculpt-active-co-ord-set
https://cavaathleisure.com,8034956280124,Croatia Purple Sculpt Active Co-ord Set,Women's Co-ord Set,CAVA athleisure,44097098121532,S,Sculpt Active Co-ord set-Vamos-37/41-BR511-BEL511-CroatiaPurple,2589.00,False,Sold Out,0,https://cavaathleisure.com/products/croatia-purple-sculpt-active-co-ord-set
https://cavaathleisure.com,8034956280124,Croatia Purple Sculpt Active Co-ord Set,Women's Co-ord Set,CAVA athleisure,44100945641788,S,Sculpt Active Co-ord set-Vamos-37/41-BR511-BEL511-CroatiaPurple,2589.00,False,Sold Out,0,https://cavaathleisure.com/products/croatia-purple-sculpt-active-co-ord-set
https://cavaathleisure.com,8034956280124,Croatia Purple Sculpt Active Co-ord Set,Women's Co-ord Set,CAVA athleisure,44100945674556,S,Sculpt Active Co-ord set-Vamos-37/41-BR511-BEL511-CroatiaPurple,2589.00,False,Sold Out,0,https://cavaathleisure.com/products/croatia-purple-sculpt-active-co-ord-set
https://cavaathleisure.com,8034956280124,Croatia Purple Sculpt Active Co-ord Set,Women's Co-ord Set,CAVA athleisure,44100945707324,S,Sculpt Active Co-ord set-Vamos-37/41-BR511-BEL511-CroatiaPurple,2589.00,False,Sold Out,0,https://cavaathleisure.com/products/croatia-purple-sculpt-active-co-ord-set
https://cavaathleisure.com,8034956280124,Croatia Purple Sculpt Active Co-ord Set,Women's Co-ord Set,CAVA athleisure,44491304239420,S,,2589.00,False,Sold Out,0,https://cavaathleisure.com/products/croatia-purple-sculpt-active-co-ord-set
https://cavaathleisure.com,8034956280124,Croatia Purple Sculpt Active Co-ord Set,Women's Co-ord Set,CAVA athleisure,44100945740092,S,Sculpt Active Co-ord set-Vamos-37/41-BR511-BEL511-CroatiaPurple,2589.00,False,Sold Out,0,https://cavaathleisure.com/products/croatia-purple-sculpt-active-co-ord-set
https://cavaathleisure.com,8034956280124,Croatia Purple Sculpt Active Co-ord Set,Women's Co-ord Set,CAVA athleisure,44097098154300,M,Sculpt Active Co-ord set-Vamos-37/41-BR511-BEL511-CroatiaPurple,2589.00,False,Sold Out,0,https://cavaathleisure.com/products/croatia-purple-sculpt-active-co-ord-set
https://cavaathleisure.com,8034956280124,Croatia Purple Sculpt Active Co-ord Set,Women's Co-ord Set,CAVA athleisure,44100945772860,M,Sculpt Active Co-ord set-Vamos-37/41-BR511-BEL511-CroatiaPurple,2589.00,False,Sold Out,0,https://cavaathleisure.com/products/croatia-purple-sculpt-active-co-ord-set
https://cavaathleisure.com,8034956280124,Croatia Purple Sculpt Active Co-ord Set,Women's Co-ord Set,CAVA athleisure,44100945805628,M,Sculpt Active Co-ord set-Vamos-37/41-BR511-BEL511-CroatiaPurple,2589.00,False,Sold Out,0,https://cavaathleisure.com/products/croatia-purple-sculpt-active-co-ord-set
https://cavaathleisure.com,8034956280124,Croatia Purple Sculpt Active Co-ord Set,Women's Co-ord Set,CAVA athleisure,44100945838396,M,Sculpt Active Co-ord set-Vamos-37/41-BR511-BEL511-CroatiaPurple,2589.00,False,Sold Out,0,https://cavaathleisure.com/products/croatia-purple-sculpt-active-co-ord-set
https://cavaathleisure.com,8034956280124,Croatia Purple Sculpt Active Co-ord Set,Women's Co-ord Set,CAVA athleisure,44491304272188,M,,2589.00,False,Sold Out,0,https://cavaathleisure.com/products/croatia-purple-sculpt-active-co-ord-set
https://cavaathleisure.com,8034956280124,Croatia Purple Sculpt Active Co-ord Set,Women's Co-ord Set,CAVA athleisure,44100945871164,M,Sculpt Active Co-ord set-Vamos-37/41-BR511-BEL511-CroatiaPurple,2589.00,False,Sold Out,0,https://cavaathleisure.com/products/croatia-purple-sculpt-active-co-ord-set
https://cavaathleisure.com,8034956280124,Croatia Purple Sculpt Active Co-ord Set,Women's Co-ord Set,CAVA athleisure,44097098187068,L,Sculpt Active Co-ord set-Vamos-37/41-BR511-BEL511-CroatiaPurple,2589.00,False,Sold Out,0,https://cavaathleisure.com/products/croatia-purple-sculpt-active-co-ord-set
https://cavaathleisure.com,8034956280124,Croatia Purple Sculpt Active Co-ord Set,Women's Co-ord Set,CAVA athleisure,44100945903932,L,Sculpt Active Co-ord set-Vamos-37/41-BR511-BEL511-CroatiaPurple,2589.00,False,Sold Out,0,https://cavaathleisure.com/products/croatia-purple-sculpt-active-co-ord-set
https://cavaathleisure.com,8034956280124,Croatia Purple Sculpt Active Co-ord Set,Women's Co-ord Set,CAVA athleisure,44100945936700,L,Sculpt Active Co-ord set-Vamos-37/41-BR511-BEL511-CroatiaPurple,2589.00,False,Sold Out,0,https://cavaathleisure.com/products/croatia-purple-sculpt-active-co-ord-set
https://cavaathleisure.com,8034956280124,Croatia Purple Sculpt Active Co-ord Set,Women's Co-ord Set,CAVA athleisure,44100945969468,L,Sculpt Active Co-ord set-Vamos-37/41-BR511-BEL511-CroatiaPurple,2589.00,False,Sold Out,0,https://cavaathleisure.com/products/croatia-purple-sculpt-active-co-ord-set
https://cavaathleisure.com,8034956280124,Croatia Purple Sculpt Active Co-ord Set,Women's Co-ord Set,CAVA athleisure,44491304304956,L,,2589.00,False,Sold Out,0,https://cavaathleisure.com/products/croatia-purple-sculpt-active-co-ord-set
https://cavaathleisure.com,8034956280124,Croatia Purple Sculpt Active Co-ord Set,Women's Co-ord Set,CAVA athleisure,44100946002236,L,Sculpt Active Co-ord set-Vamos-37/41-BR511-BEL511-CroatiaPurple,2589.00,False,Sold Out,0,https://cavaathleisure.com/products/croatia-purple-sculpt-active-co-ord-set
https://cavaathleisure.com,8034956280124,Croatia Purple Sculpt Active Co-ord Set,Women's Co-ord Set,CAVA athleisure,44097098219836,XL,Sculpt Active Co-ord set-Vamos-37/41-BR511-BEL511-CroatiaPurple,2589.00,False,Sold Out,0,https://cavaathleisure.com/products/croatia-purple-sculpt-active-co-ord-set
https://cavaathleisure.com,8034956280124,Croatia Purple Sculpt Active Co-ord Set,Women's Co-ord Set,CAVA athleisure,44100946035004,XL,Sculpt Active Co-ord set-Vamos-37/41-BR511-BEL511-CroatiaPurple,2589.00,False,Sold Out,0,https://cavaathleisure.com/products/croatia-purple-sculpt-active-co-ord-set
https://cavaathleisure.com,8034956280124,Croatia Purple Sculpt Active Co-ord Set,Women's Co-ord Set,CAVA athleisure,44100946067772,XL,Sculpt Active Co-ord set-Vamos-37/41-BR511-BEL511-CroatiaPurple,2589.00,False,Sold Out,0,https://cavaathleisure.com/products/croatia-purple-sculpt-active-co-ord-set
https://cavaathleisure.com,8034956280124,Croatia Purple Sculpt Active Co-ord Set,Women's Co-ord Set,CAVA athleisure,44100946100540,XL,Sculpt Active Co-ord set-Vamos-37/41-BR511-BEL511-CroatiaPurple,2589.00,False,Sold Out,0,https://cavaathleisure.com/products/croatia-purple-sculpt-active-co-ord-set
https://cavaathleisure.com,8034956280124,Croatia Purple Sculpt Active Co-ord Set,Women's Co-ord Set,CAVA athleisure,44491304337724,XL,,2589.00,False,Sold Out,0,https://cavaathleisure.com/products/croatia-purple-sculpt-active-co-ord-set
https://cavaathleisure.com,8034956280124,Croatia Purple Sculpt Active Co-ord Set,Women's Co-ord Set,CAVA athleisure,44100946133308,XL,Sculpt Active Co-ord set-Vamos-37/41-BR511-BEL511-CroatiaPurple,2589.00,False,Sold Out,0,https://cavaathleisure.com/products/croatia-purple-sculpt-active-co-ord-set
https://cavaathleisure.com,8034956280124,Croatia Purple Sculpt Active Co-ord Set,Women's Co-ord Set,CAVA athleisure,44097098252604,XXL,Sculpt Active Co-ord set-Vamos-37/41-BR511-BEL511-CroatiaPurple,2589.00,False,Sold Out,0,https://cavaathleisure.com/products/croatia-purple-sculpt-active-co-ord-set
https://cavaathleisure.com,8034956280124,Croatia Purple Sculpt Active Co-ord Set,Women's Co-ord Set,CAVA athleisure,44100946166076,XXL,Sculpt Active Co-ord set-Vamos-37/41-BR511-BEL511-CroatiaPurple,2589.00,False,Sold Out,0,https://cavaathleisure.com/products/croatia-purple-sculpt-active-co-ord-set
https://cavaathleisure.com,8034956280124,Croatia Purple Sculpt Active Co-ord Set,Women's Co-ord Set,CAVA athleisure,44100946198844,XXL,Sculpt Active Co-ord set-Vamos-37/41-BR511-BEL511-CroatiaPurple,2589.00,False,Sold Out,0,https://cavaathleisure.com/products/croatia-purple-sculpt-active-co-ord-set
https://cavaathleisure.com,8034956280124,Croatia Purple Sculpt Active Co-ord Set,Women's Co-ord Set,CAVA athleisure,44100946231612,XXL,Sculpt Active Co-ord set-Vamos-37/41-BR511-BEL511-CroatiaPurple,2589.00,False,Sold Out,0,https://cavaathleisure.com/products/croatia-purple-sculpt-active-co-ord-set
https://cavaathleisure.com,8034956280124,Croatia Purple Sculpt Active Co-ord Set,Women's Co-ord Set,CAVA athleisure,44491304370492,XXL,,2589.00,False,Sold Out,0,https://cavaathleisure.com/products/croatia-purple-sculpt-active-co-ord-set
https://cavaathleisure.com,8034956280124,Croatia Purple Sculpt Active Co-ord Set,Women's Co-ord Set,CAVA athleisure,44100946264380,XXL,Sculpt Active Co-ord set-Vamos-37/41-BR511-BEL511-CroatiaPurple,2589.00,False,Sold Out,0,https://cavaathleisure.com/products/croatia-purple-sculpt-active-co-ord-set
https://cavaathleisure.com,8034948317500,Cairo Orange Sculpt Active Co-ord Set,Women's Co-ord Set,CAVA athleisure,44097043235132,XS,Sculpt Active Co-ord set-Vamos-39/43-BR511-BEL511-CairoOrange,2589.00,False,Sold Out,0,https://cavaathleisure.com/products/cairo-orange-sculpt-active-co-ord-set
https://cavaathleisure.com,8034948317500,Cairo Orange Sculpt Active Co-ord Set,Women's Co-ord Set,CAVA athleisure,44100942561596,XS,Sculpt Active Co-ord set-Vamos-39/43-BR511-BEL511-CairoOrange,2589.00,False,Sold Out,0,https://cavaathleisure.com/products/cairo-orange-sculpt-active-co-ord-set
https://cavaathleisure.com,8034948317500,Cairo Orange Sculpt Active Co-ord Set,Women's Co-ord Set,CAVA athleisure,44100942594364,XS,Sculpt Active Co-ord set-Vamos-39/43-BR511-BEL511-CairoOrange,2589.00,False,Sold Out,0,https://cavaathleisure.com/products/cairo-orange-sculpt-active-co-ord-set
https://cavaathleisure.com,8034948317500,Cairo Orange Sculpt Active Co-ord Set,Women's Co-ord Set,CAVA athleisure,44100942627132,XS,Sculpt Active Co-ord set-Vamos-39/43-BR511-BEL511-CairoOrange,2589.00,False,Sold Out,0,https://cavaathleisure.com/products/cairo-orange-sculpt-active-co-ord-set
https://cavaathleisure.com,8034948317500,Cairo Orange Sculpt Active Co-ord Set,Women's Co-ord Set,CAVA athleisure,44100942659900,XS,Sculpt Active Co-ord set-Vamos-39/43-BR511-BEL511-CairoOrange,2589.00,False,Sold Out,0,https://cavaathleisure.com/products/cairo-orange-sculpt-active-co-ord-set
https://cavaathleisure.com,8034948317500,Cairo Orange Sculpt Active Co-ord Set,Women's Co-ord Set,CAVA athleisure,44100942692668,XS,Sculpt Active Co-ord set-Vamos-39/43-BR511-BEL511-CairoOrange,2589.00,False,Sold Out,0,https://cavaathleisure.com/products/cairo-orange-sculpt-active-co-ord-set
https://cavaathleisure.com,8034948317500,Cairo Orange Sculpt Active Co-ord Set,Women's Co-ord Set,CAVA athleisure,44097043267900,S,Sculpt Active Co-ord set-Vamos-39/43-BR511-BEL511-CairoOrange,2589.00,False,Sold Out,0,https://cavaathleisure.com/products/cairo-orange-sculpt-active-co-ord-set
https://cavaathleisure.com,8034948317500,Cairo Orange Sculpt Active Co-ord Set,Women's Co-ord Set,CAVA athleisure,44100942725436,S,Sculpt Active Co-ord set-Vamos-39/43-BR511-BEL511-CairoOrange,2589.00,False,Sold Out,0,https://cavaathleisure.com/products/cairo-orange-sculpt-active-co-ord-set
https://cavaathleisure.com,8034948317500,Cairo Orange Sculpt Active Co-ord Set,Women's Co-ord Set,CAVA athleisure,44100942758204,S,Sculpt Active Co-ord set-Vamos-39/43-BR511-BEL511-CairoOrange,2589.00,False,Sold Out,0,https://cavaathleisure.com/products/cairo-orange-sculpt-active-co-ord-set
https://cavaathleisure.com,8034948317500,Cairo Orange Sculpt Active Co-ord Set,Women's Co-ord Set,CAVA athleisure,44100942790972,S,Sculpt Active Co-ord set-Vamos-39/43-BR511-BEL511-CairoOrange,2589.00,False,Sold Out,0,https://cavaathleisure.com/products/cairo-orange-sculpt-active-co-ord-set
https://cavaathleisure.com,8034948317500,Cairo Orange Sculpt Active Co-ord Set,Women's Co-ord Set,CAVA athleisure,44100942823740,S,Sculpt Active Co-ord set-Vamos-39/43-BR511-BEL511-CairoOrange,2589.00,False,Sold Out,0,https://cavaathleisure.com/products/cairo-orange-sculpt-active-co-ord-set
https://cavaathleisure.com,8034948317500,Cairo Orange Sculpt Active Co-ord Set,Women's Co-ord Set,CAVA athleisure,44100942856508,S,Sculpt Active Co-ord set-Vamos-39/43-BR511-BEL511-CairoOrange,2589.00,False,Sold Out,0,https://cavaathleisure.com/products/cairo-orange-sculpt-active-co-ord-set
https://cavaathleisure.com,8034948317500,Cairo Orange Sculpt Active Co-ord Set,Women's Co-ord Set,CAVA athleisure,44097043300668,M,Sculpt Active Co-ord set-Vamos-39/43-BR511-BEL511-CairoOrange,2589.00,False,Sold Out,0,https://cavaathleisure.com/products/cairo-orange-sculpt-active-co-ord-set
https://cavaathleisure.com,8034948317500,Cairo Orange Sculpt Active Co-ord Set,Women's Co-ord Set,CAVA athleisure,44100942889276,M,Sculpt Active Co-ord set-Vamos-39/43-BR511-BEL511-CairoOrange,2589.00,False,Sold Out,0,https://cavaathleisure.com/products/cairo-orange-sculpt-active-co-ord-set
https://cavaathleisure.com,8034948317500,Cairo Orange Sculpt Active Co-ord Set,Women's Co-ord Set,CAVA athleisure,44100942922044,M,Sculpt Active Co-ord set-Vamos-39/43-BR511-BEL511-CairoOrange,2589.00,False,Sold Out,0,https://cavaathleisure.com/products/cairo-orange-sculpt-active-co-ord-set
https://cavaathleisure.com,8034948317500,Cairo Orange Sculpt Active Co-ord Set,Women's Co-ord Set,CAVA athleisure,44100942954812,M,Sculpt Active Co-ord set-Vamos-39/43-BR511-BEL511-CairoOrange,2589.00,False,Sold Out,0,https://cavaathleisure.com/products/cairo-orange-sculpt-active-co-ord-set
https://cavaathleisure.com,8034948317500,Cairo Orange Sculpt Active Co-ord Set,Women's Co-ord Set,CAVA athleisure,44100942987580,M,Sculpt Active Co-ord set-Vamos-39/43-BR511-BEL511-CairoOrange,2589.00,False,Sold Out,0,https://cavaathleisure.com/products/cairo-orange-sculpt-active-co-ord-set
https://cavaathleisure.com,8034948317500,Cairo Orange Sculpt Active Co-ord Set,Women's Co-ord Set,CAVA athleisure,44100943020348,M,Sculpt Active Co-ord set-Vamos-39/43-BR511-BEL511-CairoOrange,2589.00,False,Sold Out,0,https://cavaathleisure.com/products/cairo-orange-sculpt-active-co-ord-set
https://cavaathleisure.com,8034948317500,Cairo Orange Sculpt Active Co-ord Set,Women's Co-ord Set,CAVA athleisure,44097043333436,L,Sculpt Active Co-ord set-Vamos-39/43-BR511-BEL511-CairoOrange,2589.00,False,Sold Out,0,https://cavaathleisure.com/products/cairo-orange-sculpt-active-co-ord-set
https://cavaathleisure.com,8034948317500,Cairo Orange Sculpt Active Co-ord Set,Women's Co-ord Set,CAVA athleisure,44100943053116,L,Sculpt Active Co-ord set-Vamos-39/43-BR511-BEL511-CairoOrange,2589.00,False,Sold Out,0,https://cavaathleisure.com/products/cairo-orange-sculpt-active-co-ord-set
https://cavaathleisure.com,8034948317500,Cairo Orange Sculpt Active Co-ord Set,Women's Co-ord Set,CAVA athleisure,44100943085884,L,Sculpt Active Co-ord set-Vamos-39/43-BR511-BEL511-CairoOrange,2589.00,False,Sold Out,0,https://cavaathleisure.com/products/cairo-orange-sculpt-active-co-ord-set
https://cavaathleisure.com,8034948317500,Cairo Orange Sculpt Active Co-ord Set,Women's Co-ord Set,CAVA athleisure,44100943118652,L,Sculpt Active Co-ord set-Vamos-39/43-BR511-BEL511-CairoOrange,2589.00,False,Sold Out,0,https://cavaathleisure.com/products/cairo-orange-sculpt-active-co-ord-set
https://cavaathleisure.com,8034948317500,Cairo Orange Sculpt Active Co-ord Set,Women's Co-ord Set,CAVA athleisure,44100943151420,L,Sculpt Active Co-ord set-Vamos-39/43-BR511-BEL511-CairoOrange,2589.00,False,Sold Out,0,https://cavaathleisure.com/products/cairo-orange-sculpt-active-co-ord-set
https://cavaathleisure.com,8034948317500,Cairo Orange Sculpt Active Co-ord Set,Women's Co-ord Set,CAVA athleisure,44100943184188,L,Sculpt Active Co-ord set-Vamos-39/43-BR511-BEL511-CairoOrange,2589.00,False,Sold Out,0,https://cavaathleisure.com/products/cairo-orange-sculpt-active-co-ord-set
https://cavaathleisure.com,8034948317500,Cairo Orange Sculpt Active Co-ord Set,Women's Co-ord Set,CAVA athleisure,44097043366204,XL,Sculpt Active Co-ord set-Vamos-39/43-BR511-BEL511-CairoOrange,2589.00,False,Sold Out,0,https://cavaathleisure.com/products/cairo-orange-sculpt-active-co-ord-set
https://cavaathleisure.com,8034948317500,Cairo Orange Sculpt Active Co-ord Set,Women's Co-ord Set,CAVA athleisure,44100943216956,XL,Sculpt Active Co-ord set-Vamos-39/43-BR511-BEL511-CairoOrange,2589.00,False,Sold Out,0,https://cavaathleisure.com/products/cairo-orange-sculpt-active-co-ord-set
https://cavaathleisure.com,8034948317500,Cairo Orange Sculpt Active Co-ord Set,Women's Co-ord Set,CAVA athleisure,44100943249724,XL,Sculpt Active Co-ord set-Vamos-39/43-BR511-BEL511-CairoOrange,2589.00,False,Sold Out,0,https://cavaathleisure.com/products/cairo-orange-sculpt-active-co-ord-set
https://cavaathleisure.com,8034948317500,Cairo Orange Sculpt Active Co-ord Set,Women's Co-ord Set,CAVA athleisure,44100943282492,XL,Sculpt Active Co-ord set-Vamos-39/43-BR511-BEL511-CairoOrange,2589.00,False,Sold Out,0,https://cavaathleisure.com/products/cairo-orange-sculpt-active-co-ord-set
https://cavaathleisure.com,8034948317500,Cairo Orange Sculpt Active Co-ord Set,Women's Co-ord Set,CAVA athleisure,44100943315260,XL,Sculpt Active Co-ord set-Vamos-39/43-BR511-BEL511-CairoOrange,2589.00,False,Sold Out,0,https://cavaathleisure.com/products/cairo-orange-sculpt-active-co-ord-set
https://cavaathleisure.com,8034948317500,Cairo Orange Sculpt Active Co-ord Set,Women's Co-ord Set,CAVA athleisure,44100943348028,XL,Sculpt Active Co-ord set-Vamos-39/43-BR511-BEL511-CairoOrange,2589.00,False,Sold Out,0,https://cavaathleisure.com/products/cairo-orange-sculpt-active-co-ord-set
https://cavaathleisure.com,8034948317500,Cairo Orange Sculpt Active Co-ord Set,Women's Co-ord Set,CAVA athleisure,44097043398972,XXL,Sculpt Active Co-ord set-Vamos-39/43-BR511-BEL511-CairoOrange,2589.00,False,Sold Out,0,https://cavaathleisure.com/products/cairo-orange-sculpt-active-co-ord-set
https://cavaathleisure.com,8034948317500,Cairo Orange Sculpt Active Co-ord Set,Women's Co-ord Set,CAVA athleisure,44100943380796,XXL,Sculpt Active Co-ord set-Vamos-39/43-BR511-BEL511-CairoOrange,2589.00,False,Sold Out,0,https://cavaathleisure.com/products/cairo-orange-sculpt-active-co-ord-set
https://cavaathleisure.com,8034948317500,Cairo Orange Sculpt Active Co-ord Set,Women's Co-ord Set,CAVA athleisure,44100943413564,XXL,Sculpt Active Co-ord set-Vamos-39/43-BR511-BEL511-CairoOrange,2589.00,False,Sold Out,0,https://cavaathleisure.com/products/cairo-orange-sculpt-active-co-ord-set
https://cavaathleisure.com,8034948317500,Cairo Orange Sculpt Active Co-ord Set,Women's Co-ord Set,CAVA athleisure,44100943446332,XXL,Sculpt Active Co-ord set-Vamos-39/43-BR511-BEL511-CairoOrange,2589.00,False,Sold Out,0,https://cavaathleisure.com/products/cairo-orange-sculpt-active-co-ord-set
https://cavaathleisure.com,8034948317500,Cairo Orange Sculpt Active Co-ord Set,Women's Co-ord Set,CAVA athleisure,44100943479100,XXL,Sculpt Active Co-ord set-Vamos-39/43-BR511-BEL511-CairoOrange,2589.00,False,Sold Out,0,https://cavaathleisure.com/products/cairo-orange-sculpt-active-co-ord-set
https://cavaathleisure.com,8034948317500,Cairo Orange Sculpt Active Co-ord Set,Women's Co-ord Set,CAVA athleisure,44100943511868,XXL,Sculpt Active Co-ord set-Vamos-39/43-BR511-BEL511-CairoOrange,2589.00,False,Sold Out,0,https://cavaathleisure.com/products/cairo-orange-sculpt-active-co-ord-set
https://cavaathleisure.com,8034860958012,Boston Black Lounge Co-Ord Set,Women's Co-ord Set,CAVA athleisure,44096477888828,XS,Lounge Co-ord Set-Vamos-73/78-TP534-JR534-BostonBlack,2799.00,False,Sold Out,0,https://cavaathleisure.com/products/boston-black-lounge-co-ord-set
https://cavaathleisure.com,8034860958012,Boston Black Lounge Co-Ord Set,Women's Co-ord Set,CAVA athleisure,47241114485052,XS,Lounge Co-ord Set-Vamos-73/78-TP534-JR534-BostonBlack,2799.00,False,Sold Out,0,https://cavaathleisure.com/products/boston-black-lounge-co-ord-set
https://cavaathleisure.com,8034860958012,Boston Black Lounge Co-Ord Set,Women's Co-ord Set,CAVA athleisure,47241114517820,XS,Lounge Co-ord Set-Vamos-73/78-TP534-JR534-BostonBlack,2799.00,False,Sold Out,0,https://cavaathleisure.com/products/boston-black-lounge-co-ord-set
https://cavaathleisure.com,8034860958012,Boston Black Lounge Co-Ord Set,Women's Co-ord Set,CAVA athleisure,47241114550588,XS,Lounge Co-ord Set-Vamos-73/78-TP534-JR534-BostonBlack,2799.00,False,Sold Out,0,https://cavaathleisure.com/products/boston-black-lounge-co-ord-set
https://cavaathleisure.com,8034860958012,Boston Black Lounge Co-Ord Set,Women's Co-ord Set,CAVA athleisure,47241114583356,XS,Lounge Co-ord Set-Vamos-73/78-TP534-JR534-BostonBlack,2799.00,False,Sold Out,0,https://cavaathleisure.com/products/boston-black-lounge-co-ord-set
https://cavaathleisure.com,8034860958012,Boston Black Lounge Co-Ord Set,Women's Co-ord Set,CAVA athleisure,47241114616124,XS,Lounge Co-ord Set-Vamos-73/78-TP534-JR534-BostonBlack,2799.00,False,Sold Out,0,https://cavaathleisure.com/products/boston-black-lounge-co-ord-set
https://cavaathleisure.com,8034860958012,Boston Black Lounge Co-Ord Set,Women's Co-ord Set,CAVA athleisure,47241114648892,S,Lounge Co-ord Set-Vamos-73/78-TP534-JR534-BostonBlack,2799.00,False,Sold Out,0,https://cavaathleisure.com/products/boston-black-lounge-co-ord-set
https://cavaathleisure.com,8034860958012,Boston Black Lounge Co-Ord Set,Women's Co-ord Set,CAVA athleisure,47241114681660,S,Lounge Co-ord Set-Vamos-73/78-TP534-JR534-BostonBlack,2799.00,False,Sold Out,0,https://cavaathleisure.com/products/boston-black-lounge-co-ord-set
https://cavaathleisure.com,8034860958012,Boston Black Lounge Co-Ord Set,Women's Co-ord Set,CAVA athleisure,47241114714428,S,Lounge Co-ord Set-Vamos-73/78-TP534-JR534-BostonBlack,2799.00,False,Sold Out,0,https://cavaathleisure.com/products/boston-black-lounge-co-ord-set
https://cavaathleisure.com,8034860958012,Boston Black Lounge Co-Ord Set,Women's Co-ord Set,CAVA athleisure,47241114747196,S,Lounge Co-ord Set-Vamos-73/78-TP534-JR534-BostonBlack,2799.00,False,Sold Out,0,https://cavaathleisure.com/products/boston-black-lounge-co-ord-set
https://cavaathleisure.com,8034860958012,Boston Black Lounge Co-Ord Set,Women's Co-ord Set,CAVA athleisure,47241114779964,S,Lounge Co-ord Set-Vamos-73/78-TP534-JR534-BostonBlack,2799.00,False,Sold Out,0,https://cavaathleisure.com/products/boston-black-lounge-co-ord-set
https://cavaathleisure.com,8034860958012,Boston Black Lounge Co-Ord Set,Women's Co-ord Set,CAVA athleisure,47241114812732,S,Lounge Co-ord Set-Vamos-73/78-TP534-JR534-BostonBlack,2799.00,False,Sold Out,0,https://cavaathleisure.com/products/boston-black-lounge-co-ord-set
https://cavaathleisure.com,8034860958012,Boston Black Lounge Co-Ord Set,Women's Co-ord Set,CAVA athleisure,47241114845500,M,Lounge Co-ord Set-Vamos-73/78-TP534-JR534-BostonBlack,2799.00,False,Sold Out,0,https://cavaathleisure.com/products/boston-black-lounge-co-ord-set
https://cavaathleisure.com,8034860958012,Boston Black Lounge Co-Ord Set,Women's Co-ord Set,CAVA athleisure,47241114878268,M,Lounge Co-ord Set-Vamos-73/78-TP534-JR534-BostonBlack,2799.00,False,Sold Out,0,https://cavaathleisure.com/products/boston-black-lounge-co-ord-set
https://cavaathleisure.com,8034860958012,Boston Black Lounge Co-Ord Set,Women's Co-ord Set,CAVA athleisure,47241114911036,M,Lounge Co-ord Set-Vamos-73/78-TP534-JR534-BostonBlack,2799.00,False,Sold Out,0,https://cavaathleisure.com/products/boston-black-lounge-co-ord-set
https://cavaathleisure.com,8034860958012,Boston Black Lounge Co-Ord Set,Women's Co-ord Set,CAVA athleisure,47241114943804,M,Lounge Co-ord Set-Vamos-73/78-TP534-JR534-BostonBlack,2799.00,False,Sold Out,0,https://cavaathleisure.com/products/boston-black-lounge-co-ord-set
https://cavaathleisure.com,8034860958012,Boston Black Lounge Co-Ord Set,Women's Co-ord Set,CAVA athleisure,47241114976572,M,Lounge Co-ord Set-Vamos-73/78-TP534-JR534-BostonBlack,2799.00,False,Sold Out,0,https://cavaathleisure.com/products/boston-black-lounge-co-ord-set
https://cavaathleisure.com,8034860958012,Boston Black Lounge Co-Ord Set,Women's Co-ord Set,CAVA athleisure,47241115009340,M,Lounge Co-ord Set-Vamos-73/78-TP534-JR534-BostonBlack,2799.00,False,Sold Out,0,https://cavaathleisure.com/products/boston-black-lounge-co-ord-set
https://cavaathleisure.com,8034860958012,Boston Black Lounge Co-Ord Set,Women's Co-ord Set,CAVA athleisure,47241115042108,L,Lounge Co-ord Set-Vamos-73/78-TP534-JR534-BostonBlack,2799.00,False,Sold Out,0,https://cavaathleisure.com/products/boston-black-lounge-co-ord-set
https://cavaathleisure.com,8034860958012,Boston Black Lounge Co-Ord Set,Women's Co-ord Set,CAVA athleisure,47241115074876,L,Lounge Co-ord Set-Vamos-73/78-TP534-JR534-BostonBlack,2799.00,False,Sold Out,0,https://cavaathleisure.com/products/boston-black-lounge-co-ord-set
https://cavaathleisure.com,8034860958012,Boston Black Lounge Co-Ord Set,Women's Co-ord Set,CAVA athleisure,47241115107644,L,Lounge Co-ord Set-Vamos-73/78-TP534-JR534-BostonBlack,2799.00,False,Sold Out,0,https://cavaathleisure.com/products/boston-black-lounge-co-ord-set
https://cavaathleisure.com,8034860958012,Boston Black Lounge Co-Ord Set,Women's Co-ord Set,CAVA athleisure,47241115140412,L,Lounge Co-ord Set-Vamos-73/78-TP534-JR534-BostonBlack,2799.00,False,Sold Out,0,https://cavaathleisure.com/products/boston-black-lounge-co-ord-set
https://cavaathleisure.com,8034860958012,Boston Black Lounge Co-Ord Set,Women's Co-ord Set,CAVA athleisure,47241115173180,L,Lounge Co-ord Set-Vamos-73/78-TP534-JR534-BostonBlack,2799.00,False,Sold Out,0,https://cavaathleisure.com/products/boston-black-lounge-co-ord-set
https://cavaathleisure.com,8034860958012,Boston Black Lounge Co-Ord Set,Women's Co-ord Set,CAVA athleisure,47241115205948,L,Lounge Co-ord Set-Vamos-73/78-TP534-JR534-BostonBlack,2799.00,False,Sold Out,0,https://cavaathleisure.com/products/boston-black-lounge-co-ord-set
https://cavaathleisure.com,8034860958012,Boston Black Lounge Co-Ord Set,Women's Co-ord Set,CAVA athleisure,47241115238716,XL,Lounge Co-ord Set-Vamos-73/78-TP534-JR534-BostonBlack,2799.00,False,Sold Out,0,https://cavaathleisure.com/products/boston-black-lounge-co-ord-set
https://cavaathleisure.com,8034860958012,Boston Black Lounge Co-Ord Set,Women's Co-ord Set,CAVA athleisure,47241115271484,XL,Lounge Co-ord Set-Vamos-73/78-TP534-JR534-BostonBlack,2799.00,False,Sold Out,0,https://cavaathleisure.com/products/boston-black-lounge-co-ord-set
https://cavaathleisure.com,8034860958012,Boston Black Lounge Co-Ord Set,Women's Co-ord Set,CAVA athleisure,47241115304252,XL,Lounge Co-ord Set-Vamos-73/78-TP534-JR534-BostonBlack,2799.00,False,Sold Out,0,https://cavaathleisure.com/products/boston-black-lounge-co-ord-set
https://cavaathleisure.com,8034860958012,Boston Black Lounge Co-Ord Set,Women's Co-ord Set,CAVA athleisure,47241115337020,XL,Lounge Co-ord Set-Vamos-73/78-TP534-JR534-BostonBlack,2799.00,False,Sold Out,0,https://cavaathleisure.com/products/boston-black-lounge-co-ord-set
https://cavaathleisure.com,8034860958012,Boston Black Lounge Co-Ord Set,Women's Co-ord Set,CAVA athleisure,47241115369788,XL,Lounge Co-ord Set-Vamos-73/78-TP534-JR534-BostonBlack,2799.00,False,Sold Out,0,https://cavaathleisure.com/products/boston-black-lounge-co-ord-set
https://cavaathleisure.com,8034860958012,Boston Black Lounge Co-Ord Set,Women's Co-ord Set,CAVA athleisure,47241115402556,XL,Lounge Co-ord Set-Vamos-73/78-TP534-JR534-BostonBlack,2799.00,False,Sold Out,0,https://cavaathleisure.com/products/boston-black-lounge-co-ord-set
https://cavaathleisure.com,8034860958012,Boston Black Lounge Co-Ord Set,Women's Co-ord Set,CAVA athleisure,47241115435324,XXL,Lounge Co-ord Set-Vamos-73/78-TP534-JR534-BostonBlack,2799.00,False,Sold Out,0,https://cavaathleisure.com/products/boston-black-lounge-co-ord-set
https://cavaathleisure.com,8034860958012,Boston Black Lounge Co-Ord Set,Women's Co-ord Set,CAVA athleisure,47241115468092,XXL,Lounge Co-ord Set-Vamos-73/78-TP534-JR534-BostonBlack,2799.00,False,Sold Out,0,https://cavaathleisure.com/products/boston-black-lounge-co-ord-set
https://cavaathleisure.com,8034860958012,Boston Black Lounge Co-Ord Set,Women's Co-ord Set,CAVA athleisure,47241115500860,XXL,Lounge Co-ord Set-Vamos-73/78-TP534-JR534-BostonBlack,2799.00,False,Sold Out,0,https://cavaathleisure.com/products/boston-black-lounge-co-ord-set
https://cavaathleisure.com,8034860958012,Boston Black Lounge Co-Ord Set,Women's Co-ord Set,CAVA athleisure,47241115533628,XXL,Lounge Co-ord Set-Vamos-73/78-TP534-JR534-BostonBlack,2799.00,False,Sold Out,0,https://cavaathleisure.com/products/boston-black-lounge-co-ord-set
https://cavaathleisure.com,8034860958012,Boston Black Lounge Co-Ord Set,Women's Co-ord Set,CAVA athleisure,47241115599164,XXL,Lounge Co-ord Set-Vamos-73/78-TP534-JR534-BostonBlack,2799.00,False,Sold Out,0,https://cavaathleisure.com/products/boston-black-lounge-co-ord-set
https://cavaathleisure.com,8034860958012,Boston Black Lounge Co-Ord Set,Women's Co-ord Set,CAVA athleisure,47241115664700,XXL,Lounge Co-ord Set-Vamos-73/78-TP534-JR534-BostonBlack,2799.00,False,Sold Out,0,https://cavaathleisure.com/products/boston-black-lounge-co-ord-set
https://cavaathleisure.com,8033850523964,Moscow Blue Cava Essential Sweatsuit,Men's Co-ord Set,CAVA athleisure,44091750580540,XS,CAVA essential sweatsuit-Vamos-87/90-TP536-JR536-MoscowBlue,3569.00,True,Available,1,https://cavaathleisure.com/products/moscow-blue-cava-essential-sweatsuit-1
https://cavaathleisure.com,8033850523964,Moscow Blue Cava Essential Sweatsuit,Men's Co-ord Set,CAVA athleisure,44100836294972,XS,CAVA essential sweatsuit-Vamos-87/90-TP536-JR536-MoscowBlue,3569.00,False,Sold Out,0,https://cavaathleisure.com/products/moscow-blue-cava-essential-sweatsuit-1
https://cavaathleisure.com,8033850523964,Moscow Blue Cava Essential Sweatsuit,Men's Co-ord Set,CAVA athleisure,44100836327740,XS,CAVA essential sweatsuit-Vamos-87/90-TP536-JR536-MoscowBlue,3569.00,False,Sold Out,0,https://cavaathleisure.com/products/moscow-blue-cava-essential-sweatsuit-1
https://cavaathleisure.com,8033850523964,Moscow Blue Cava Essential Sweatsuit,Men's Co-ord Set,CAVA athleisure,44100836360508,XS,CAVA essential sweatsuit-Vamos-87/90-TP536-JR536-MoscowBlue,3569.00,False,Sold Out,0,https://cavaathleisure.com/products/moscow-blue-cava-essential-sweatsuit-1
https://cavaathleisure.com,8033850523964,Moscow Blue Cava Essential Sweatsuit,Men's Co-ord Set,CAVA athleisure,44100836393276,XS,CAVA essential sweatsuit-Vamos-87/90-TP536-JR536-MoscowBlue,3569.00,False,Sold Out,0,https://cavaathleisure.com/products/moscow-blue-cava-essential-sweatsuit-1
https://cavaathleisure.com,8033850523964,Moscow Blue Cava Essential Sweatsuit,Men's Co-ord Set,CAVA athleisure,44100836426044,XS,CAVA essential sweatsuit-Vamos-87/90-TP536-JR536-MoscowBlue,3569.00,False,Sold Out,0,https://cavaathleisure.com/products/moscow-blue-cava-essential-sweatsuit-1
https://cavaathleisure.com,8033850523964,Moscow Blue Cava Essential Sweatsuit,Men's Co-ord Set,CAVA athleisure,44091750613308,S,CAVA essential sweatsuit-Vamos-87/90-TP536-JR536-MoscowBlue,3569.00,True,Available,1,https://cavaathleisure.com/products/moscow-blue-cava-essential-sweatsuit-1
https://cavaathleisure.com,8033850523964,Moscow Blue Cava Essential Sweatsuit,Men's Co-ord Set,CAVA athleisure,44100836458812,S,CAVA essential sweatsuit-Vamos-87/90-TP536-JR536-MoscowBlue,3569.00,False,Sold Out,0,https://cavaathleisure.com/products/moscow-blue-cava-essential-sweatsuit-1
https://cavaathleisure.com,8033850523964,Moscow Blue Cava Essential Sweatsuit,Men's Co-ord Set,CAVA athleisure,44100836491580,S,CAVA essential sweatsuit-Vamos-87/90-TP536-JR536-MoscowBlue,3569.00,False,Sold Out,0,https://cavaathleisure.com/products/moscow-blue-cava-essential-sweatsuit-1
https://cavaathleisure.com,8033850523964,Moscow Blue Cava Essential Sweatsuit,Men's Co-ord Set,CAVA athleisure,44100836524348,S,CAVA essential sweatsuit-Vamos-87/90-TP536-JR536-MoscowBlue,3569.00,False,Sold Out,0,https://cavaathleisure.com/products/moscow-blue-cava-essential-sweatsuit-1
https://cavaathleisure.com,8033850523964,Moscow Blue Cava Essential Sweatsuit,Men's Co-ord Set,CAVA athleisure,44100836557116,S,CAVA essential sweatsuit-Vamos-87/90-TP536-JR536-MoscowBlue,3569.00,False,Sold Out,0,https://cavaathleisure.com/products/moscow-blue-cava-essential-sweatsuit-1
https://cavaathleisure.com,8033850523964,Moscow Blue Cava Essential Sweatsuit,Men's Co-ord Set,CAVA athleisure,44100836589884,S,CAVA essential sweatsuit-Vamos-87/90-TP536-JR536-MoscowBlue,3569.00,False,Sold Out,0,https://cavaathleisure.com/products/moscow-blue-cava-essential-sweatsuit-1
https://cavaathleisure.com,8033850523964,Moscow Blue Cava Essential Sweatsuit,Men's Co-ord Set,CAVA athleisure,44091750646076,M,CAVA essential sweatsuit-Vamos-87/90-TP536-JR536-MoscowBlue,3569.00,False,Sold Out,0,https://cavaathleisure.com/products/moscow-blue-cava-essential-sweatsuit-1
https://cavaathleisure.com,8033850523964,Moscow Blue Cava Essential Sweatsuit,Men's Co-ord Set,CAVA athleisure,44100836622652,M,CAVA essential sweatsuit-Vamos-87/90-TP536-JR536-MoscowBlue,3569.00,False,Sold Out,0,https://cavaathleisure.com/products/moscow-blue-cava-essential-sweatsuit-1
https://cavaathleisure.com,8033850523964,Moscow Blue Cava Essential Sweatsuit,Men's Co-ord Set,CAVA athleisure,44100836655420,M,CAVA essential sweatsuit-Vamos-87/90-TP536-JR536-MoscowBlue,3569.00,False,Sold Out,0,https://cavaathleisure.com/products/moscow-blue-cava-essential-sweatsuit-1
https://cavaathleisure.com,8033850523964,Moscow Blue Cava Essential Sweatsuit,Men's Co-ord Set,CAVA athleisure,44100836688188,M,CAVA essential sweatsuit-Vamos-87/90-TP536-JR536-MoscowBlue,3569.00,False,Sold Out,0,https://cavaathleisure.com/products/moscow-blue-cava-essential-sweatsuit-1
https://cavaathleisure.com,8033850523964,Moscow Blue Cava Essential Sweatsuit,Men's Co-ord Set,CAVA athleisure,44100836720956,M,CAVA essential sweatsuit-Vamos-87/90-TP536-JR536-MoscowBlue,3569.00,False,Sold Out,0,https://cavaathleisure.com/products/moscow-blue-cava-essential-sweatsuit-1
https://cavaathleisure.com,8033850523964,Moscow Blue Cava Essential Sweatsuit,Men's Co-ord Set,CAVA athleisure,44100836753724,M,CAVA essential sweatsuit-Vamos-87/90-TP536-JR536-MoscowBlue,3569.00,False,Sold Out,0,https://cavaathleisure.com/products/moscow-blue-cava-essential-sweatsuit-1
https://cavaathleisure.com,8033850523964,Moscow Blue Cava Essential Sweatsuit,Men's Co-ord Set,CAVA athleisure,44091750678844,L,CAVA essential sweatsuit-Vamos-87/90-TP536-JR536-MoscowBlue,3569.00,False,Sold Out,0,https://cavaathleisure.com/products/moscow-blue-cava-essential-sweatsuit-1
https://cavaathleisure.com,8033850523964,Moscow Blue Cava Essential Sweatsuit,Men's Co-ord Set,CAVA athleisure,44100836786492,L,CAVA essential sweatsuit-Vamos-87/90-TP536-JR536-MoscowBlue,3569.00,False,Sold Out,0,https://cavaathleisure.com/products/moscow-blue-cava-essential-sweatsuit-1
https://cavaathleisure.com,8033850523964,Moscow Blue Cava Essential Sweatsuit,Men's Co-ord Set,CAVA athleisure,44100836819260,L,CAVA essential sweatsuit-Vamos-87/90-TP536-JR536-MoscowBlue,3569.00,False,Sold Out,0,https://cavaathleisure.com/products/moscow-blue-cava-essential-sweatsuit-1
https://cavaathleisure.com,8033850523964,Moscow Blue Cava Essential Sweatsuit,Men's Co-ord Set,CAVA athleisure,44100836852028,L,CAVA essential sweatsuit-Vamos-87/90-TP536-JR536-MoscowBlue,3569.00,False,Sold Out,0,https://cavaathleisure.com/products/moscow-blue-cava-essential-sweatsuit-1
https://cavaathleisure.com,8033850523964,Moscow Blue Cava Essential Sweatsuit,Men's Co-ord Set,CAVA athleisure,44100836884796,L,CAVA essential sweatsuit-Vamos-87/90-TP536-JR536-MoscowBlue,3569.00,False,Sold Out,0,https://cavaathleisure.com/products/moscow-blue-cava-essential-sweatsuit-1
https://cavaathleisure.com,8033850523964,Moscow Blue Cava Essential Sweatsuit,Men's Co-ord Set,CAVA athleisure,44100836917564,L,CAVA essential sweatsuit-Vamos-87/90-TP536-JR536-MoscowBlue,3569.00,False,Sold Out,0,https://cavaathleisure.com/products/moscow-blue-cava-essential-sweatsuit-1
https://cavaathleisure.com,8033850523964,Moscow Blue Cava Essential Sweatsuit,Men's Co-ord Set,CAVA athleisure,44091750711612,XL,CAVA essential sweatsuit-Vamos-87/90-TP536-JR536-MoscowBlue,3569.00,False,Sold Out,0,https://cavaathleisure.com/products/moscow-blue-cava-essential-sweatsuit-1
https://cavaathleisure.com,8033850523964,Moscow Blue Cava Essential Sweatsuit,Men's Co-ord Set,CAVA athleisure,44100836950332,XL,CAVA essential sweatsuit-Vamos-87/90-TP536-JR536-MoscowBlue,3569.00,False,Sold Out,0,https://cavaathleisure.com/products/moscow-blue-cava-essential-sweatsuit-1
https://cavaathleisure.com,8033850523964,Moscow Blue Cava Essential Sweatsuit,Men's Co-ord Set,CAVA athleisure,44100836983100,XL,CAVA essential sweatsuit-Vamos-87/90-TP536-JR536-MoscowBlue,3569.00,False,Sold Out,0,https://cavaathleisure.com/products/moscow-blue-cava-essential-sweatsuit-1
https://cavaathleisure.com,8033850523964,Moscow Blue Cava Essential Sweatsuit,Men's Co-ord Set,CAVA athleisure,44100837015868,XL,CAVA essential sweatsuit-Vamos-87/90-TP536-JR536-MoscowBlue,3569.00,False,Sold Out,0,https://cavaathleisure.com/products/moscow-blue-cava-essential-sweatsuit-1
https://cavaathleisure.com,8033850523964,Moscow Blue Cava Essential Sweatsuit,Men's Co-ord Set,CAVA athleisure,44100837048636,XL,CAVA essential sweatsuit-Vamos-87/90-TP536-JR536-MoscowBlue,3569.00,False,Sold Out,0,https://cavaathleisure.com/products/moscow-blue-cava-essential-sweatsuit-1
https://cavaathleisure.com,8033850523964,Moscow Blue Cava Essential Sweatsuit,Men's Co-ord Set,CAVA athleisure,44100837081404,XL,CAVA essential sweatsuit-Vamos-87/90-TP536-JR536-MoscowBlue,3569.00,False,Sold Out,0,https://cavaathleisure.com/products/moscow-blue-cava-essential-sweatsuit-1
https://cavaathleisure.com,8033850523964,Moscow Blue Cava Essential Sweatsuit,Men's Co-ord Set,CAVA athleisure,44091750744380,XXL,CAVA essential sweatsuit-Vamos-87/90-TP536-JR536-MoscowBlue,3569.00,False,Sold Out,0,https://cavaathleisure.com/products/moscow-blue-cava-essential-sweatsuit-1
https://cavaathleisure.com,8033850523964,Moscow Blue Cava Essential Sweatsuit,Men's Co-ord Set,CAVA athleisure,44100837114172,XXL,CAVA essential sweatsuit-Vamos-87/90-TP536-JR536-MoscowBlue,3569.00,False,Sold Out,0,https://cavaathleisure.com/products/moscow-blue-cava-essential-sweatsuit-1
https://cavaathleisure.com,8033850523964,Moscow Blue Cava Essential Sweatsuit,Men's Co-ord Set,CAVA athleisure,44100837146940,XXL,CAVA essential sweatsuit-Vamos-87/90-TP536-JR536-MoscowBlue,3569.00,False,Sold Out,0,https://cavaathleisure.com/products/moscow-blue-cava-essential-sweatsuit-1
https://cavaathleisure.com,8033850523964,Moscow Blue Cava Essential Sweatsuit,Men's Co-ord Set,CAVA athleisure,44100837179708,XXL,CAVA essential sweatsuit-Vamos-87/90-TP536-JR536-MoscowBlue,3569.00,False,Sold Out,0,https://cavaathleisure.com/products/moscow-blue-cava-essential-sweatsuit-1
https://cavaathleisure.com,8033850523964,Moscow Blue Cava Essential Sweatsuit,Men's Co-ord Set,CAVA athleisure,44100837212476,XXL,CAVA essential sweatsuit-Vamos-87/90-TP536-JR536-MoscowBlue,3569.00,False,Sold Out,0,https://cavaathleisure.com/products/moscow-blue-cava-essential-sweatsuit-1
https://cavaathleisure.com,8033850523964,Moscow Blue Cava Essential Sweatsuit,Men's Co-ord Set,CAVA athleisure,44100837245244,XXL,CAVA essential sweatsuit-Vamos-87/90-TP536-JR536-MoscowBlue,3569.00,False,Sold Out,0,https://cavaathleisure.com/products/moscow-blue-cava-essential-sweatsuit-1
https://cavaathleisure.com,8035813916988,Boston Black Cava Essential Sweatsuit,Men's Co-ord Set,CAVA athleisure,44100837867836,XS,CAVA essential sweatsuit-Vamos-88/91-TP536-JR536-BostonBlack,3569.00,False,Sold Out,0,https://cavaathleisure.com/products/boston-black-cava-essential-sweatsuit-1
https://cavaathleisure.com,8035813916988,Boston Black Cava Essential Sweatsuit,Men's Co-ord Set,CAVA athleisure,44100938039612,XS,CAVA essential sweatsuit-Vamos-88/91-TP536-JR536-BostonBlack,3569.00,False,Sold Out,0,https://cavaathleisure.com/products/boston-black-cava-essential-sweatsuit-1
https://cavaathleisure.com,8035813916988,Boston Black Cava Essential Sweatsuit,Men's Co-ord Set,CAVA athleisure,44100938072380,XS,CAVA essential sweatsuit-Vamos-88/91-TP536-JR536-BostonBlack,3569.00,False,Sold Out,0,https://cavaathleisure.com/products/boston-black-cava-essential-sweatsuit-1
https://cavaathleisure.com,8035813916988,Boston Black Cava Essential Sweatsuit,Men's Co-ord Set,CAVA athleisure,44100938105148,XS,CAVA essential sweatsuit-Vamos-88/91-TP536-JR536-BostonBlack,3569.00,False,Sold Out,0,https://cavaathleisure.com/products/boston-black-cava-essential-sweatsuit-1
https://cavaathleisure.com,8035813916988,Boston Black Cava Essential Sweatsuit,Men's Co-ord Set,CAVA athleisure,44100938137916,XS,CAVA essential sweatsuit-Vamos-88/91-TP536-JR536-BostonBlack,3569.00,False,Sold Out,0,https://cavaathleisure.com/products/boston-black-cava-essential-sweatsuit-1
https://cavaathleisure.com,8035813916988,Boston Black Cava Essential Sweatsuit,Men's Co-ord Set,CAVA athleisure,44100938170684,XS,CAVA essential sweatsuit-Vamos-88/91-TP536-JR536-BostonBlack,3569.00,False,Sold Out,0,https://cavaathleisure.com/products/boston-black-cava-essential-sweatsuit-1
https://cavaathleisure.com,8035813916988,Boston Black Cava Essential Sweatsuit,Men's Co-ord Set,CAVA athleisure,44100837900604,S,CAVA essential sweatsuit-Vamos-88/91-TP536-JR536-BostonBlack,3569.00,False,Sold Out,0,https://cavaathleisure.com/products/boston-black-cava-essential-sweatsuit-1
https://cavaathleisure.com,8035813916988,Boston Black Cava Essential Sweatsuit,Men's Co-ord Set,CAVA athleisure,44100938203452,S,CAVA essential sweatsuit-Vamos-88/91-TP536-JR536-BostonBlack,3569.00,False,Sold Out,0,https://cavaathleisure.com/products/boston-black-cava-essential-sweatsuit-1
https://cavaathleisure.com,8035813916988,Boston Black Cava Essential Sweatsuit,Men's Co-ord Set,CAVA athleisure,44100938236220,S,CAVA essential sweatsuit-Vamos-88/91-TP536-JR536-BostonBlack,3569.00,False,Sold Out,0,https://cavaathleisure.com/products/boston-black-cava-essential-sweatsuit-1
https://cavaathleisure.com,8035813916988,Boston Black Cava Essential Sweatsuit,Men's Co-ord Set,CAVA athleisure,44100938268988,S,CAVA essential sweatsuit-Vamos-88/91-TP536-JR536-BostonBlack,3569.00,False,Sold Out,0,https://cavaathleisure.com/products/boston-black-cava-essential-sweatsuit-1
https://cavaathleisure.com,8035813916988,Boston Black Cava Essential Sweatsuit,Men's Co-ord Set,CAVA athleisure,44100938301756,S,CAVA essential sweatsuit-Vamos-88/91-TP536-JR536-BostonBlack,3569.00,False,Sold Out,0,https://cavaathleisure.com/products/boston-black-cava-essential-sweatsuit-1
https://cavaathleisure.com,8035813916988,Boston Black Cava Essential Sweatsuit,Men's Co-ord Set,CAVA athleisure,44100938334524,S,CAVA essential sweatsuit-Vamos-88/91-TP536-JR536-BostonBlack,3569.00,False,Sold Out,0,https://cavaathleisure.com/products/boston-black-cava-essential-sweatsuit-1
https://cavaathleisure.com,8035813916988,Boston Black Cava Essential Sweatsuit,Men's Co-ord Set,CAVA athleisure,44100837933372,M,CAVA essential sweatsuit-Vamos-88/91-TP536-JR536-BostonBlack,3569.00,False,Sold Out,0,https://cavaathleisure.com/products/boston-black-cava-essential-sweatsuit-1
https://cavaathleisure.com,8035813916988,Boston Black Cava Essential Sweatsuit,Men's Co-ord Set,CAVA athleisure,44100938367292,M,CAVA essential sweatsuit-Vamos-88/91-TP536-JR536-BostonBlack,3569.00,False,Sold Out,0,https://cavaathleisure.com/products/boston-black-cava-essential-sweatsuit-1
https://cavaathleisure.com,8035813916988,Boston Black Cava Essential Sweatsuit,Men's Co-ord Set,CAVA athleisure,44100938400060,M,CAVA essential sweatsuit-Vamos-88/91-TP536-JR536-BostonBlack,3569.00,False,Sold Out,0,https://cavaathleisure.com/products/boston-black-cava-essential-sweatsuit-1
https://cavaathleisure.com,8035813916988,Boston Black Cava Essential Sweatsuit,Men's Co-ord Set,CAVA athleisure,44100938432828,M,CAVA essential sweatsuit-Vamos-88/91-TP536-JR536-BostonBlack,3569.00,False,Sold Out,0,https://cavaathleisure.com/products/boston-black-cava-essential-sweatsuit-1
https://cavaathleisure.com,8035813916988,Boston Black Cava Essential Sweatsuit,Men's Co-ord Set,CAVA athleisure,44100938465596,M,CAVA essential sweatsuit-Vamos-88/91-TP536-JR536-BostonBlack,3569.00,False,Sold Out,0,https://cavaathleisure.com/products/boston-black-cava-essential-sweatsuit-1
https://cavaathleisure.com,8035813916988,Boston Black Cava Essential Sweatsuit,Men's Co-ord Set,CAVA athleisure,44100938498364,M,CAVA essential sweatsuit-Vamos-88/91-TP536-JR536-BostonBlack,3569.00,False,Sold Out,0,https://cavaathleisure.com/products/boston-black-cava-essential-sweatsuit-1
https://cavaathleisure.com,8035813916988,Boston Black Cava Essential Sweatsuit,Men's Co-ord Set,CAVA athleisure,44100837966140,L,CAVA essential sweatsuit-Vamos-88/91-TP536-JR536-BostonBlack,3569.00,False,Sold Out,0,https://cavaathleisure.com/products/boston-black-cava-essential-sweatsuit-1
https://cavaathleisure.com,8035813916988,Boston Black Cava Essential Sweatsuit,Men's Co-ord Set,CAVA athleisure,44100938531132,L,CAVA essential sweatsuit-Vamos-88/91-TP536-JR536-BostonBlack,3569.00,False,Sold Out,0,https://cavaathleisure.com/products/boston-black-cava-essential-sweatsuit-1
https://cavaathleisure.com,8035813916988,Boston Black Cava Essential Sweatsuit,Men's Co-ord Set,CAVA athleisure,44100938563900,L,CAVA essential sweatsuit-Vamos-88/91-TP536-JR536-BostonBlack,3569.00,False,Sold Out,0,https://cavaathleisure.com/products/boston-black-cava-essential-sweatsuit-1
https://cavaathleisure.com,8035813916988,Boston Black Cava Essential Sweatsuit,Men's Co-ord Set,CAVA athleisure,44100938596668,L,CAVA essential sweatsuit-Vamos-88/91-TP536-JR536-BostonBlack,3569.00,False,Sold Out,0,https://cavaathleisure.com/products/boston-black-cava-essential-sweatsuit-1
https://cavaathleisure.com,8035813916988,Boston Black Cava Essential Sweatsuit,Men's Co-ord Set,CAVA athleisure,44100938629436,L,CAVA essential sweatsuit-Vamos-88/91-TP536-JR536-BostonBlack,3569.00,False,Sold Out,0,https://cavaathleisure.com/products/boston-black-cava-essential-sweatsuit-1
https://cavaathleisure.com,8035813916988,Boston Black Cava Essential Sweatsuit,Men's Co-ord Set,CAVA athleisure,44100938662204,L,CAVA essential sweatsuit-Vamos-88/91-TP536-JR536-BostonBlack,3569.00,False,Sold Out,0,https://cavaathleisure.com/products/boston-black-cava-essential-sweatsuit-1
https://cavaathleisure.com,8035813916988,Boston Black Cava Essential Sweatsuit,Men's Co-ord Set,CAVA athleisure,44100837998908,XL,CAVA essential sweatsuit-Vamos-88/91-TP536-JR536-BostonBlack,3569.00,False,Sold Out,0,https://cavaathleisure.com/products/boston-black-cava-essential-sweatsuit-1
https://cavaathleisure.com,8035813916988,Boston Black Cava Essential Sweatsuit,Men's Co-ord Set,CAVA athleisure,44100938694972,XL,CAVA essential sweatsuit-Vamos-88/91-TP536-JR536-BostonBlack,3569.00,False,Sold Out,0,https://cavaathleisure.com/products/boston-black-cava-essential-sweatsuit-1
https://cavaathleisure.com,8035813916988,Boston Black Cava Essential Sweatsuit,Men's Co-ord Set,CAVA athleisure,44100938727740,XL,CAVA essential sweatsuit-Vamos-88/91-TP536-JR536-BostonBlack,3569.00,False,Sold Out,0,https://cavaathleisure.com/products/boston-black-cava-essential-sweatsuit-1
https://cavaathleisure.com,8035813916988,Boston Black Cava Essential Sweatsuit,Men's Co-ord Set,CAVA athleisure,44100938760508,XL,CAVA essential sweatsuit-Vamos-88/91-TP536-JR536-BostonBlack,3569.00,False,Sold Out,0,https://cavaathleisure.com/products/boston-black-cava-essential-sweatsuit-1
https://cavaathleisure.com,8035813916988,Boston Black Cava Essential Sweatsuit,Men's Co-ord Set,CAVA athleisure,44100938793276,XL,CAVA essential sweatsuit-Vamos-88/91-TP536-JR536-BostonBlack,3569.00,False,Sold Out,0,https://cavaathleisure.com/products/boston-black-cava-essential-sweatsuit-1
https://cavaathleisure.com,8035813916988,Boston Black Cava Essential Sweatsuit,Men's Co-ord Set,CAVA athleisure,44100938826044,XL,CAVA essential sweatsuit-Vamos-88/91-TP536-JR536-BostonBlack,3569.00,False,Sold Out,0,https://cavaathleisure.com/products/boston-black-cava-essential-sweatsuit-1
https://cavaathleisure.com,8035813916988,Boston Black Cava Essential Sweatsuit,Men's Co-ord Set,CAVA athleisure,44100838031676,XXL,CAVA essential sweatsuit-Vamos-88/91-TP536-JR536-BostonBlack,3569.00,False,Sold Out,0,https://cavaathleisure.com/products/boston-black-cava-essential-sweatsuit-1
https://cavaathleisure.com,8035813916988,Boston Black Cava Essential Sweatsuit,Men's Co-ord Set,CAVA athleisure,44100938858812,XXL,CAVA essential sweatsuit-Vamos-88/91-TP536-JR536-BostonBlack,3569.00,False,Sold Out,0,https://cavaathleisure.com/products/boston-black-cava-essential-sweatsuit-1
https://cavaathleisure.com,8035813916988,Boston Black Cava Essential Sweatsuit,Men's Co-ord Set,CAVA athleisure,44100938891580,XXL,CAVA essential sweatsuit-Vamos-88/91-TP536-JR536-BostonBlack,3569.00,False,Sold Out,0,https://cavaathleisure.com/products/boston-black-cava-essential-sweatsuit-1
https://cavaathleisure.com,8035813916988,Boston Black Cava Essential Sweatsuit,Men's Co-ord Set,CAVA athleisure,44100938924348,XXL,CAVA essential sweatsuit-Vamos-88/91-TP536-JR536-BostonBlack,3569.00,False,Sold Out,0,https://cavaathleisure.com/products/boston-black-cava-essential-sweatsuit-1
https://cavaathleisure.com,8035813916988,Boston Black Cava Essential Sweatsuit,Men's Co-ord Set,CAVA athleisure,44100938957116,XXL,CAVA essential sweatsuit-Vamos-88/91-TP536-JR536-BostonBlack,3569.00,False,Sold Out,0,https://cavaathleisure.com/products/boston-black-cava-essential-sweatsuit-1
https://cavaathleisure.com,8035813916988,Boston Black Cava Essential Sweatsuit,Men's Co-ord Set,CAVA athleisure,44100938989884,XXL,CAVA essential sweatsuit-Vamos-88/91-TP536-JR536-BostonBlack,3569.00,False,Sold Out,0,https://cavaathleisure.com/products/boston-black-cava-essential-sweatsuit-1
https://cavaathleisure.com,8034863808828,Berlin Grey Lounge Co-Ord Set,Women's Co-ord Set,CAVA athleisure,44096486539580,XS,Lounge Co-ord Set-Vamos-71/76-TP534-JR534-BerlinGrey,2799.00,False,Sold Out,0,https://cavaathleisure.com/products/berlin-grey-lounge-co-ord-set
https://cavaathleisure.com,8034863808828,Berlin Grey Lounge Co-Ord Set,Women's Co-ord Set,CAVA athleisure,47241111830844,XS,Lounge Co-ord Set-Vamos-71/76-TP534-JR534-BerlinGrey,2799.00,False,Sold Out,0,https://cavaathleisure.com/products/berlin-grey-lounge-co-ord-set
https://cavaathleisure.com,8034863808828,Berlin Grey Lounge Co-Ord Set,Women's Co-ord Set,CAVA athleisure,47241111863612,XS,Lounge Co-ord Set-Vamos-71/76-TP534-JR534-BerlinGrey,2799.00,False,Sold Out,0,https://cavaathleisure.com/products/berlin-grey-lounge-co-ord-set
https://cavaathleisure.com,8034863808828,Berlin Grey Lounge Co-Ord Set,Women's Co-ord Set,CAVA athleisure,47241111896380,XS,Lounge Co-ord Set-Vamos-71/76-TP534-JR534-BerlinGrey,2799.00,False,Sold Out,0,https://cavaathleisure.com/products/berlin-grey-lounge-co-ord-set
https://cavaathleisure.com,8034863808828,Berlin Grey Lounge Co-Ord Set,Women's Co-ord Set,CAVA athleisure,47241111929148,XS,Lounge Co-ord Set-Vamos-71/76-TP534-JR534-BerlinGrey,2799.00,False,Sold Out,0,https://cavaathleisure.com/products/berlin-grey-lounge-co-ord-set
https://cavaathleisure.com,8034863808828,Berlin Grey Lounge Co-Ord Set,Women's Co-ord Set,CAVA athleisure,47241111961916,XS,Lounge Co-ord Set-Vamos-71/76-TP534-JR534-BerlinGrey,2799.00,False,Sold Out,0,https://cavaathleisure.com/products/berlin-grey-lounge-co-ord-set
https://cavaathleisure.com,8034863808828,Berlin Grey Lounge Co-Ord Set,Women's Co-ord Set,CAVA athleisure,47241111994684,S,Lounge Co-ord Set-Vamos-71/76-TP534-JR534-BerlinGrey,2799.00,False,Sold Out,0,https://cavaathleisure.com/products/berlin-grey-lounge-co-ord-set
https://cavaathleisure.com,8034863808828,Berlin Grey Lounge Co-Ord Set,Women's Co-ord Set,CAVA athleisure,47241112027452,S,Lounge Co-ord Set-Vamos-71/76-TP534-JR534-BerlinGrey,2799.00,False,Sold Out,0,https://cavaathleisure.com/products/berlin-grey-lounge-co-ord-set
https://cavaathleisure.com,8034863808828,Berlin Grey Lounge Co-Ord Set,Women's Co-ord Set,CAVA athleisure,47241112060220,S,Lounge Co-ord Set-Vamos-71/76-TP534-JR534-BerlinGrey,2799.00,False,Sold Out,0,https://cavaathleisure.com/products/berlin-grey-lounge-co-ord-set
https://cavaathleisure.com,8034863808828,Berlin Grey Lounge Co-Ord Set,Women's Co-ord Set,CAVA athleisure,47241112092988,S,Lounge Co-ord Set-Vamos-71/76-TP534-JR534-BerlinGrey,2799.00,False,Sold Out,0,https://cavaathleisure.com/products/berlin-grey-lounge-co-ord-set
https://cavaathleisure.com,8034863808828,Berlin Grey Lounge Co-Ord Set,Women's Co-ord Set,CAVA athleisure,47241112125756,S,Lounge Co-ord Set-Vamos-71/76-TP534-JR534-BerlinGrey,2799.00,False,Sold Out,0,https://cavaathleisure.com/products/berlin-grey-lounge-co-ord-set
https://cavaathleisure.com,8034863808828,Berlin Grey Lounge Co-Ord Set,Women's Co-ord Set,CAVA athleisure,47241112158524,S,Lounge Co-ord Set-Vamos-71/76-TP534-JR534-BerlinGrey,2799.00,False,Sold Out,0,https://cavaathleisure.com/products/berlin-grey-lounge-co-ord-set
https://cavaathleisure.com,8034863808828,Berlin Grey Lounge Co-Ord Set,Women's Co-ord Set,CAVA athleisure,47241112191292,M,Lounge Co-ord Set-Vamos-71/76-TP534-JR534-BerlinGrey,2799.00,False,Sold Out,0,https://cavaathleisure.com/products/berlin-grey-lounge-co-ord-set
https://cavaathleisure.com,8034863808828,Berlin Grey Lounge Co-Ord Set,Women's Co-ord Set,CAVA athleisure,47241112224060,M,Lounge Co-ord Set-Vamos-71/76-TP534-JR534-BerlinGrey,2799.00,False,Sold Out,0,https://cavaathleisure.com/products/berlin-grey-lounge-co-ord-set
https://cavaathleisure.com,8034863808828,Berlin Grey Lounge Co-Ord Set,Women's Co-ord Set,CAVA athleisure,47241112256828,M,Lounge Co-ord Set-Vamos-71/76-TP534-JR534-BerlinGrey,2799.00,False,Sold Out,0,https://cavaathleisure.com/products/berlin-grey-lounge-co-ord-set
https://cavaathleisure.com,8034863808828,Berlin Grey Lounge Co-Ord Set,Women's Co-ord Set,CAVA athleisure,47241112289596,M,Lounge Co-ord Set-Vamos-71/76-TP534-JR534-BerlinGrey,2799.00,False,Sold Out,0,https://cavaathleisure.com/products/berlin-grey-lounge-co-ord-set
https://cavaathleisure.com,8034863808828,Berlin Grey Lounge Co-Ord Set,Women's Co-ord Set,CAVA athleisure,47241112322364,M,Lounge Co-ord Set-Vamos-71/76-TP534-JR534-BerlinGrey,2799.00,False,Sold Out,0,https://cavaathleisure.com/products/berlin-grey-lounge-co-ord-set
https://cavaathleisure.com,8034863808828,Berlin Grey Lounge Co-Ord Set,Women's Co-ord Set,CAVA athleisure,47241112387900,M,Lounge Co-ord Set-Vamos-71/76-TP534-JR534-BerlinGrey,2799.00,False,Sold Out,0,https://cavaathleisure.com/products/berlin-grey-lounge-co-ord-set
https://cavaathleisure.com,8034863808828,Berlin Grey Lounge Co-Ord Set,Women's Co-ord Set,CAVA athleisure,47241112420668,L,Lounge Co-ord Set-Vamos-71/76-TP534-JR534-BerlinGrey,2799.00,False,Sold Out,0,https://cavaathleisure.com/products/berlin-grey-lounge-co-ord-set
https://cavaathleisure.com,8034863808828,Berlin Grey Lounge Co-Ord Set,Women's Co-ord Set,CAVA athleisure,47241112486204,L,Lounge Co-ord Set-Vamos-71/76-TP534-JR534-BerlinGrey,2799.00,False,Sold Out,0,https://cavaathleisure.com/products/berlin-grey-lounge-co-ord-set
https://cavaathleisure.com,8034863808828,Berlin Grey Lounge Co-Ord Set,Women's Co-ord Set,CAVA athleisure,47241112551740,L,Lounge Co-ord Set-Vamos-71/76-TP534-JR534-BerlinGrey,2799.00,False,Sold Out,0,https://cavaathleisure.com/products/berlin-grey-lounge-co-ord-set
https://cavaathleisure.com,8034863808828,Berlin Grey Lounge Co-Ord Set,Women's Co-ord Set,CAVA athleisure,47241112584508,L,Lounge Co-ord Set-Vamos-71/76-TP534-JR534-BerlinGrey,2799.00,False,Sold Out,0,https://cavaathleisure.com/products/berlin-grey-lounge-co-ord-set
https://cavaathleisure.com,8034863808828,Berlin Grey Lounge Co-Ord Set,Women's Co-ord Set,CAVA athleisure,47241112650044,L,Lounge Co-ord Set-Vamos-71/76-TP534-JR534-BerlinGrey,2799.00,False,Sold Out,0,https://cavaathleisure.com/products/berlin-grey-lounge-co-ord-set
https://cavaathleisure.com,8034863808828,Berlin Grey Lounge Co-Ord Set,Women's Co-ord Set,CAVA athleisure,47241112682812,L,Lounge Co-ord Set-Vamos-71/76-TP534-JR534-BerlinGrey,2799.00,False,Sold Out,0,https://cavaathleisure.com/products/berlin-grey-lounge-co-ord-set
https://cavaathleisure.com,8034863808828,Berlin Grey Lounge Co-Ord Set,Women's Co-ord Set,CAVA athleisure,47241112748348,XL,Lounge Co-ord Set-Vamos-71/76-TP534-JR534-BerlinGrey,2799.00,False,Sold Out,0,https://cavaathleisure.com/products/berlin-grey-lounge-co-ord-set
https://cavaathleisure.com,8034863808828,Berlin Grey Lounge Co-Ord Set,Women's Co-ord Set,CAVA athleisure,47241112813884,XL,Lounge Co-ord Set-Vamos-71/76-TP534-JR534-BerlinGrey,2799.00,False,Sold Out,0,https://cavaathleisure.com/products/berlin-grey-lounge-co-ord-set
https://cavaathleisure.com,8034863808828,Berlin Grey Lounge Co-Ord Set,Women's Co-ord Set,CAVA athleisure,47241112846652,XL,Lounge Co-ord Set-Vamos-71/76-TP534-JR534-BerlinGrey,2799.00,False,Sold Out,0,https://cavaathleisure.com/products/berlin-grey-lounge-co-ord-set
https://cavaathleisure.com,8034863808828,Berlin Grey Lounge Co-Ord Set,Women's Co-ord Set,CAVA athleisure,47241112912188,XL,Lounge Co-ord Set-Vamos-71/76-TP534-JR534-BerlinGrey,2799.00,False,Sold Out,0,https://cavaathleisure.com/products/berlin-grey-lounge-co-ord-set
https://cavaathleisure.com,8034863808828,Berlin Grey Lounge Co-Ord Set,Women's Co-ord Set,CAVA athleisure,47241112944956,XL,Lounge Co-ord Set-Vamos-71/76-TP534-JR534-BerlinGrey,2799.00,False,Sold Out,0,https://cavaathleisure.com/products/berlin-grey-lounge-co-ord-set
https://cavaathleisure.com,8034863808828,Berlin Grey Lounge Co-Ord Set,Women's Co-ord Set,CAVA athleisure,47241112977724,XL,Lounge Co-ord Set-Vamos-71/76-TP534-JR534-BerlinGrey,2799.00,False,Sold Out,0,https://cavaathleisure.com/products/berlin-grey-lounge-co-ord-set
https://cavaathleisure.com,8034863808828,Berlin Grey Lounge Co-Ord Set,Women's Co-ord Set,CAVA athleisure,47241113010492,XXL,Lounge Co-ord Set-Vamos-71/76-TP534-JR534-BerlinGrey,2799.00,False,Sold Out,0,https://cavaathleisure.com/products/berlin-grey-lounge-co-ord-set
https://cavaathleisure.com,8034863808828,Berlin Grey Lounge Co-Ord Set,Women's Co-ord Set,CAVA athleisure,47241113043260,XXL,Lounge Co-ord Set-Vamos-71/76-TP534-JR534-BerlinGrey,2799.00,False,Sold Out,0,https://cavaathleisure.com/products/berlin-grey-lounge-co-ord-set
https://cavaathleisure.com,8034863808828,Berlin Grey Lounge Co-Ord Set,Women's Co-ord Set,CAVA athleisure,47241113076028,XXL,Lounge Co-ord Set-Vamos-71/76-TP534-JR534-BerlinGrey,2799.00,False,Sold Out,0,https://cavaathleisure.com/products/berlin-grey-lounge-co-ord-set
https://cavaathleisure.com,8034863808828,Berlin Grey Lounge Co-Ord Set,Women's Co-ord Set,CAVA athleisure,47241113108796,XXL,Lounge Co-ord Set-Vamos-71/76-TP534-JR534-BerlinGrey,2799.00,False,Sold Out,0,https://cavaathleisure.com/products/berlin-grey-lounge-co-ord-set
https://cavaathleisure.com,8034863808828,Berlin Grey Lounge Co-Ord Set,Women's Co-ord Set,CAVA athleisure,47241113141564,XXL,Lounge Co-ord Set-Vamos-71/76-TP534-JR534-BerlinGrey,2799.00,False,Sold Out,0,https://cavaathleisure.com/products/berlin-grey-lounge-co-ord-set
https://cavaathleisure.com,8034863808828,Berlin Grey Lounge Co-Ord Set,Women's Co-ord Set,CAVA athleisure,47241113174332,XXL,Lounge Co-ord Set-Vamos-71/76-TP534-JR534-BerlinGrey,2799.00,False,Sold Out,0,https://cavaathleisure.com/products/berlin-grey-lounge-co-ord-set
https://cavaathleisure.com,8033851932988,Berlin Grey Cava Essential Sweatsuit,Men's Co-ord Set,CAVA athleisure,44091753496892,XS,CAVA essential sweatsuit-Vamos-86/89-TP536-JR536-BerlinGrey,3569.00,False,Sold Out,0,https://cavaathleisure.com/products/berlin-grey-cava-essential-sweatsuit-1
https://cavaathleisure.com,8033851932988,Berlin Grey Cava Essential Sweatsuit,Men's Co-ord Set,CAVA athleisure,44100699619644,XS,CAVA essential sweatsuit-Vamos-86/89-TP536-JR536-BerlinGrey,3569.00,False,Sold Out,0,https://cavaathleisure.com/products/berlin-grey-cava-essential-sweatsuit-1
https://cavaathleisure.com,8033851932988,Berlin Grey Cava Essential Sweatsuit,Men's Co-ord Set,CAVA athleisure,44100699652412,XS,CAVA essential sweatsuit-Vamos-86/89-TP536-JR536-BerlinGrey,3569.00,False,Sold Out,0,https://cavaathleisure.com/products/berlin-grey-cava-essential-sweatsuit-1
https://cavaathleisure.com,8033851932988,Berlin Grey Cava Essential Sweatsuit,Men's Co-ord Set,CAVA athleisure,44100699685180,XS,CAVA essential sweatsuit-Vamos-86/89-TP536-JR536-BerlinGrey,3569.00,False,Sold Out,0,https://cavaathleisure.com/products/berlin-grey-cava-essential-sweatsuit-1
https://cavaathleisure.com,8033851932988,Berlin Grey Cava Essential Sweatsuit,Men's Co-ord Set,CAVA athleisure,44100699717948,XS,CAVA essential sweatsuit-Vamos-86/89-TP536-JR536-BerlinGrey,3569.00,False,Sold Out,0,https://cavaathleisure.com/products/berlin-grey-cava-essential-sweatsuit-1
https://cavaathleisure.com,8033851932988,Berlin Grey Cava Essential Sweatsuit,Men's Co-ord Set,CAVA athleisure,44100699750716,XS,CAVA essential sweatsuit-Vamos-86/89-TP536-JR536-BerlinGrey,3569.00,False,Sold Out,0,https://cavaathleisure.com/products/berlin-grey-cava-essential-sweatsuit-1
https://cavaathleisure.com,8033851932988,Berlin Grey Cava Essential Sweatsuit,Men's Co-ord Set,CAVA athleisure,44091753529660,S,CAVA essential sweatsuit-Vamos-86/89-TP536-JR536-BerlinGrey,3569.00,False,Sold Out,0,https://cavaathleisure.com/products/berlin-grey-cava-essential-sweatsuit-1
https://cavaathleisure.com,8033851932988,Berlin Grey Cava Essential Sweatsuit,Men's Co-ord Set,CAVA athleisure,44100699783484,S,CAVA essential sweatsuit-Vamos-86/89-TP536-JR536-BerlinGrey,3569.00,False,Sold Out,0,https://cavaathleisure.com/products/berlin-grey-cava-essential-sweatsuit-1
https://cavaathleisure.com,8033851932988,Berlin Grey Cava Essential Sweatsuit,Men's Co-ord Set,CAVA athleisure,44100699816252,S,CAVA essential sweatsuit-Vamos-86/89-TP536-JR536-BerlinGrey,3569.00,False,Sold Out,0,https://cavaathleisure.com/products/berlin-grey-cava-essential-sweatsuit-1
https://cavaathleisure.com,8033851932988,Berlin Grey Cava Essential Sweatsuit,Men's Co-ord Set,CAVA athleisure,44100699849020,S,CAVA essential sweatsuit-Vamos-86/89-TP536-JR536-BerlinGrey,3569.00,False,Sold Out,0,https://cavaathleisure.com/products/berlin-grey-cava-essential-sweatsuit-1
https://cavaathleisure.com,8033851932988,Berlin Grey Cava Essential Sweatsuit,Men's Co-ord Set,CAVA athleisure,44100699881788,S,CAVA essential sweatsuit-Vamos-86/89-TP536-JR536-BerlinGrey,3569.00,False,Sold Out,0,https://cavaathleisure.com/products/berlin-grey-cava-essential-sweatsuit-1
https://cavaathleisure.com,8033851932988,Berlin Grey Cava Essential Sweatsuit,Men's Co-ord Set,CAVA athleisure,44100699914556,S,CAVA essential sweatsuit-Vamos-86/89-TP536-JR536-BerlinGrey,3569.00,False,Sold Out,0,https://cavaathleisure.com/products/berlin-grey-cava-essential-sweatsuit-1
https://cavaathleisure.com,8033851932988,Berlin Grey Cava Essential Sweatsuit,Men's Co-ord Set,CAVA athleisure,44091753562428,M,CAVA essential sweatsuit-Vamos-86/89-TP536-JR536-BerlinGrey,3569.00,False,Sold Out,0,https://cavaathleisure.com/products/berlin-grey-cava-essential-sweatsuit-1
https://cavaathleisure.com,8033851932988,Berlin Grey Cava Essential Sweatsuit,Men's Co-ord Set,CAVA athleisure,44100699947324,M,CAVA essential sweatsuit-Vamos-86/89-TP536-JR536-BerlinGrey,3569.00,False,Sold Out,0,https://cavaathleisure.com/products/berlin-grey-cava-essential-sweatsuit-1
https://cavaathleisure.com,8033851932988,Berlin Grey Cava Essential Sweatsuit,Men's Co-ord Set,CAVA athleisure,44100699980092,M,CAVA essential sweatsuit-Vamos-86/89-TP536-JR536-BerlinGrey,3569.00,False,Sold Out,0,https://cavaathleisure.com/products/berlin-grey-cava-essential-sweatsuit-1
https://cavaathleisure.com,8033851932988,Berlin Grey Cava Essential Sweatsuit,Men's Co-ord Set,CAVA athleisure,44100700012860,M,CAVA essential sweatsuit-Vamos-86/89-TP536-JR536-BerlinGrey,3569.00,False,Sold Out,0,https://cavaathleisure.com/products/berlin-grey-cava-essential-sweatsuit-1
https://cavaathleisure.com,8033851932988,Berlin Grey Cava Essential Sweatsuit,Men's Co-ord Set,CAVA athleisure,44100700045628,M,CAVA essential sweatsuit-Vamos-86/89-TP536-JR536-BerlinGrey,3569.00,False,Sold Out,0,https://cavaathleisure.com/products/berlin-grey-cava-essential-sweatsuit-1
https://cavaathleisure.com,8033851932988,Berlin Grey Cava Essential Sweatsuit,Men's Co-ord Set,CAVA athleisure,44100700078396,M,CAVA essential sweatsuit-Vamos-86/89-TP536-JR536-BerlinGrey,3569.00,False,Sold Out,0,https://cavaathleisure.com/products/berlin-grey-cava-essential-sweatsuit-1
https://cavaathleisure.com,8033851932988,Berlin Grey Cava Essential Sweatsuit,Men's Co-ord Set,CAVA athleisure,44091753595196,L,CAVA essential sweatsuit-Vamos-86/89-TP536-JR536-BerlinGrey,3569.00,False,Sold Out,0,https://cavaathleisure.com/products/berlin-grey-cava-essential-sweatsuit-1
https://cavaathleisure.com,8033851932988,Berlin Grey Cava Essential Sweatsuit,Men's Co-ord Set,CAVA athleisure,44100700111164,L,CAVA essential sweatsuit-Vamos-86/89-TP536-JR536-BerlinGrey,3569.00,False,Sold Out,0,https://cavaathleisure.com/products/berlin-grey-cava-essential-sweatsuit-1
https://cavaathleisure.com,8033851932988,Berlin Grey Cava Essential Sweatsuit,Men's Co-ord Set,CAVA athleisure,44100700143932,L,CAVA essential sweatsuit-Vamos-86/89-TP536-JR536-BerlinGrey,3569.00,False,Sold Out,0,https://cavaathleisure.com/products/berlin-grey-cava-essential-sweatsuit-1
https://cavaathleisure.com,8033851932988,Berlin Grey Cava Essential Sweatsuit,Men's Co-ord Set,CAVA athleisure,44100700176700,L,CAVA essential sweatsuit-Vamos-86/89-TP536-JR536-BerlinGrey,3569.00,False,Sold Out,0,https://cavaathleisure.com/products/berlin-grey-cava-essential-sweatsuit-1
https://cavaathleisure.com,8033851932988,Berlin Grey Cava Essential Sweatsuit,Men's Co-ord Set,CAVA athleisure,44100700209468,L,CAVA essential sweatsuit-Vamos-86/89-TP536-JR536-BerlinGrey,3569.00,False,Sold Out,0,https://cavaathleisure.com/products/berlin-grey-cava-essential-sweatsuit-1
https://cavaathleisure.com,8033851932988,Berlin Grey Cava Essential Sweatsuit,Men's Co-ord Set,CAVA athleisure,44100700242236,L,CAVA essential sweatsuit-Vamos-86/89-TP536-JR536-BerlinGrey,3569.00,False,Sold Out,0,https://cavaathleisure.com/products/berlin-grey-cava-essential-sweatsuit-1
https://cavaathleisure.com,8033851932988,Berlin Grey Cava Essential Sweatsuit,Men's Co-ord Set,CAVA athleisure,44091753627964,XL,CAVA essential sweatsuit-Vamos-86/89-TP536-JR536-BerlinGrey,3569.00,False,Sold Out,0,https://cavaathleisure.com/products/berlin-grey-cava-essential-sweatsuit-1
https://cavaathleisure.com,8033851932988,Berlin Grey Cava Essential Sweatsuit,Men's Co-ord Set,CAVA athleisure,44100700275004,XL,CAVA essential sweatsuit-Vamos-86/89-TP536-JR536-BerlinGrey,3569.00,False,Sold Out,0,https://cavaathleisure.com/products/berlin-grey-cava-essential-sweatsuit-1
https://cavaathleisure.com,8033851932988,Berlin Grey Cava Essential Sweatsuit,Men's Co-ord Set,CAVA athleisure,44100700307772,XL,CAVA essential sweatsuit-Vamos-86/89-TP536-JR536-BerlinGrey,3569.00,False,Sold Out,0,https://cavaathleisure.com/products/berlin-grey-cava-essential-sweatsuit-1
https://cavaathleisure.com,8033851932988,Berlin Grey Cava Essential Sweatsuit,Men's Co-ord Set,CAVA athleisure,44100700340540,XL,CAVA essential sweatsuit-Vamos-86/89-TP536-JR536-BerlinGrey,3569.00,False,Sold Out,0,https://cavaathleisure.com/products/berlin-grey-cava-essential-sweatsuit-1
https://cavaathleisure.com,8033851932988,Berlin Grey Cava Essential Sweatsuit,Men's Co-ord Set,CAVA athleisure,44100700373308,XL,CAVA essential sweatsuit-Vamos-86/89-TP536-JR536-BerlinGrey,3569.00,False,Sold Out,0,https://cavaathleisure.com/products/berlin-grey-cava-essential-sweatsuit-1
https://cavaathleisure.com,8033851932988,Berlin Grey Cava Essential Sweatsuit,Men's Co-ord Set,CAVA athleisure,44100700406076,XL,CAVA essential sweatsuit-Vamos-86/89-TP536-JR536-BerlinGrey,3569.00,False,Sold Out,0,https://cavaathleisure.com/products/berlin-grey-cava-essential-sweatsuit-1
https://cavaathleisure.com,8033851932988,Berlin Grey Cava Essential Sweatsuit,Men's Co-ord Set,CAVA athleisure,44091753660732,XXL,CAVA essential sweatsuit-Vamos-86/89-TP536-JR536-BerlinGrey,3569.00,False,Sold Out,0,https://cavaathleisure.com/products/berlin-grey-cava-essential-sweatsuit-1
https://cavaathleisure.com,8033851932988,Berlin Grey Cava Essential Sweatsuit,Men's Co-ord Set,CAVA athleisure,44100700438844,XXL,CAVA essential sweatsuit-Vamos-86/89-TP536-JR536-BerlinGrey,3569.00,False,Sold Out,0,https://cavaathleisure.com/products/berlin-grey-cava-essential-sweatsuit-1
https://cavaathleisure.com,8033851932988,Berlin Grey Cava Essential Sweatsuit,Men's Co-ord Set,CAVA athleisure,44100700471612,XXL,CAVA essential sweatsuit-Vamos-86/89-TP536-JR536-BerlinGrey,3569.00,False,Sold Out,0,https://cavaathleisure.com/products/berlin-grey-cava-essential-sweatsuit-1
https://cavaathleisure.com,8033851932988,Berlin Grey Cava Essential Sweatsuit,Men's Co-ord Set,CAVA athleisure,44100700504380,XXL,CAVA essential sweatsuit-Vamos-86/89-TP536-JR536-BerlinGrey,3569.00,False,Sold Out,0,https://cavaathleisure.com/products/berlin-grey-cava-essential-sweatsuit-1
https://cavaathleisure.com,8033851932988,Berlin Grey Cava Essential Sweatsuit,Men's Co-ord Set,CAVA athleisure,44100700537148,XXL,CAVA essential sweatsuit-Vamos-86/89-TP536-JR536-BerlinGrey,3569.00,False,Sold Out,0,https://cavaathleisure.com/products/berlin-grey-cava-essential-sweatsuit-1
https://cavaathleisure.com,8033851932988,Berlin Grey Cava Essential Sweatsuit,Men's Co-ord Set,CAVA athleisure,44100700569916,XXL,CAVA essential sweatsuit-Vamos-86/89-TP536-JR536-BerlinGrey,3569.00,False,Sold Out,0,https://cavaathleisure.com/products/berlin-grey-cava-essential-sweatsuit-1
https://cavaathleisure.com,8034958639420,Belgrade Black Sculpt Active Co-ord Set,Women's Co-ord Set,CAVA athleisure,44097120108860,XS,Sculpt Active Co-ord set-Vamos-40/44-BR511-BEL511-BelgradeBlack,2589.00,False,Sold Out,0,https://cavaathleisure.com/products/belgrade-black-sculpt-active-co-ord-set-1
https://cavaathleisure.com,8034958639420,Belgrade Black Sculpt Active Co-ord Set,Women's Co-ord Set,CAVA athleisure,44100768366908,XS,Sculpt Active Co-ord set-Vamos-40/44-BR511-BEL511-BelgradeBlack,2589.00,False,Sold Out,0,https://cavaathleisure.com/products/belgrade-black-sculpt-active-co-ord-set-1
https://cavaathleisure.com,8034958639420,Belgrade Black Sculpt Active Co-ord Set,Women's Co-ord Set,CAVA athleisure,44100768399676,XS,Sculpt Active Co-ord set-Vamos-40/44-BR511-BEL511-BelgradeBlack,2589.00,False,Sold Out,0,https://cavaathleisure.com/products/belgrade-black-sculpt-active-co-ord-set-1
https://cavaathleisure.com,8034958639420,Belgrade Black Sculpt Active Co-ord Set,Women's Co-ord Set,CAVA athleisure,44100768432444,XS,Sculpt Active Co-ord set-Vamos-40/44-BR511-BEL511-BelgradeBlack,2589.00,False,Sold Out,0,https://cavaathleisure.com/products/belgrade-black-sculpt-active-co-ord-set-1
https://cavaathleisure.com,8034958639420,Belgrade Black Sculpt Active Co-ord Set,Women's Co-ord Set,CAVA athleisure,44100768465212,XS,Sculpt Active Co-ord set-Vamos-40/44-BR511-BEL511-BelgradeBlack,2589.00,False,Sold Out,0,https://cavaathleisure.com/products/belgrade-black-sculpt-active-co-ord-set-1
https://cavaathleisure.com,8034958639420,Belgrade Black Sculpt Active Co-ord Set,Women's Co-ord Set,CAVA athleisure,44100768497980,XS,Sculpt Active Co-ord set-Vamos-40/44-BR511-BEL511-BelgradeBlack,2589.00,False,Sold Out,0,https://cavaathleisure.com/products/belgrade-black-sculpt-active-co-ord-set-1
https://cavaathleisure.com,8034958639420,Belgrade Black Sculpt Active Co-ord Set,Women's Co-ord Set,CAVA athleisure,44097120141628,S,Sculpt Active Co-ord set-Vamos-40/44-BR511-BEL511-BelgradeBlack,2589.00,False,Sold Out,0,https://cavaathleisure.com/products/belgrade-black-sculpt-active-co-ord-set-1
https://cavaathleisure.com,8034958639420,Belgrade Black Sculpt Active Co-ord Set,Women's Co-ord Set,CAVA athleisure,44100768530748,S,Sculpt Active Co-ord set-Vamos-40/44-BR511-BEL511-BelgradeBlack,2589.00,False,Sold Out,0,https://cavaathleisure.com/products/belgrade-black-sculpt-active-co-ord-set-1
https://cavaathleisure.com,8034958639420,Belgrade Black Sculpt Active Co-ord Set,Women's Co-ord Set,CAVA athleisure,44100768563516,S,Sculpt Active Co-ord set-Vamos-40/44-BR511-BEL511-BelgradeBlack,2589.00,False,Sold Out,0,https://cavaathleisure.com/products/belgrade-black-sculpt-active-co-ord-set-1
https://cavaathleisure.com,8034958639420,Belgrade Black Sculpt Active Co-ord Set,Women's Co-ord Set,CAVA athleisure,44100768596284,S,Sculpt Active Co-ord set-Vamos-40/44-BR511-BEL511-BelgradeBlack,2589.00,False,Sold Out,0,https://cavaathleisure.com/products/belgrade-black-sculpt-active-co-ord-set-1
https://cavaathleisure.com,8034958639420,Belgrade Black Sculpt Active Co-ord Set,Women's Co-ord Set,CAVA athleisure,44100768629052,S,Sculpt Active Co-ord set-Vamos-40/44-BR511-BEL511-BelgradeBlack,2589.00,False,Sold Out,0,https://cavaathleisure.com/products/belgrade-black-sculpt-active-co-ord-set-1
https://cavaathleisure.com,8034958639420,Belgrade Black Sculpt Active Co-ord Set,Women's Co-ord Set,CAVA athleisure,44100768661820,S,Sculpt Active Co-ord set-Vamos-40/44-BR511-BEL511-BelgradeBlack,2589.00,False,Sold Out,0,https://cavaathleisure.com/products/belgrade-black-sculpt-active-co-ord-set-1
https://cavaathleisure.com,8034958639420,Belgrade Black Sculpt Active Co-ord Set,Women's Co-ord Set,CAVA athleisure,44097120174396,M,Sculpt Active Co-ord set-Vamos-40/44-BR511-BEL511-BelgradeBlack,2589.00,False,Sold Out,0,https://cavaathleisure.com/products/belgrade-black-sculpt-active-co-ord-set-1
https://cavaathleisure.com,8034958639420,Belgrade Black Sculpt Active Co-ord Set,Women's Co-ord Set,CAVA athleisure,44100768694588,M,Sculpt Active Co-ord set-Vamos-40/44-BR511-BEL511-BelgradeBlack,2589.00,False,Sold Out,0,https://cavaathleisure.com/products/belgrade-black-sculpt-active-co-ord-set-1
https://cavaathleisure.com,8034958639420,Belgrade Black Sculpt Active Co-ord Set,Women's Co-ord Set,CAVA athleisure,44100768727356,M,Sculpt Active Co-ord set-Vamos-40/44-BR511-BEL511-BelgradeBlack,2589.00,False,Sold Out,0,https://cavaathleisure.com/products/belgrade-black-sculpt-active-co-ord-set-1
https://cavaathleisure.com,8034958639420,Belgrade Black Sculpt Active Co-ord Set,Women's Co-ord Set,CAVA athleisure,44100768760124,M,Sculpt Active Co-ord set-Vamos-40/44-BR511-BEL511-BelgradeBlack,2589.00,False,Sold Out,0,https://cavaathleisure.com/products/belgrade-black-sculpt-active-co-ord-set-1
https://cavaathleisure.com,8034958639420,Belgrade Black Sculpt Active Co-ord Set,Women's Co-ord Set,CAVA athleisure,44100768792892,M,Sculpt Active Co-ord set-Vamos-40/44-BR511-BEL511-BelgradeBlack,2589.00,False,Sold Out,0,https://cavaathleisure.com/products/belgrade-black-sculpt-active-co-ord-set-1
https://cavaathleisure.com,8034958639420,Belgrade Black Sculpt Active Co-ord Set,Women's Co-ord Set,CAVA athleisure,44100768825660,M,Sculpt Active Co-ord set-Vamos-40/44-BR511-BEL511-BelgradeBlack,2589.00,False,Sold Out,0,https://cavaathleisure.com/products/belgrade-black-sculpt-active-co-ord-set-1
https://cavaathleisure.com,8034958639420,Belgrade Black Sculpt Active Co-ord Set,Women's Co-ord Set,CAVA athleisure,44097120207164,L,Sculpt Active Co-ord set-Vamos-40/44-BR511-BEL511-BelgradeBlack,2589.00,False,Sold Out,0,https://cavaathleisure.com/products/belgrade-black-sculpt-active-co-ord-set-1
https://cavaathleisure.com,8034958639420,Belgrade Black Sculpt Active Co-ord Set,Women's Co-ord Set,CAVA athleisure,44100768858428,L,Sculpt Active Co-ord set-Vamos-40/44-BR511-BEL511-BelgradeBlack,2589.00,False,Sold Out,0,https://cavaathleisure.com/products/belgrade-black-sculpt-active-co-ord-set-1
https://cavaathleisure.com,8034958639420,Belgrade Black Sculpt Active Co-ord Set,Women's Co-ord Set,CAVA athleisure,44100768891196,L,Sculpt Active Co-ord set-Vamos-40/44-BR511-BEL511-BelgradeBlack,2589.00,False,Sold Out,0,https://cavaathleisure.com/products/belgrade-black-sculpt-active-co-ord-set-1
https://cavaathleisure.com,8034958639420,Belgrade Black Sculpt Active Co-ord Set,Women's Co-ord Set,CAVA athleisure,44100768923964,L,Sculpt Active Co-ord set-Vamos-40/44-BR511-BEL511-BelgradeBlack,2589.00,False,Sold Out,0,https://cavaathleisure.com/products/belgrade-black-sculpt-active-co-ord-set-1
https://cavaathleisure.com,8034958639420,Belgrade Black Sculpt Active Co-ord Set,Women's Co-ord Set,CAVA athleisure,44100768956732,L,Sculpt Active Co-ord set-Vamos-40/44-BR511-BEL511-BelgradeBlack,2589.00,False,Sold Out,0,https://cavaathleisure.com/products/belgrade-black-sculpt-active-co-ord-set-1
https://cavaathleisure.com,8034958639420,Belgrade Black Sculpt Active Co-ord Set,Women's Co-ord Set,CAVA athleisure,44100768989500,L,Sculpt Active Co-ord set-Vamos-40/44-BR511-BEL511-BelgradeBlack,2589.00,False,Sold Out,0,https://cavaathleisure.com/products/belgrade-black-sculpt-active-co-ord-set-1
https://cavaathleisure.com,8034958639420,Belgrade Black Sculpt Active Co-ord Set,Women's Co-ord Set,CAVA athleisure,44097120239932,XL,Sculpt Active Co-ord set-Vamos-40/44-BR511-BEL511-BelgradeBlack,2589.00,False,Sold Out,0,https://cavaathleisure.com/products/belgrade-black-sculpt-active-co-ord-set-1
https://cavaathleisure.com,8034958639420,Belgrade Black Sculpt Active Co-ord Set,Women's Co-ord Set,CAVA athleisure,44100769022268,XL,Sculpt Active Co-ord set-Vamos-40/44-BR511-BEL511-BelgradeBlack,2589.00,False,Sold Out,0,https://cavaathleisure.com/products/belgrade-black-sculpt-active-co-ord-set-1
https://cavaathleisure.com,8034958639420,Belgrade Black Sculpt Active Co-ord Set,Women's Co-ord Set,CAVA athleisure,44100769055036,XL,Sculpt Active Co-ord set-Vamos-40/44-BR511-BEL511-BelgradeBlack,2589.00,False,Sold Out,0,https://cavaathleisure.com/products/belgrade-black-sculpt-active-co-ord-set-1
https://cavaathleisure.com,8034958639420,Belgrade Black Sculpt Active Co-ord Set,Women's Co-ord Set,CAVA athleisure,44100769087804,XL,Sculpt Active Co-ord set-Vamos-40/44-BR511-BEL511-BelgradeBlack,2589.00,False,Sold Out,0,https://cavaathleisure.com/products/belgrade-black-sculpt-active-co-ord-set-1
https://cavaathleisure.com,8034958639420,Belgrade Black Sculpt Active Co-ord Set,Women's Co-ord Set,CAVA athleisure,44100769120572,XL,Sculpt Active Co-ord set-Vamos-40/44-BR511-BEL511-BelgradeBlack,2589.00,False,Sold Out,0,https://cavaathleisure.com/products/belgrade-black-sculpt-active-co-ord-set-1
https://cavaathleisure.com,8034958639420,Belgrade Black Sculpt Active Co-ord Set,Women's Co-ord Set,CAVA athleisure,44100769153340,XL,Sculpt Active Co-ord set-Vamos-40/44-BR511-BEL511-BelgradeBlack,2589.00,False,Sold Out,0,https://cavaathleisure.com/products/belgrade-black-sculpt-active-co-ord-set-1
https://cavaathleisure.com,8034958639420,Belgrade Black Sculpt Active Co-ord Set,Women's Co-ord Set,CAVA athleisure,44097120272700,XXL,Sculpt Active Co-ord set-Vamos-40/44-BR511-BEL511-BelgradeBlack,2589.00,False,Sold Out,0,https://cavaathleisure.com/products/belgrade-black-sculpt-active-co-ord-set-1
https://cavaathleisure.com,8034958639420,Belgrade Black Sculpt Active Co-ord Set,Women's Co-ord Set,CAVA athleisure,44100769186108,XXL,Sculpt Active Co-ord set-Vamos-40/44-BR511-BEL511-BelgradeBlack,2589.00,False,Sold Out,0,https://cavaathleisure.com/products/belgrade-black-sculpt-active-co-ord-set-1
https://cavaathleisure.com,8034958639420,Belgrade Black Sculpt Active Co-ord Set,Women's Co-ord Set,CAVA athleisure,44100769218876,XXL,Sculpt Active Co-ord set-Vamos-40/44-BR511-BEL511-BelgradeBlack,2589.00,False,Sold Out,0,https://cavaathleisure.com/products/belgrade-black-sculpt-active-co-ord-set-1
https://cavaathleisure.com,8034958639420,Belgrade Black Sculpt Active Co-ord Set,Women's Co-ord Set,CAVA athleisure,44100769251644,XXL,Sculpt Active Co-ord set-Vamos-40/44-BR511-BEL511-BelgradeBlack,2589.00,False,Sold Out,0,https://cavaathleisure.com/products/belgrade-black-sculpt-active-co-ord-set-1
https://cavaathleisure.com,8034958639420,Belgrade Black Sculpt Active Co-ord Set,Women's Co-ord Set,CAVA athleisure,44100769284412,XXL,Sculpt Active Co-ord set-Vamos-40/44-BR511-BEL511-BelgradeBlack,2589.00,False,Sold Out,0,https://cavaathleisure.com/products/belgrade-black-sculpt-active-co-ord-set-1
https://cavaathleisure.com,8034958639420,Belgrade Black Sculpt Active Co-ord Set,Women's Co-ord Set,CAVA athleisure,44100769317180,XXL,Sculpt Active Co-ord set-Vamos-40/44-BR511-BEL511-BelgradeBlack,2589.00,False,Sold Out,0,https://cavaathleisure.com/products/belgrade-black-sculpt-active-co-ord-set-1
https://cavaathleisure.com,8034962669884,Kenya Black Wide Cargo Joggers,Women's Joggers,CAVA athleisure,44097150583100,XS,BEL532-Vamos-59-KenyaBlack-XS,689.00,False,Sold Out,0,https://cavaathleisure.com/products/kenya-black-wide-cargo-joggers
https://cavaathleisure.com,8034962669884,Kenya Black Wide Cargo Joggers,Women's Joggers,CAVA athleisure,44097150615868,S,BEL532-Vamos-59-KenyaBlack-S,689.00,False,Sold Out,0,https://cavaathleisure.com/products/kenya-black-wide-cargo-joggers
https://cavaathleisure.com,8034962669884,Kenya Black Wide Cargo Joggers,Women's Joggers,CAVA athleisure,44097150648636,M,BEL532-Vamos-59-KenyaBlack-M,689.00,False,Sold Out,0,https://cavaathleisure.com/products/kenya-black-wide-cargo-joggers
https://cavaathleisure.com,8034962669884,Kenya Black Wide Cargo Joggers,Women's Joggers,CAVA athleisure,44097150681404,L,BEL532-Vamos-59-KenyaBlack-L,689.00,False,Sold Out,0,https://cavaathleisure.com/products/kenya-black-wide-cargo-joggers
https://cavaathleisure.com,8034962669884,Kenya Black Wide Cargo Joggers,Women's Joggers,CAVA athleisure,44097150714172,XL,BEL532-Vamos-59-KenyaBlack-XL,689.00,False,Sold Out,0,https://cavaathleisure.com/products/kenya-black-wide-cargo-joggers
https://cavaathleisure.com,8034962669884,Kenya Black Wide Cargo Joggers,Women's Joggers,CAVA athleisure,44097150779708,XXL,BEL532-Vamos-59-KenyaBlack-XXL,689.00,False,Sold Out,0,https://cavaathleisure.com/products/kenya-black-wide-cargo-joggers
https://cavaathleisure.com,8034868068668,Arctic White Lounge Co-ord Set,Women's Co-ord Set,CAVA athleisure,44096507511100,XS,Lounge Co-ord Set-Vamos-70/75-TP534-JR534-ArticWhite,2799.00,False,Sold Out,0,https://cavaathleisure.com/products/arctic-white-lounge-co-ord-set
https://cavaathleisure.com,8034868068668,Arctic White Lounge Co-ord Set,Women's Co-ord Set,CAVA athleisure,47004335178044,XS,Lounge Co-ord Set-Vamos-70/75-TP534-JR534-ArticWhite,2799.00,False,Sold Out,0,https://cavaathleisure.com/products/arctic-white-lounge-co-ord-set
https://cavaathleisure.com,8034868068668,Arctic White Lounge Co-ord Set,Women's Co-ord Set,CAVA athleisure,47004335210812,XS,Lounge Co-ord Set-Vamos-70/75-TP534-JR534-ArticWhite,2799.00,False,Sold Out,0,https://cavaathleisure.com/products/arctic-white-lounge-co-ord-set
https://cavaathleisure.com,8034868068668,Arctic White Lounge Co-ord Set,Women's Co-ord Set,CAVA athleisure,47004335243580,XS,Lounge Co-ord Set-Vamos-70/75-TP534-JR534-ArticWhite,2799.00,False,Sold Out,0,https://cavaathleisure.com/products/arctic-white-lounge-co-ord-set
https://cavaathleisure.com,8034868068668,Arctic White Lounge Co-ord Set,Women's Co-ord Set,CAVA athleisure,47004335276348,XS,Lounge Co-ord Set-Vamos-70/75-TP534-JR534-ArticWhite,2799.00,False,Sold Out,0,https://cavaathleisure.com/products/arctic-white-lounge-co-ord-set
https://cavaathleisure.com,8034868068668,Arctic White Lounge Co-ord Set,Women's Co-ord Set,CAVA athleisure,47004335309116,XS,Lounge Co-ord Set-Vamos-70/75-TP534-JR534-ArticWhite,2799.00,False,Sold Out,0,https://cavaathleisure.com/products/arctic-white-lounge-co-ord-set
https://cavaathleisure.com,8034868068668,Arctic White Lounge Co-ord Set,Women's Co-ord Set,CAVA athleisure,47004335374652,S,Lounge Co-ord Set-Vamos-70/75-TP534-JR534-ArticWhite,2799.00,False,Sold Out,0,https://cavaathleisure.com/products/arctic-white-lounge-co-ord-set
https://cavaathleisure.com,8034868068668,Arctic White Lounge Co-ord Set,Women's Co-ord Set,CAVA athleisure,47004335407420,S,Lounge Co-ord Set-Vamos-70/75-TP534-JR534-ArticWhite,2799.00,False,Sold Out,0,https://cavaathleisure.com/products/arctic-white-lounge-co-ord-set
https://cavaathleisure.com,8034868068668,Arctic White Lounge Co-ord Set,Women's Co-ord Set,CAVA athleisure,47004335440188,S,Lounge Co-ord Set-Vamos-70/75-TP534-JR534-ArticWhite,2799.00,False,Sold Out,0,https://cavaathleisure.com/products/arctic-white-lounge-co-ord-set
https://cavaathleisure.com,8034868068668,Arctic White Lounge Co-ord Set,Women's Co-ord Set,CAVA athleisure,47004335472956,S,Lounge Co-ord Set-Vamos-70/75-TP534-JR534-ArticWhite,2799.00,False,Sold Out,0,https://cavaathleisure.com/products/arctic-white-lounge-co-ord-set
https://cavaathleisure.com,8034868068668,Arctic White Lounge Co-ord Set,Women's Co-ord Set,CAVA athleisure,47004335505724,S,Lounge Co-ord Set-Vamos-70/75-TP534-JR534-ArticWhite,2799.00,False,Sold Out,0,https://cavaathleisure.com/products/arctic-white-lounge-co-ord-set
https://cavaathleisure.com,8034868068668,Arctic White Lounge Co-ord Set,Women's Co-ord Set,CAVA athleisure,47004335538492,S,Lounge Co-ord Set-Vamos-70/75-TP534-JR534-ArticWhite,2799.00,False,Sold Out,0,https://cavaathleisure.com/products/arctic-white-lounge-co-ord-set
https://cavaathleisure.com,8034868068668,Arctic White Lounge Co-ord Set,Women's Co-ord Set,CAVA athleisure,47004335571260,M,Lounge Co-ord Set-Vamos-70/75-TP534-JR534-ArticWhite,2799.00,False,Sold Out,0,https://cavaathleisure.com/products/arctic-white-lounge-co-ord-set
https://cavaathleisure.com,8034868068668,Arctic White Lounge Co-ord Set,Women's Co-ord Set,CAVA athleisure,47004335604028,M,Lounge Co-ord Set-Vamos-70/75-TP534-JR534-ArticWhite,2799.00,False,Sold Out,0,https://cavaathleisure.com/products/arctic-white-lounge-co-ord-set
https://cavaathleisure.com,8034868068668,Arctic White Lounge Co-ord Set,Women's Co-ord Set,CAVA athleisure,47004335636796,M,Lounge Co-ord Set-Vamos-70/75-TP534-JR534-ArticWhite,2799.00,False,Sold Out,0,https://cavaathleisure.com/products/arctic-white-lounge-co-ord-set
https://cavaathleisure.com,8034868068668,Arctic White Lounge Co-ord Set,Women's Co-ord Set,CAVA athleisure,47004335669564,M,Lounge Co-ord Set-Vamos-70/75-TP534-JR534-ArticWhite,2799.00,False,Sold Out,0,https://cavaathleisure.com/products/arctic-white-lounge-co-ord-set
https://cavaathleisure.com,8034868068668,Arctic White Lounge Co-ord Set,Women's Co-ord Set,CAVA athleisure,47004335702332,M,Lounge Co-ord Set-Vamos-70/75-TP534-JR534-ArticWhite,2799.00,False,Sold Out,0,https://cavaathleisure.com/products/arctic-white-lounge-co-ord-set
https://cavaathleisure.com,8034868068668,Arctic White Lounge Co-ord Set,Women's Co-ord Set,CAVA athleisure,47004335735100,M,Lounge Co-ord Set-Vamos-70/75-TP534-JR534-ArticWhite,2799.00,False,Sold Out,0,https://cavaathleisure.com/products/arctic-white-lounge-co-ord-set
https://cavaathleisure.com,8034868068668,Arctic White Lounge Co-ord Set,Women's Co-ord Set,CAVA athleisure,47004335767868,L,Lounge Co-ord Set-Vamos-70/75-TP534-JR534-ArticWhite,2799.00,False,Sold Out,0,https://cavaathleisure.com/products/arctic-white-lounge-co-ord-set
https://cavaathleisure.com,8034868068668,Arctic White Lounge Co-ord Set,Women's Co-ord Set,CAVA athleisure,47004335800636,L,Lounge Co-ord Set-Vamos-70/75-TP534-JR534-ArticWhite,2799.00,False,Sold Out,0,https://cavaathleisure.com/products/arctic-white-lounge-co-ord-set
https://cavaathleisure.com,8034868068668,Arctic White Lounge Co-ord Set,Women's Co-ord Set,CAVA athleisure,47004335833404,L,Lounge Co-ord Set-Vamos-70/75-TP534-JR534-ArticWhite,2799.00,False,Sold Out,0,https://cavaathleisure.com/products/arctic-white-lounge-co-ord-set
https://cavaathleisure.com,8034868068668,Arctic White Lounge Co-ord Set,Women's Co-ord Set,CAVA athleisure,47004335866172,L,Lounge Co-ord Set-Vamos-70/75-TP534-JR534-ArticWhite,2799.00,False,Sold Out,0,https://cavaathleisure.com/products/arctic-white-lounge-co-ord-set
https://cavaathleisure.com,8034868068668,Arctic White Lounge Co-ord Set,Women's Co-ord Set,CAVA athleisure,47004335931708,L,Lounge Co-ord Set-Vamos-70/75-TP534-JR534-ArticWhite,2799.00,False,Sold Out,0,https://cavaathleisure.com/products/arctic-white-lounge-co-ord-set
https://cavaathleisure.com,8034868068668,Arctic White Lounge Co-ord Set,Women's Co-ord Set,CAVA athleisure,47004335964476,L,Lounge Co-ord Set-Vamos-70/75-TP534-JR534-ArticWhite,2799.00,False,Sold Out,0,https://cavaathleisure.com/products/arctic-white-lounge-co-ord-set
https://cavaathleisure.com,8034868068668,Arctic White Lounge Co-ord Set,Women's Co-ord Set,CAVA athleisure,47004335997244,XL,Lounge Co-ord Set-Vamos-70/75-TP534-JR534-ArticWhite,2799.00,False,Sold Out,0,https://cavaathleisure.com/products/arctic-white-lounge-co-ord-set
https://cavaathleisure.com,8034868068668,Arctic White Lounge Co-ord Set,Women's Co-ord Set,CAVA athleisure,47004336030012,XL,Lounge Co-ord Set-Vamos-70/75-TP534-JR534-ArticWhite,2799.00,False,Sold Out,0,https://cavaathleisure.com/products/arctic-white-lounge-co-ord-set
https://cavaathleisure.com,8034868068668,Arctic White Lounge Co-ord Set,Women's Co-ord Set,CAVA athleisure,47004336062780,XL,Lounge Co-ord Set-Vamos-70/75-TP534-JR534-ArticWhite,2799.00,False,Sold Out,0,https://cavaathleisure.com/products/arctic-white-lounge-co-ord-set
https://cavaathleisure.com,8034868068668,Arctic White Lounge Co-ord Set,Women's Co-ord Set,CAVA athleisure,47004336095548,XL,Lounge Co-ord Set-Vamos-70/75-TP534-JR534-ArticWhite,2799.00,False,Sold Out,0,https://cavaathleisure.com/products/arctic-white-lounge-co-ord-set
https://cavaathleisure.com,8034868068668,Arctic White Lounge Co-ord Set,Women's Co-ord Set,CAVA athleisure,47004336128316,XL,Lounge Co-ord Set-Vamos-70/75-TP534-JR534-ArticWhite,2799.00,False,Sold Out,0,https://cavaathleisure.com/products/arctic-white-lounge-co-ord-set
https://cavaathleisure.com,8034868068668,Arctic White Lounge Co-ord Set,Women's Co-ord Set,CAVA athleisure,47004336161084,XL,Lounge Co-ord Set-Vamos-70/75-TP534-JR534-ArticWhite,2799.00,False,Sold Out,0,https://cavaathleisure.com/products/arctic-white-lounge-co-ord-set
https://cavaathleisure.com,8034868068668,Arctic White Lounge Co-ord Set,Women's Co-ord Set,CAVA athleisure,47004336193852,XXL,Lounge Co-ord Set-Vamos-70/75-TP534-JR534-ArticWhite,2799.00,False,Sold Out,0,https://cavaathleisure.com/products/arctic-white-lounge-co-ord-set
https://cavaathleisure.com,8034868068668,Arctic White Lounge Co-ord Set,Women's Co-ord Set,CAVA athleisure,47004336226620,XXL,Lounge Co-ord Set-Vamos-70/75-TP534-JR534-ArticWhite,2799.00,False,Sold Out,0,https://cavaathleisure.com/products/arctic-white-lounge-co-ord-set
https://cavaathleisure.com,8034868068668,Arctic White Lounge Co-ord Set,Women's Co-ord Set,CAVA athleisure,47004336259388,XXL,Lounge Co-ord Set-Vamos-70/75-TP534-JR534-ArticWhite,2799.00,False,Sold Out,0,https://cavaathleisure.com/products/arctic-white-lounge-co-ord-set
https://cavaathleisure.com,8034868068668,Arctic White Lounge Co-ord Set,Women's Co-ord Set,CAVA athleisure,47004336292156,XXL,Lounge Co-ord Set-Vamos-70/75-TP534-JR534-ArticWhite,2799.00,False,Sold Out,0,https://cavaathleisure.com/products/arctic-white-lounge-co-ord-set
https://cavaathleisure.com,8034868068668,Arctic White Lounge Co-ord Set,Women's Co-ord Set,CAVA athleisure,47004336324924,XXL,Lounge Co-ord Set-Vamos-70/75-TP534-JR534-ArticWhite,2799.00,False,Sold Out,0,https://cavaathleisure.com/products/arctic-white-lounge-co-ord-set
https://cavaathleisure.com,8034868068668,Arctic White Lounge Co-ord Set,Women's Co-ord Set,CAVA athleisure,47004336357692,XXL,Lounge Co-ord Set-Vamos-70/75-TP534-JR534-ArticWhite,2799.00,False,Sold Out,0,https://cavaathleisure.com/products/arctic-white-lounge-co-ord-set
https://cavaathleisure.com,8034897789244,Dallas Blue Patchwork Jogger,Women's Joggers,CAVA athleisure,44096646414652,XS,JR533-Vamos-63-DallasBlue-XS,1379.00,False,Sold Out,0,https://cavaathleisure.com/products/dallas-blue-patchwork-jogger
https://cavaathleisure.com,8034897789244,Dallas Blue Patchwork Jogger,Women's Joggers,CAVA athleisure,44096646447420,S,JR533-Vamos-63-DallasBlue-S,1379.00,False,Sold Out,0,https://cavaathleisure.com/products/dallas-blue-patchwork-jogger
https://cavaathleisure.com,8034897789244,Dallas Blue Patchwork Jogger,Women's Joggers,CAVA athleisure,44096646480188,M,JR533-Vamos-63-DallasBlue-M,1379.00,False,Sold Out,0,https://cavaathleisure.com/products/dallas-blue-patchwork-jogger
https://cavaathleisure.com,8034897789244,Dallas Blue Patchwork Jogger,Women's Joggers,CAVA athleisure,44096646512956,L,JR533-Vamos-63-DallasBlue-L,1379.00,False,Sold Out,0,https://cavaathleisure.com/products/dallas-blue-patchwork-jogger
https://cavaathleisure.com,8034897789244,Dallas Blue Patchwork Jogger,Women's Joggers,CAVA athleisure,44096646545724,XL,JR533-Vamos-63-DallasBlue-XL,1379.00,False,Sold Out,0,https://cavaathleisure.com/products/dallas-blue-patchwork-jogger
https://cavaathleisure.com,8034897789244,Dallas Blue Patchwork Jogger,Women's Joggers,CAVA athleisure,44096646578492,XXL,JR533-Vamos-63-DallasBlue-XXL,1379.00,False,Sold Out,0,https://cavaathleisure.com/products/dallas-blue-patchwork-jogger
https://cavaathleisure.com,8034882158908,Aruba Pink Patchwork Jogger,Women's Joggers,CAVA athleisure,44096600834364,XS,JR533-Vamos-65-ArubaPink-XS,1379.00,False,Sold Out,0,https://cavaathleisure.com/products/aruba-pink-patchwork-jogger
https://cavaathleisure.com,8034882158908,Aruba Pink Patchwork Jogger,Women's Joggers,CAVA athleisure,44096600867132,S,JR533-Vamos-65-ArubaPink-S,1379.00,False,Sold Out,0,https://cavaathleisure.com/products/aruba-pink-patchwork-jogger
https://cavaathleisure.com,8034882158908,Aruba Pink Patchwork Jogger,Women's Joggers,CAVA athleisure,44096600899900,M,JR533-Vamos-65-ArubaPink-M,1379.00,False,Sold Out,0,https://cavaathleisure.com/products/aruba-pink-patchwork-jogger
https://cavaathleisure.com,8034882158908,Aruba Pink Patchwork Jogger,Women's Joggers,CAVA athleisure,44096600932668,L,JR533-Vamos-65-ArubaPink-L,1379.00,False,Sold Out,0,https://cavaathleisure.com/products/aruba-pink-patchwork-jogger
https://cavaathleisure.com,8034882158908,Aruba Pink Patchwork Jogger,Women's Joggers,CAVA athleisure,44096600965436,XL,JR533-Vamos-65-ArubaPink-XL,1379.00,False,Sold Out,0,https://cavaathleisure.com/products/aruba-pink-patchwork-jogger
https://cavaathleisure.com,8034882158908,Aruba Pink Patchwork Jogger,Women's Joggers,CAVA athleisure,44096600998204,XXL,JR533-Vamos-65-ArubaPink-XXL,1379.00,False,Sold Out,0,https://cavaathleisure.com/products/aruba-pink-patchwork-jogger
https://cavaathleisure.com,8034839298364,Arctic White Straight Leg Slit Joggers,Women's Joggers,CAVA athleisure,44096393281852,XS,JR534-Vamos-75-ArticWhite-XS,805.00,True,Available,1,https://cavaathleisure.com/products/arctic-white-straight-leg-slit-joggers-1
https://cavaathleisure.com,8034839298364,Arctic White Straight Leg Slit Joggers,Women's Joggers,CAVA athleisure,44096393314620,S,JR534-Vamos-75-ArticWhite-S,805.00,True,Available,1,https://cavaathleisure.com/products/arctic-white-straight-leg-slit-joggers-1
https://cavaathleisure.com,8034839298364,Arctic White Straight Leg Slit Joggers,Women's Joggers,CAVA athleisure,44096393347388,M,JR534-Vamos-75-ArticWhite-M,805.00,True,Available,1,https://cavaathleisure.com/products/arctic-white-straight-leg-slit-joggers-1
https://cavaathleisure.com,8034839298364,Arctic White Straight Leg Slit Joggers,Women's Joggers,CAVA athleisure,44096393380156,L,JR534-Vamos-75-ArticWhite-L,805.00,True,Available,1,https://cavaathleisure.com/products/arctic-white-straight-leg-slit-joggers-1
https://cavaathleisure.com,8034839298364,Arctic White Straight Leg Slit Joggers,Women's Joggers,CAVA athleisure,44096393412924,XL,JR534-Vamos-75-ArticWhite-XL,805.00,False,Sold Out,0,https://cavaathleisure.com/products/arctic-white-straight-leg-slit-joggers-1
https://cavaathleisure.com,8034839298364,Arctic White Straight Leg Slit Joggers,Women's Joggers,CAVA athleisure,44096393445692,XXL,JR534-Vamos-75-ArticWhite-XXL,805.00,False,Sold Out,0,https://cavaathleisure.com/products/arctic-white-straight-leg-slit-joggers-1
https://cavaathleisure.com,8034833662268,Boston Black Straight Leg Slit Joggers,Women's Joggers,CAVA athleisure,44096377192764,XS,JR534-Vamos-78-BostonBlack-XS,805.00,True,Available,1,https://cavaathleisure.com/products/boston-black-straight-leg-slit-joggers
https://cavaathleisure.com,8034833662268,Boston Black Straight Leg Slit Joggers,Women's Joggers,CAVA athleisure,44096377225532,S,JR534-Vamos-78-BostonBlack-S,805.00,False,Sold Out,0,https://cavaathleisure.com/products/boston-black-straight-leg-slit-joggers
https://cavaathleisure.com,8034833662268,Boston Black Straight Leg Slit Joggers,Women's Joggers,CAVA athleisure,44096377258300,M,JR534-Vamos-78-BostonBlack-M,805.00,True,Available,1,https://cavaathleisure.com/products/boston-black-straight-leg-slit-joggers
https://cavaathleisure.com,8034833662268,Boston Black Straight Leg Slit Joggers,Women's Joggers,CAVA athleisure,44096377291068,L,JR534-Vamos-78-BostonBlack-L,805.00,True,Available,1,https://cavaathleisure.com/products/boston-black-straight-leg-slit-joggers
https://cavaathleisure.com,8034833662268,Boston Black Straight Leg Slit Joggers,Women's Joggers,CAVA athleisure,44096377323836,XL,JR534-Vamos-78-BostonBlack-XL,805.00,True,Available,1,https://cavaathleisure.com/products/boston-black-straight-leg-slit-joggers
https://cavaathleisure.com,8034833662268,Boston Black Straight Leg Slit Joggers,Women's Joggers,CAVA athleisure,44096377356604,XXL,JR534-Vamos-78-BostonBlack-XXL,805.00,False,Sold Out,0,https://cavaathleisure.com/products/boston-black-straight-leg-slit-joggers
https://cavaathleisure.com,7571261325506,Moscow Blue Cava Essential Sweatsuit,Men's Co-ord Set,CAVA athleisure,42679789912258,S,CavaEssentialSweatsuit set-Vamos-32&35-MNHD505-MNJR505-MoscowBlue,3569.00,False,Sold Out,0,https://cavaathleisure.com/products/moscow-blue-cava-essential-sweatsuit
https://cavaathleisure.com,7571261325506,Moscow Blue Cava Essential Sweatsuit,Men's Co-ord Set,CAVA athleisure,42679789945026,S,CavaEssentialSweatsuit set-Vamos-32&35-MNHD505-MNJR505-MoscowBlue,3569.00,False,Sold Out,0,https://cavaathleisure.com/products/moscow-blue-cava-essential-sweatsuit
https://cavaathleisure.com,7571261325506,Moscow Blue Cava Essential Sweatsuit,Men's Co-ord Set,CAVA athleisure,42679789977794,S,CavaEssentialSweatsuit set-Vamos-32&35-MNHD505-MNJR505-MoscowBlue,3569.00,False,Sold Out,0,https://cavaathleisure.com/products/moscow-blue-cava-essential-sweatsuit
https://cavaathleisure.com,7571261325506,Moscow Blue Cava Essential Sweatsuit,Men's Co-ord Set,CAVA athleisure,42679790010562,S,CavaEssentialSweatsuit set-Vamos-32&35-MNHD505-MNJR505-MoscowBlue,3569.00,False,Sold Out,0,https://cavaathleisure.com/products/moscow-blue-cava-essential-sweatsuit
https://cavaathleisure.com,7571261325506,Moscow Blue Cava Essential Sweatsuit,Men's Co-ord Set,CAVA athleisure,42679790043330,S,CavaEssentialSweatsuit set-Vamos-32&35-MNHD505-MNJR505-MoscowBlue,3569.00,False,Sold Out,0,https://cavaathleisure.com/products/moscow-blue-cava-essential-sweatsuit
https://cavaathleisure.com,7571261325506,Moscow Blue Cava Essential Sweatsuit,Men's Co-ord Set,CAVA athleisure,42679790076098,M,CavaEssentialSweatsuit set-Vamos-32&35-MNHD505-MNJR505-MoscowBlue,3569.00,False,Sold Out,0,https://cavaathleisure.com/products/moscow-blue-cava-essential-sweatsuit
https://cavaathleisure.com,7571261325506,Moscow Blue Cava Essential Sweatsuit,Men's Co-ord Set,CAVA athleisure,42679790108866,M,CavaEssentialSweatsuit set-Vamos-32&35-MNHD505-MNJR505-MoscowBlue,3569.00,False,Sold Out,0,https://cavaathleisure.com/products/moscow-blue-cava-essential-sweatsuit
https://cavaathleisure.com,7571261325506,Moscow Blue Cava Essential Sweatsuit,Men's Co-ord Set,CAVA athleisure,42679790141634,M,CavaEssentialSweatsuit set-Vamos-32&35-MNHD505-MNJR505-MoscowBlue,3569.00,False,Sold Out,0,https://cavaathleisure.com/products/moscow-blue-cava-essential-sweatsuit
https://cavaathleisure.com,7571261325506,Moscow Blue Cava Essential Sweatsuit,Men's Co-ord Set,CAVA athleisure,42679790174402,M,CavaEssentialSweatsuit set-Vamos-32&35-MNHD505-MNJR505-MoscowBlue,3569.00,False,Sold Out,0,https://cavaathleisure.com/products/moscow-blue-cava-essential-sweatsuit
https://cavaathleisure.com,7571261325506,Moscow Blue Cava Essential Sweatsuit,Men's Co-ord Set,CAVA athleisure,42679790207170,M,CavaEssentialSweatsuit set-Vamos-32&35-MNHD505-MNJR505-MoscowBlue,3569.00,False,Sold Out,0,https://cavaathleisure.com/products/moscow-blue-cava-essential-sweatsuit
https://cavaathleisure.com,7571261325506,Moscow Blue Cava Essential Sweatsuit,Men's Co-ord Set,CAVA athleisure,42679790239938,L,CavaEssentialSweatsuit set-Vamos-32&35-MNHD505-MNJR505-MoscowBlue,3569.00,False,Sold Out,0,https://cavaathleisure.com/products/moscow-blue-cava-essential-sweatsuit
https://cavaathleisure.com,7571261325506,Moscow Blue Cava Essential Sweatsuit,Men's Co-ord Set,CAVA athleisure,42679790272706,L,CavaEssentialSweatsuit set-Vamos-32&35-MNHD505-MNJR505-MoscowBlue,3569.00,False,Sold Out,0,https://cavaathleisure.com/products/moscow-blue-cava-essential-sweatsuit
https://cavaathleisure.com,7571261325506,Moscow Blue Cava Essential Sweatsuit,Men's Co-ord Set,CAVA athleisure,42679790305474,L,CavaEssentialSweatsuit set-Vamos-32&35-MNHD505-MNJR505-MoscowBlue,3569.00,False,Sold Out,0,https://cavaathleisure.com/products/moscow-blue-cava-essential-sweatsuit
https://cavaathleisure.com,7571261325506,Moscow Blue Cava Essential Sweatsuit,Men's Co-ord Set,CAVA athleisure,42679790338242,L,CavaEssentialSweatsuit set-Vamos-32&35-MNHD505-MNJR505-MoscowBlue,3569.00,False,Sold Out,0,https://cavaathleisure.com/products/moscow-blue-cava-essential-sweatsuit
https://cavaathleisure.com,7571261325506,Moscow Blue Cava Essential Sweatsuit,Men's Co-ord Set,CAVA athleisure,42679790371010,L,CavaEssentialSweatsuit set-Vamos-32&35-MNHD505-MNJR505-MoscowBlue,3569.00,False,Sold Out,0,https://cavaathleisure.com/products/moscow-blue-cava-essential-sweatsuit
https://cavaathleisure.com,7571261325506,Moscow Blue Cava Essential Sweatsuit,Men's Co-ord Set,CAVA athleisure,42679790403778,XL,CavaEssentialSweatsuit set-Vamos-32&35-MNHD505-MNJR505-MoscowBlue,3569.00,False,Sold Out,0,https://cavaathleisure.com/products/moscow-blue-cava-essential-sweatsuit
https://cavaathleisure.com,7571261325506,Moscow Blue Cava Essential Sweatsuit,Men's Co-ord Set,CAVA athleisure,42679790436546,XL,CavaEssentialSweatsuit set-Vamos-32&35-MNHD505-MNJR505-MoscowBlue,3569.00,False,Sold Out,0,https://cavaathleisure.com/products/moscow-blue-cava-essential-sweatsuit
https://cavaathleisure.com,7571261325506,Moscow Blue Cava Essential Sweatsuit,Men's Co-ord Set,CAVA athleisure,42679790469314,XL,CavaEssentialSweatsuit set-Vamos-32&35-MNHD505-MNJR505-MoscowBlue,3569.00,False,Sold Out,0,https://cavaathleisure.com/products/moscow-blue-cava-essential-sweatsuit
https://cavaathleisure.com,7571261325506,Moscow Blue Cava Essential Sweatsuit,Men's Co-ord Set,CAVA athleisure,42679790502082,XL,CavaEssentialSweatsuit set-Vamos-32&35-MNHD505-MNJR505-MoscowBlue,3569.00,False,Sold Out,0,https://cavaathleisure.com/products/moscow-blue-cava-essential-sweatsuit
https://cavaathleisure.com,7571261325506,Moscow Blue Cava Essential Sweatsuit,Men's Co-ord Set,CAVA athleisure,42679790534850,XL,CavaEssentialSweatsuit set-Vamos-32&35-MNHD505-MNJR505-MoscowBlue,3569.00,False,Sold Out,0,https://cavaathleisure.com/products/moscow-blue-cava-essential-sweatsuit
https://cavaathleisure.com,7571261325506,Moscow Blue Cava Essential Sweatsuit,Men's Co-ord Set,CAVA athleisure,42679790567618,XXL,CavaEssentialSweatsuit set-Vamos-32&35-MNHD505-MNJR505-MoscowBlue,3569.00,False,Sold Out,0,https://cavaathleisure.com/products/moscow-blue-cava-essential-sweatsuit
https://cavaathleisure.com,7571261325506,Moscow Blue Cava Essential Sweatsuit,Men's Co-ord Set,CAVA athleisure,42679790600386,XXL,CavaEssentialSweatsuit set-Vamos-32&35-MNHD505-MNJR505-MoscowBlue,3569.00,False,Sold Out,0,https://cavaathleisure.com/products/moscow-blue-cava-essential-sweatsuit
https://cavaathleisure.com,7571261325506,Moscow Blue Cava Essential Sweatsuit,Men's Co-ord Set,CAVA athleisure,42679790633154,XXL,CavaEssentialSweatsuit set-Vamos-32&35-MNHD505-MNJR505-MoscowBlue,3569.00,False,Sold Out,0,https://cavaathleisure.com/products/moscow-blue-cava-essential-sweatsuit
https://cavaathleisure.com,7571261325506,Moscow Blue Cava Essential Sweatsuit,Men's Co-ord Set,CAVA athleisure,42679790665922,XXL,CavaEssentialSweatsuit set-Vamos-32&35-MNHD505-MNJR505-MoscowBlue,3569.00,False,Sold Out,0,https://cavaathleisure.com/products/moscow-blue-cava-essential-sweatsuit
https://cavaathleisure.com,7571261325506,Moscow Blue Cava Essential Sweatsuit,Men's Co-ord Set,CAVA athleisure,42679790698690,XXL,CavaEssentialSweatsuit set-Vamos-32&35-MNHD505-MNJR505-MoscowBlue,3569.00,False,Sold Out,0,https://cavaathleisure.com/products/moscow-blue-cava-essential-sweatsuit
https://cavaathleisure.com,8033836171580,Moscow Blue Cava Essential Sweatshirt,Women's Hoodies & Sweatshirts,CAVA athleisure,44091721023804,XS,TP536-Vamos-87-MoscowBlue-XS,1199.00,True,Available,1,https://cavaathleisure.com/products/moscow-blue-cava-essential-sweatshirt
https://cavaathleisure.com,8033836171580,Moscow Blue Cava Essential Sweatshirt,Women's Hoodies & Sweatshirts,CAVA athleisure,44091721056572,S,TP536-Vamos-87-MoscowBlue-S,1199.00,True,Available,1,https://cavaathleisure.com/products/moscow-blue-cava-essential-sweatshirt
https://cavaathleisure.com,8033836171580,Moscow Blue Cava Essential Sweatshirt,Women's Hoodies & Sweatshirts,CAVA athleisure,44091721089340,M,TP536-Vamos-87-MoscowBlue-M,1199.00,True,Available,1,https://cavaathleisure.com/products/moscow-blue-cava-essential-sweatshirt
https://cavaathleisure.com,8033836171580,Moscow Blue Cava Essential Sweatshirt,Women's Hoodies & Sweatshirts,CAVA athleisure,44091721122108,L,TP536-Vamos-87-MoscowBlue-L,1199.00,True,Available,1,https://cavaathleisure.com/products/moscow-blue-cava-essential-sweatshirt
https://cavaathleisure.com,8033836171580,Moscow Blue Cava Essential Sweatshirt,Women's Hoodies & Sweatshirts,CAVA athleisure,44091721154876,XL,TP536-Vamos-87-MoscowBlue-XL,1199.00,True,Available,1,https://cavaathleisure.com/products/moscow-blue-cava-essential-sweatshirt
https://cavaathleisure.com,8033836171580,Moscow Blue Cava Essential Sweatshirt,Women's Hoodies & Sweatshirts,CAVA athleisure,44091721187644,XXL,TP536-Vamos-87-MoscowBlue-XXL,1199.00,True,Available,1,https://cavaathleisure.com/products/moscow-blue-cava-essential-sweatshirt
https://cavaathleisure.com,7571261063362,Boston Black Cava Essential Sweatsuit,Men's Co-ord Set,CAVA athleisure,42679787749570,S,CavaEssentialSweatsuit set-Vamos-33&36-MNHD505-MNJR505-BostonBlk,3569.00,False,Sold Out,0,https://cavaathleisure.com/products/boston-black-cava-essential-sweatsuit
https://cavaathleisure.com,7571261063362,Boston Black Cava Essential Sweatsuit,Men's Co-ord Set,CAVA athleisure,42679787782338,S,CavaEssentialSweatsuit set-Vamos-33&36-MNHD505-MNJR505-BostonBlk,3569.00,False,Sold Out,0,https://cavaathleisure.com/products/boston-black-cava-essential-sweatsuit
https://cavaathleisure.com,7571261063362,Boston Black Cava Essential Sweatsuit,Men's Co-ord Set,CAVA athleisure,42679787815106,S,CavaEssentialSweatsuit set-Vamos-33&36-MNHD505-MNJR505-BostonBlk,3569.00,False,Sold Out,0,https://cavaathleisure.com/products/boston-black-cava-essential-sweatsuit
https://cavaathleisure.com,7571261063362,Boston Black Cava Essential Sweatsuit,Men's Co-ord Set,CAVA athleisure,42679787847874,S,CavaEssentialSweatsuit set-Vamos-33&36-MNHD505-MNJR505-BostonBlk,3569.00,False,Sold Out,0,https://cavaathleisure.com/products/boston-black-cava-essential-sweatsuit
https://cavaathleisure.com,7571261063362,Boston Black Cava Essential Sweatsuit,Men's Co-ord Set,CAVA athleisure,42679787880642,S,CavaEssentialSweatsuit set-Vamos-33&36-MNHD505-MNJR505-BostonBlk,3569.00,False,Sold Out,0,https://cavaathleisure.com/products/boston-black-cava-essential-sweatsuit
https://cavaathleisure.com,7571261063362,Boston Black Cava Essential Sweatsuit,Men's Co-ord Set,CAVA athleisure,42679787913410,M,CavaEssentialSweatsuit set-Vamos-33&36-MNHD505-MNJR505-BostonBlk,3569.00,False,Sold Out,0,https://cavaathleisure.com/products/boston-black-cava-essential-sweatsuit
https://cavaathleisure.com,7571261063362,Boston Black Cava Essential Sweatsuit,Men's Co-ord Set,CAVA athleisure,42679787946178,M,CavaEssentialSweatsuit set-Vamos-33&36-MNHD505-MNJR505-BostonBlk,3569.00,False,Sold Out,0,https://cavaathleisure.com/products/boston-black-cava-essential-sweatsuit
https://cavaathleisure.com,7571261063362,Boston Black Cava Essential Sweatsuit,Men's Co-ord Set,CAVA athleisure,42679787978946,M,CavaEssentialSweatsuit set-Vamos-33&36-MNHD505-MNJR505-BostonBlk,3569.00,False,Sold Out,0,https://cavaathleisure.com/products/boston-black-cava-essential-sweatsuit
https://cavaathleisure.com,7571261063362,Boston Black Cava Essential Sweatsuit,Men's Co-ord Set,CAVA athleisure,42679788011714,M,CavaEssentialSweatsuit set-Vamos-33&36-MNHD505-MNJR505-BostonBlk,3569.00,False,Sold Out,0,https://cavaathleisure.com/products/boston-black-cava-essential-sweatsuit
https://cavaathleisure.com,7571261063362,Boston Black Cava Essential Sweatsuit,Men's Co-ord Set,CAVA athleisure,42679788044482,M,CavaEssentialSweatsuit set-Vamos-33&36-MNHD505-MNJR505-BostonBlk,3569.00,False,Sold Out,0,https://cavaathleisure.com/products/boston-black-cava-essential-sweatsuit
https://cavaathleisure.com,7571261063362,Boston Black Cava Essential Sweatsuit,Men's Co-ord Set,CAVA athleisure,42679788077250,L,CavaEssentialSweatsuit set-Vamos-33&36-MNHD505-MNJR505-BostonBlk,3569.00,False,Sold Out,0,https://cavaathleisure.com/products/boston-black-cava-essential-sweatsuit
https://cavaathleisure.com,7571261063362,Boston Black Cava Essential Sweatsuit,Men's Co-ord Set,CAVA athleisure,42679788110018,L,CavaEssentialSweatsuit set-Vamos-33&36-MNHD505-MNJR505-BostonBlk,3569.00,False,Sold Out,0,https://cavaathleisure.com/products/boston-black-cava-essential-sweatsuit
https://cavaathleisure.com,7571261063362,Boston Black Cava Essential Sweatsuit,Men's Co-ord Set,CAVA athleisure,42679788142786,L,CavaEssentialSweatsuit set-Vamos-33&36-MNHD505-MNJR505-BostonBlk,3569.00,False,Sold Out,0,https://cavaathleisure.com/products/boston-black-cava-essential-sweatsuit
https://cavaathleisure.com,7571261063362,Boston Black Cava Essential Sweatsuit,Men's Co-ord Set,CAVA athleisure,42679788175554,L,CavaEssentialSweatsuit set-Vamos-33&36-MNHD505-MNJR505-BostonBlk,3569.00,False,Sold Out,0,https://cavaathleisure.com/products/boston-black-cava-essential-sweatsuit
https://cavaathleisure.com,7571261063362,Boston Black Cava Essential Sweatsuit,Men's Co-ord Set,CAVA athleisure,42679788208322,L,CavaEssentialSweatsuit set-Vamos-33&36-MNHD505-MNJR505-BostonBlk,3569.00,False,Sold Out,0,https://cavaathleisure.com/products/boston-black-cava-essential-sweatsuit
https://cavaathleisure.com,7571261063362,Boston Black Cava Essential Sweatsuit,Men's Co-ord Set,CAVA athleisure,42679788241090,XL,CavaEssentialSweatsuit set-Vamos-33&36-MNHD505-MNJR505-BostonBlk,3569.00,False,Sold Out,0,https://cavaathleisure.com/products/boston-black-cava-essential-sweatsuit
https://cavaathleisure.com,7571261063362,Boston Black Cava Essential Sweatsuit,Men's Co-ord Set,CAVA athleisure,42679788273858,XL,CavaEssentialSweatsuit set-Vamos-33&36-MNHD505-MNJR505-BostonBlk,3569.00,False,Sold Out,0,https://cavaathleisure.com/products/boston-black-cava-essential-sweatsuit
https://cavaathleisure.com,7571261063362,Boston Black Cava Essential Sweatsuit,Men's Co-ord Set,CAVA athleisure,42679788306626,XL,CavaEssentialSweatsuit set-Vamos-33&36-MNHD505-MNJR505-BostonBlk,3569.00,False,Sold Out,0,https://cavaathleisure.com/products/boston-black-cava-essential-sweatsuit
https://cavaathleisure.com,7571261063362,Boston Black Cava Essential Sweatsuit,Men's Co-ord Set,CAVA athleisure,42679788339394,XL,CavaEssentialSweatsuit set-Vamos-33&36-MNHD505-MNJR505-BostonBlk,3569.00,False,Sold Out,0,https://cavaathleisure.com/products/boston-black-cava-essential-sweatsuit
https://cavaathleisure.com,7571261063362,Boston Black Cava Essential Sweatsuit,Men's Co-ord Set,CAVA athleisure,42679788372162,XL,CavaEssentialSweatsuit set-Vamos-33&36-MNHD505-MNJR505-BostonBlk,3569.00,False,Sold Out,0,https://cavaathleisure.com/products/boston-black-cava-essential-sweatsuit
https://cavaathleisure.com,7571261063362,Boston Black Cava Essential Sweatsuit,Men's Co-ord Set,CAVA athleisure,42679788404930,XXL,CavaEssentialSweatsuit set-Vamos-33&36-MNHD505-MNJR505-BostonBlk,3569.00,False,Sold Out,0,https://cavaathleisure.com/products/boston-black-cava-essential-sweatsuit
https://cavaathleisure.com,7571261063362,Boston Black Cava Essential Sweatsuit,Men's Co-ord Set,CAVA athleisure,42679788437698,XXL,CavaEssentialSweatsuit set-Vamos-33&36-MNHD505-MNJR505-BostonBlk,3569.00,False,Sold Out,0,https://cavaathleisure.com/products/boston-black-cava-essential-sweatsuit
https://cavaathleisure.com,7571261063362,Boston Black Cava Essential Sweatsuit,Men's Co-ord Set,CAVA athleisure,42679788470466,XXL,CavaEssentialSweatsuit set-Vamos-33&36-MNHD505-MNJR505-BostonBlk,3569.00,False,Sold Out,0,https://cavaathleisure.com/products/boston-black-cava-essential-sweatsuit
https://cavaathleisure.com,7571261063362,Boston Black Cava Essential Sweatsuit,Men's Co-ord Set,CAVA athleisure,42679788503234,XXL,CavaEssentialSweatsuit set-Vamos-33&36-MNHD505-MNJR505-BostonBlk,3569.00,False,Sold Out,0,https://cavaathleisure.com/products/boston-black-cava-essential-sweatsuit
https://cavaathleisure.com,7571261063362,Boston Black Cava Essential Sweatsuit,Men's Co-ord Set,CAVA athleisure,42679788536002,XXL,CavaEssentialSweatsuit set-Vamos-33&36-MNHD505-MNJR505-BostonBlk,3569.00,False,Sold Out,0,https://cavaathleisure.com/products/boston-black-cava-essential-sweatsuit
https://cavaathleisure.com,7571260833986,Berlin Grey Cava Essential Sweatsuit,Men's Co-ord Set,CAVA athleisure,42679784833218,S,CavaEssentialSweatsuit set-Vamos-31&34-MNHD505-MNJR505-BerlinGrey,3569.00,False,Sold Out,0,https://cavaathleisure.com/products/berlin-grey-cava-essential-sweatsuit
https://cavaathleisure.com,7571260833986,Berlin Grey Cava Essential Sweatsuit,Men's Co-ord Set,CAVA athleisure,47241127002428,S,CavaEssentialSweatsuit set-Vamos-31&34-MNHD505-MNJR505-BerlinGrey,3569.00,False,Sold Out,0,https://cavaathleisure.com/products/berlin-grey-cava-essential-sweatsuit
https://cavaathleisure.com,7571260833986,Berlin Grey Cava Essential Sweatsuit,Men's Co-ord Set,CAVA athleisure,47241127035196,S,CavaEssentialSweatsuit set-Vamos-31&34-MNHD505-MNJR505-BerlinGrey,3569.00,False,Sold Out,0,https://cavaathleisure.com/products/berlin-grey-cava-essential-sweatsuit
https://cavaathleisure.com,7571260833986,Berlin Grey Cava Essential Sweatsuit,Men's Co-ord Set,CAVA athleisure,47241127067964,S,CavaEssentialSweatsuit set-Vamos-31&34-MNHD505-MNJR505-BerlinGrey,3569.00,False,Sold Out,0,https://cavaathleisure.com/products/berlin-grey-cava-essential-sweatsuit
https://cavaathleisure.com,7571260833986,Berlin Grey Cava Essential Sweatsuit,Men's Co-ord Set,CAVA athleisure,47241127100732,S,CavaEssentialSweatsuit set-Vamos-31&34-MNHD505-MNJR505-BerlinGrey,3569.00,False,Sold Out,0,https://cavaathleisure.com/products/berlin-grey-cava-essential-sweatsuit
https://cavaathleisure.com,7571260833986,Berlin Grey Cava Essential Sweatsuit,Men's Co-ord Set,CAVA athleisure,47241127133500,M,CavaEssentialSweatsuit set-Vamos-31&34-MNHD505-MNJR505-BerlinGrey,3569.00,False,Sold Out,0,https://cavaathleisure.com/products/berlin-grey-cava-essential-sweatsuit
https://cavaathleisure.com,7571260833986,Berlin Grey Cava Essential Sweatsuit,Men's Co-ord Set,CAVA athleisure,47241127166268,M,CavaEssentialSweatsuit set-Vamos-31&34-MNHD505-MNJR505-BerlinGrey,3569.00,False,Sold Out,0,https://cavaathleisure.com/products/berlin-grey-cava-essential-sweatsuit
https://cavaathleisure.com,7571260833986,Berlin Grey Cava Essential Sweatsuit,Men's Co-ord Set,CAVA athleisure,47241127199036,M,CavaEssentialSweatsuit set-Vamos-31&34-MNHD505-MNJR505-BerlinGrey,3569.00,False,Sold Out,0,https://cavaathleisure.com/products/berlin-grey-cava-essential-sweatsuit
https://cavaathleisure.com,7571260833986,Berlin Grey Cava Essential Sweatsuit,Men's Co-ord Set,CAVA athleisure,47241127231804,M,CavaEssentialSweatsuit set-Vamos-31&34-MNHD505-MNJR505-BerlinGrey,3569.00,False,Sold Out,0,https://cavaathleisure.com/products/berlin-grey-cava-essential-sweatsuit
https://cavaathleisure.com,7571260833986,Berlin Grey Cava Essential Sweatsuit,Men's Co-ord Set,CAVA athleisure,47241127264572,M,CavaEssentialSweatsuit set-Vamos-31&34-MNHD505-MNJR505-BerlinGrey,3569.00,False,Sold Out,0,https://cavaathleisure.com/products/berlin-grey-cava-essential-sweatsuit
https://cavaathleisure.com,7571260833986,Berlin Grey Cava Essential Sweatsuit,Men's Co-ord Set,CAVA athleisure,47241127297340,L,CavaEssentialSweatsuit set-Vamos-31&34-MNHD505-MNJR505-BerlinGrey,3569.00,False,Sold Out,0,https://cavaathleisure.com/products/berlin-grey-cava-essential-sweatsuit
https://cavaathleisure.com,7571260833986,Berlin Grey Cava Essential Sweatsuit,Men's Co-ord Set,CAVA athleisure,47241127330108,L,CavaEssentialSweatsuit set-Vamos-31&34-MNHD505-MNJR505-BerlinGrey,3569.00,False,Sold Out,0,https://cavaathleisure.com/products/berlin-grey-cava-essential-sweatsuit
https://cavaathleisure.com,7571260833986,Berlin Grey Cava Essential Sweatsuit,Men's Co-ord Set,CAVA athleisure,47241127362876,L,CavaEssentialSweatsuit set-Vamos-31&34-MNHD505-MNJR505-BerlinGrey,3569.00,False,Sold Out,0,https://cavaathleisure.com/products/berlin-grey-cava-essential-sweatsuit
https://cavaathleisure.com,7571260833986,Berlin Grey Cava Essential Sweatsuit,Men's Co-ord Set,CAVA athleisure,47241127395644,L,CavaEssentialSweatsuit set-Vamos-31&34-MNHD505-MNJR505-BerlinGrey,3569.00,False,Sold Out,0,https://cavaathleisure.com/products/berlin-grey-cava-essential-sweatsuit
https://cavaathleisure.com,7571260833986,Berlin Grey Cava Essential Sweatsuit,Men's Co-ord Set,CAVA athleisure,47241127428412,L,CavaEssentialSweatsuit set-Vamos-31&34-MNHD505-MNJR505-BerlinGrey,3569.00,False,Sold Out,0,https://cavaathleisure.com/products/berlin-grey-cava-essential-sweatsuit
https://cavaathleisure.com,7571260833986,Berlin Grey Cava Essential Sweatsuit,Men's Co-ord Set,CAVA athleisure,47241127461180,XL,CavaEssentialSweatsuit set-Vamos-31&34-MNHD505-MNJR505-BerlinGrey,3569.00,False,Sold Out,0,https://cavaathleisure.com/products/berlin-grey-cava-essential-sweatsuit
https://cavaathleisure.com,7571260833986,Berlin Grey Cava Essential Sweatsuit,Men's Co-ord Set,CAVA athleisure,47241127493948,XL,CavaEssentialSweatsuit set-Vamos-31&34-MNHD505-MNJR505-BerlinGrey,3569.00,False,Sold Out,0,https://cavaathleisure.com/products/berlin-grey-cava-essential-sweatsuit
https://cavaathleisure.com,7571260833986,Berlin Grey Cava Essential Sweatsuit,Men's Co-ord Set,CAVA athleisure,47241127526716,XL,CavaEssentialSweatsuit set-Vamos-31&34-MNHD505-MNJR505-BerlinGrey,3569.00,False,Sold Out,0,https://cavaathleisure.com/products/berlin-grey-cava-essential-sweatsuit
https://cavaathleisure.com,7571260833986,Berlin Grey Cava Essential Sweatsuit,Men's Co-ord Set,CAVA athleisure,47241127559484,XL,CavaEssentialSweatsuit set-Vamos-31&34-MNHD505-MNJR505-BerlinGrey,3569.00,False,Sold Out,0,https://cavaathleisure.com/products/berlin-grey-cava-essential-sweatsuit
https://cavaathleisure.com,7571260833986,Berlin Grey Cava Essential Sweatsuit,Men's Co-ord Set,CAVA athleisure,47241127592252,XL,CavaEssentialSweatsuit set-Vamos-31&34-MNHD505-MNJR505-BerlinGrey,3569.00,False,Sold Out,0,https://cavaathleisure.com/products/berlin-grey-cava-essential-sweatsuit
https://cavaathleisure.com,7571260833986,Berlin Grey Cava Essential Sweatsuit,Men's Co-ord Set,CAVA athleisure,47241127625020,XXL,CavaEssentialSweatsuit set-Vamos-31&34-MNHD505-MNJR505-BerlinGrey,3569.00,False,Sold Out,0,https://cavaathleisure.com/products/berlin-grey-cava-essential-sweatsuit
https://cavaathleisure.com,7571260833986,Berlin Grey Cava Essential Sweatsuit,Men's Co-ord Set,CAVA athleisure,47241127657788,XXL,CavaEssentialSweatsuit set-Vamos-31&34-MNHD505-MNJR505-BerlinGrey,3569.00,False,Sold Out,0,https://cavaathleisure.com/products/berlin-grey-cava-essential-sweatsuit
https://cavaathleisure.com,7571260833986,Berlin Grey Cava Essential Sweatsuit,Men's Co-ord Set,CAVA athleisure,47241127690556,XXL,CavaEssentialSweatsuit set-Vamos-31&34-MNHD505-MNJR505-BerlinGrey,3569.00,False,Sold Out,0,https://cavaathleisure.com/products/berlin-grey-cava-essential-sweatsuit
https://cavaathleisure.com,7571260833986,Berlin Grey Cava Essential Sweatsuit,Men's Co-ord Set,CAVA athleisure,47241127723324,XXL,CavaEssentialSweatsuit set-Vamos-31&34-MNHD505-MNJR505-BerlinGrey,3569.00,False,Sold Out,0,https://cavaathleisure.com/products/berlin-grey-cava-essential-sweatsuit
https://cavaathleisure.com,7571260833986,Berlin Grey Cava Essential Sweatsuit,Men's Co-ord Set,CAVA athleisure,47241127756092,XXL,CavaEssentialSweatsuit set-Vamos-31&34-MNHD505-MNJR505-BerlinGrey,3569.00,False,Sold Out,0,https://cavaathleisure.com/products/berlin-grey-cava-essential-sweatsuit
https://cavaathleisure.com,7510840705218,Black Snatched Set,Women's Co-ord Set,CAVA athleisure,42416762257602,XS,set-Fluir-1-Fluir-4-BR500-JR500,2469.00,False,Sold Out,0,https://cavaathleisure.com/products/black-snatched-set
https://cavaathleisure.com,7510840705218,Black Snatched Set,Women's Co-ord Set,CAVA athleisure,42416762290370,XS,set-Fluir-1-Fluir-4-BR500-JR500,2469.00,False,Sold Out,0,https://cavaathleisure.com/products/black-snatched-set
https://cavaathleisure.com,7510840705218,Black Snatched Set,Women's Co-ord Set,CAVA athleisure,42416762323138,XS,set-Fluir-1-Fluir-4-BR500-JR500,2469.00,False,Sold Out,0,https://cavaathleisure.com/products/black-snatched-set
https://cavaathleisure.com,7510840705218,Black Snatched Set,Women's Co-ord Set,CAVA athleisure,42416762355906,XS,set-Fluir-1-Fluir-4-BR500-JR500,2469.00,False,Sold Out,0,https://cavaathleisure.com/products/black-snatched-set
https://cavaathleisure.com,7510840705218,Black Snatched Set,Women's Co-ord Set,CAVA athleisure,42416762388674,XS,set-Fluir-1-Fluir-4-BR500-JR500,2469.00,False,Sold Out,0,https://cavaathleisure.com/products/black-snatched-set
https://cavaathleisure.com,7510840705218,Black Snatched Set,Women's Co-ord Set,CAVA athleisure,42416762421442,XS,set-Fluir-1-Fluir-4-BR500-JR500,2469.00,False,Sold Out,0,https://cavaathleisure.com/products/black-snatched-set
https://cavaathleisure.com,7510840705218,Black Snatched Set,Women's Co-ord Set,CAVA athleisure,42416762486978,S,set-Fluir-1-Fluir-4-BR500-JR500,2469.00,False,Sold Out,0,https://cavaathleisure.com/products/black-snatched-set
https://cavaathleisure.com,7510840705218,Black Snatched Set,Women's Co-ord Set,CAVA athleisure,42416762519746,S,set-Fluir-1-Fluir-4-BR500-JR500,2469.00,False,Sold Out,0,https://cavaathleisure.com/products/black-snatched-set
https://cavaathleisure.com,7510840705218,Black Snatched Set,Women's Co-ord Set,CAVA athleisure,42416762552514,S,set-Fluir-1-Fluir-4-BR500-JR500,2469.00,False,Sold Out,0,https://cavaathleisure.com/products/black-snatched-set
https://cavaathleisure.com,7510840705218,Black Snatched Set,Women's Co-ord Set,CAVA athleisure,42416762585282,S,set-Fluir-1-Fluir-4-BR500-JR500,2469.00,False,Sold Out,0,https://cavaathleisure.com/products/black-snatched-set
https://cavaathleisure.com,7510840705218,Black Snatched Set,Women's Co-ord Set,CAVA athleisure,42416762618050,S,set-Fluir-1-Fluir-4-BR500-JR500,2469.00,False,Sold Out,0,https://cavaathleisure.com/products/black-snatched-set
https://cavaathleisure.com,7510840705218,Black Snatched Set,Women's Co-ord Set,CAVA athleisure,42416762650818,S,set-Fluir-1-Fluir-4-BR500-JR500,2469.00,False,Sold Out,0,https://cavaathleisure.com/products/black-snatched-set
https://cavaathleisure.com,7510840705218,Black Snatched Set,Women's Co-ord Set,CAVA athleisure,42416762683586,M,set-Fluir-1-Fluir-4-BR500-JR500,2469.00,False,Sold Out,0,https://cavaathleisure.com/products/black-snatched-set
https://cavaathleisure.com,7510840705218,Black Snatched Set,Women's Co-ord Set,CAVA athleisure,42416762716354,M,set-Fluir-1-Fluir-4-BR500-JR500,2469.00,False,Sold Out,0,https://cavaathleisure.com/products/black-snatched-set
https://cavaathleisure.com,7510840705218,Black Snatched Set,Women's Co-ord Set,CAVA athleisure,42416762749122,M,set-Fluir-1-Fluir-4-BR500-JR500,2469.00,False,Sold Out,0,https://cavaathleisure.com/products/black-snatched-set
https://cavaathleisure.com,7510840705218,Black Snatched Set,Women's Co-ord Set,CAVA athleisure,42416762781890,M,set-Fluir-1-Fluir-4-BR500-JR500,2469.00,False,Sold Out,0,https://cavaathleisure.com/products/black-snatched-set
https://cavaathleisure.com,7510840705218,Black Snatched Set,Women's Co-ord Set,CAVA athleisure,42416762814658,M,set-Fluir-1-Fluir-4-BR500-JR500,2469.00,False,Sold Out,0,https://cavaathleisure.com/products/black-snatched-set
https://cavaathleisure.com,7510840705218,Black Snatched Set,Women's Co-ord Set,CAVA athleisure,42416762847426,M,set-Fluir-1-Fluir-4-BR500-JR500,2469.00,False,Sold Out,0,https://cavaathleisure.com/products/black-snatched-set
https://cavaathleisure.com,7510840705218,Black Snatched Set,Women's Co-ord Set,CAVA athleisure,42416762880194,L,set-Fluir-1-Fluir-4-BR500-JR500,2469.00,False,Sold Out,0,https://cavaathleisure.com/products/black-snatched-set
https://cavaathleisure.com,7510840705218,Black Snatched Set,Women's Co-ord Set,CAVA athleisure,42416762912962,L,set-Fluir-1-Fluir-4-BR500-JR500,2469.00,False,Sold Out,0,https://cavaathleisure.com/products/black-snatched-set
https://cavaathleisure.com,7510840705218,Black Snatched Set,Women's Co-ord Set,CAVA athleisure,42416762945730,L,set-Fluir-1-Fluir-4-BR500-JR500,2469.00,False,Sold Out,0,https://cavaathleisure.com/products/black-snatched-set
https://cavaathleisure.com,7510840705218,Black Snatched Set,Women's Co-ord Set,CAVA athleisure,42416762978498,L,set-Fluir-1-Fluir-4-BR500-JR500,2469.00,False,Sold Out,0,https://cavaathleisure.com/products/black-snatched-set
https://cavaathleisure.com,7510840705218,Black Snatched Set,Women's Co-ord Set,CAVA athleisure,42416763011266,L,set-Fluir-1-Fluir-4-BR500-JR500,2469.00,False,Sold Out,0,https://cavaathleisure.com/products/black-snatched-set
https://cavaathleisure.com,7510840705218,Black Snatched Set,Women's Co-ord Set,CAVA athleisure,42416763044034,L,set-Fluir-1-Fluir-4-BR500-JR500,2469.00,False,Sold Out,0,https://cavaathleisure.com/products/black-snatched-set
https://cavaathleisure.com,7510840705218,Black Snatched Set,Women's Co-ord Set,CAVA athleisure,42430011343042,XL,set-Fluir-1-Fluir-4-BR500-JR500,2469.00,False,Sold Out,0,https://cavaathleisure.com/products/black-snatched-set
https://cavaathleisure.com,7510840705218,Black Snatched Set,Women's Co-ord Set,CAVA athleisure,42430011375810,XL,set-Fluir-1-Fluir-4-BR500-JR500,2469.00,False,Sold Out,0,https://cavaathleisure.com/products/black-snatched-set
https://cavaathleisure.com,7510840705218,Black Snatched Set,Women's Co-ord Set,CAVA athleisure,42430011408578,XL,set-Fluir-1-Fluir-4-BR500-JR500,2469.00,False,Sold Out,0,https://cavaathleisure.com/products/black-snatched-set
https://cavaathleisure.com,7510840705218,Black Snatched Set,Women's Co-ord Set,CAVA athleisure,42430011441346,XL,set-Fluir-1-Fluir-4-BR500-JR500,2469.00,False,Sold Out,0,https://cavaathleisure.com/products/black-snatched-set
https://cavaathleisure.com,7510840705218,Black Snatched Set,Women's Co-ord Set,CAVA athleisure,42430011474114,XL,set-Fluir-1-Fluir-4-BR500-JR500,2469.00,False,Sold Out,0,https://cavaathleisure.com/products/black-snatched-set
https://cavaathleisure.com,7510840705218,Black Snatched Set,Women's Co-ord Set,CAVA athleisure,42430011506882,XL,set-Fluir-1-Fluir-4-BR500-JR500,2469.00,False,Sold Out,0,https://cavaathleisure.com/products/black-snatched-set
https://cavaathleisure.com,7510840705218,Black Snatched Set,Women's Co-ord Set,CAVA athleisure,42416763076802,XXL,set-Fluir-1-Fluir-4-BR500-JR500,2469.00,False,Sold Out,0,https://cavaathleisure.com/products/black-snatched-set
https://cavaathleisure.com,7510840705218,Black Snatched Set,Women's Co-ord Set,CAVA athleisure,42416763109570,XXL,set-Fluir-1-Fluir-4-BR500-JR500,2469.00,False,Sold Out,0,https://cavaathleisure.com/products/black-snatched-set
https://cavaathleisure.com,7510840705218,Black Snatched Set,Women's Co-ord Set,CAVA athleisure,42416763142338,XXL,set-Fluir-1-Fluir-4-BR500-JR500,2469.00,False,Sold Out,0,https://cavaathleisure.com/products/black-snatched-set
https://cavaathleisure.com,7510840705218,Black Snatched Set,Women's Co-ord Set,CAVA athleisure,42416763175106,XXL,set-Fluir-1-Fluir-4-BR500-JR500,2469.00,False,Sold Out,0,https://cavaathleisure.com/products/black-snatched-set
https://cavaathleisure.com,7510840705218,Black Snatched Set,Women's Co-ord Set,CAVA athleisure,42416763207874,XXL,set-Fluir-1-Fluir-4-BR500-JR500,2469.00,False,Sold Out,0,https://cavaathleisure.com/products/black-snatched-set
https://cavaathleisure.com,7510840705218,Black Snatched Set,Women's Co-ord Set,CAVA athleisure,42416763240642,XXL,set-Fluir-1-Fluir-4-BR500-JR500,2469.00,False,Sold Out,0,https://cavaathleisure.com/products/black-snatched-set
https://cavaathleisure.com,8033842889020,Boston Black Cava Essential Sweatshirt,Women's Hoodies & Sweatshirts,CAVA athleisure,44091730690364,XS,TP536-Vamos-88-BostonBlack-XS,1199.00,True,Available,1,https://cavaathleisure.com/products/boston-black-cava-essential-sweatshirt-1
https://cavaathleisure.com,8033842889020,Boston Black Cava Essential Sweatshirt,Women's Hoodies & Sweatshirts,CAVA athleisure,44091730723132,S,TP536-Vamos-88-BostonBlack-S,1199.00,True,Available,1,https://cavaathleisure.com/products/boston-black-cava-essential-sweatshirt-1
https://cavaathleisure.com,8033842889020,Boston Black Cava Essential Sweatshirt,Women's Hoodies & Sweatshirts,CAVA athleisure,44091730755900,M,TP536-Vamos-88-BostonBlack-M,1199.00,True,Available,1,https://cavaathleisure.com/products/boston-black-cava-essential-sweatshirt-1
https://cavaathleisure.com,8033842889020,Boston Black Cava Essential Sweatshirt,Women's Hoodies & Sweatshirts,CAVA athleisure,44091730788668,L,TP536-Vamos-88-BostonBlack-L,1199.00,True,Available,1,https://cavaathleisure.com/products/boston-black-cava-essential-sweatshirt-1
https://cavaathleisure.com,8033842889020,Boston Black Cava Essential Sweatshirt,Women's Hoodies & Sweatshirts,CAVA athleisure,44091730821436,XL,TP536-Vamos-88-BostonBlack-XL,1199.00,True,Available,1,https://cavaathleisure.com/products/boston-black-cava-essential-sweatshirt-1
https://cavaathleisure.com,8033842889020,Boston Black Cava Essential Sweatshirt,Women's Hoodies & Sweatshirts,CAVA athleisure,44091730854204,XXL,TP536-Vamos-88-BostonBlack-XXL,1199.00,True,Available,1,https://cavaathleisure.com/products/boston-black-cava-essential-sweatshirt-1
https://cavaathleisure.com,7290851885250,Black Pinstripe Hoodie,Men's Hoodies & Sweatshirts,CAVA athleisure,46663160430908,XS,HD-sol-17-BLK-XS,1000.00,False,Sold Out,0,https://cavaathleisure.com/products/black-pinstripe-hoodie
https://cavaathleisure.com,7290851885250,Black Pinstripe Hoodie,Men's Hoodies & Sweatshirts,CAVA athleisure,41746406572226,S,HD-sol-17-BLK-S,1000.00,False,Sold Out,0,https://cavaathleisure.com/products/black-pinstripe-hoodie
https://cavaathleisure.com,7290851885250,Black Pinstripe Hoodie,Men's Hoodies & Sweatshirts,CAVA athleisure,41746406604994,M,HD-sol-17-BLK-M,1000.00,True,Available,1,https://cavaathleisure.com/products/black-pinstripe-hoodie
https://cavaathleisure.com,7290851885250,Black Pinstripe Hoodie,Men's Hoodies & Sweatshirts,CAVA athleisure,41746406637762,L,HD-sol-17-BLK-L,1000.00,True,Available,1,https://cavaathleisure.com/products/black-pinstripe-hoodie
https://cavaathleisure.com,7290851885250,Black Pinstripe Hoodie,Men's Hoodies & Sweatshirts,CAVA athleisure,41746406670530,XL,HD-sol-17-BLK-XL,1000.00,False,Sold Out,0,https://cavaathleisure.com/products/black-pinstripe-hoodie
https://cavaathleisure.com,7290851885250,Black Pinstripe Hoodie,Men's Hoodies & Sweatshirts,CAVA athleisure,41746406703298,XXL,HD-sol-17-BLK-XXL,1000.00,False,Sold Out,0,https://cavaathleisure.com/products/black-pinstripe-hoodie
https://cavaathleisure.com,7290852245698,Black Slim Fit Jogger,Women's Joggers,CAVA athleisure,46699854463292,XS,jgr-sol-20-BLK-XS,600.00,False,Sold Out,0,https://cavaathleisure.com/products/black-slim-fit-jogger
https://cavaathleisure.com,7290852245698,Black Slim Fit Jogger,Women's Joggers,CAVA athleisure,41746409455810,S,jgr-sol-20-BLK-S,600.00,False,Sold Out,0,https://cavaathleisure.com/products/black-slim-fit-jogger
https://cavaathleisure.com,7290852245698,Black Slim Fit Jogger,Women's Joggers,CAVA athleisure,41746409488578,M,jgr-sol-20-BLK-M,600.00,False,Sold Out,0,https://cavaathleisure.com/products/black-slim-fit-jogger
https://cavaathleisure.com,7290852245698,Black Slim Fit Jogger,Women's Joggers,CAVA athleisure,41746409521346,L,jgr-sol-20-BLK-L,600.00,False,Sold Out,0,https://cavaathleisure.com/products/black-slim-fit-jogger
https://cavaathleisure.com,7290852245698,Black Slim Fit Jogger,Women's Joggers,CAVA athleisure,41746409554114,XL,jgr-sol-20-BLK-XL,600.00,True,Available,1,https://cavaathleisure.com/products/black-slim-fit-jogger
https://cavaathleisure.com,7290852245698,Black Slim Fit Jogger,Women's Joggers,CAVA athleisure,41746409586882,XXL,jgr-sol-20-BLK-XXL,600.00,True,Available,1,https://cavaathleisure.com/products/black-slim-fit-jogger
https://cavaathleisure.com,7413576433858,Navy Ribbed Round Neck Tee,Men's T-shirts,CAVA athleisure,42075283226818,S,Tee-sol2.0-64-navy-S,473.00,False,Sold Out,0,https://cavaathleisure.com/products/navy-ribbed-round-neck-tee
https://cavaathleisure.com,7413576433858,Navy Ribbed Round Neck Tee,Men's T-shirts,CAVA athleisure,42075283259586,M,Tee-sol2.0-64-navy-M,473.00,True,Available,1,https://cavaathleisure.com/products/navy-ribbed-round-neck-tee
https://cavaathleisure.com,7413576433858,Navy Ribbed Round Neck Tee,Men's T-shirts,CAVA athleisure,42075283292354,L,Tee-sol2.0-64-navy-L,473.00,True,Available,1,https://cavaathleisure.com/products/navy-ribbed-round-neck-tee
https://cavaathleisure.com,7413576433858,Navy Ribbed Round Neck Tee,Men's T-shirts,CAVA athleisure,42075283325122,XL,Tee-sol2.0-64-navy-XL,473.00,True,Available,1,https://cavaathleisure.com/products/navy-ribbed-round-neck-tee
https://cavaathleisure.com,7413576433858,Navy Ribbed Round Neck Tee,Men's T-shirts,CAVA athleisure,42075283357890,XXL,Tee-sol2.0-64-navy-XXL,473.00,False,Sold Out,0,https://cavaathleisure.com/products/navy-ribbed-round-neck-tee
